Train           1      0.128       1.38          0       2.51
Val  168/272     273/273     0.977     0.117      1.23         0      2.32         2    0.0739      0.652      0.859      0.784      0.742       1.91
Train       0.941     0.0979       1.05          0       2.09
Val  169/272     273/273     0.909       0.1      1.03         0      2.04         2    0.0757      0.671      0.881      0.808      0.762       1.87
Train       0.955     0.0897       1.01          0       2.05
Val  170/272     273/273     0.936    0.0883     0.938         0      1.96         2    0.0886      0.699      0.885      0.811      0.781       1.82
Train        0.95     0.0904      0.965          0          2
Val  171/272     273/273     0.914    0.0942     0.978         0      1.99         2    0.0788      0.696      0.889      0.817      0.781       1.78
Train       0.932     0.0885      0.969          0       1.99
Val  172/272     273/273     0.902    0.0892     0.923         0      1.91         2    0.0709      0.643      0.883      0.781      0.744       1.78
Train       0.881     0.0841      0.931          0        1.9
Val  173/272     273/273     0.879    0.0847      0.93         0      1.89         2    0.0803      0.688      0.901      0.827       0.78       1.74
Train       0.883     0.0782      0.948          0       1.91
Val  174/272     273/273      0.89    0.0804     0.893         0      1.86         2    0.0722      0.696      0.901      0.831      0.785       1.71
Train       0.884     0.0831      0.926          0       1.89
Val  175/272     273/273     0.871    0.0827     0.926         0      1.88         2    0.0806      0.715      0.901      0.834      0.797       1.73
Train       0.888     0.0779      0.905          0       1.87
Val  176/272     273/273     0.893    0.0811     0.864         0      1.84         2    0.0711      0.704      0.898      0.831      0.789       1.69
Train       0.878      0.082      0.919          0       1.88
Val  177/272     273/273     0.866    0.0798     0.888         0      1.83         2    0.0703      0.721      0.898      0.836        0.8        1.7
Train       0.884     0.0848      0.977          0       1.95
Val  178/272     273/273     0.855    0.0804     0.924         0      1.86         2    0.0631      0.736      0.901      0.834       0.81       1.73
Train       0.883     0.0833       1.03          0          2
Val  179/272     273/273     0.864    0.0808     0.939         0      1.88         2     0.079       0.65      0.891      0.801      0.752        1.7
Train       0.905     0.0815       1.02          0       2.01
Val  180/272     273/273     0.884    0.0797     0.943         0      1.91         2    0.0712      0.712      0.895      0.829      0.793       1.69
Train       0.913      0.077       0.88          0       1.87
Val  181/272     273/273     0.883    0.0766     0.839         0       1.8         2    0.0689       0.72        0.9      0.837        0.8       1.68
Train       0.843     0.0751      0.921          0       1.84
Val  182/272     273/273     0.835    0.0759     0.877         0      1.79         2    0.0775      0.717      0.904      0.841      0.799       1.67
Train       0.881     0.0736      0.877          0       1.83
Val  183/272     273/273     0.879     0.072     0.833         0      1.78         2    0.0846      0.729      0.901      0.838      0.806       1.67
Train       0.899     0.0759      0.898          0       1.87
Val  184/272     273/273     0.883    0.0761     0.898         0      1.86         2    0.0711      0.708      0.897      0.826      0.792       1.68
Train       0.849     0.0785      0.923          0       1.85
Val  185/272     273/273     0.847    0.0756     0.901         0      1.82         2    0.0609      0.733      0.883       0.81      0.801       1.73
Train       0.873     0.0817       1.03          0       1.99
Val  186/272     273/273     0.858    0.0775     0.928         0      1.86         2    0.0686      0.716      0.904      0.837      0.799       1.68
Train       0.876     0.0762      0.905          0       1.86
Val  187/272     273/273     0.857    0.0771     0.903         0      1.84         2    0.0827      0.685      0.906      0.839       0.78       1.65
Train       0.861      0.073      0.923          0       1.86
Val  188/272     273/273     0.849    0.0743     0.913         0      1.84         2    0.0747      0.739      0.894      0.828      0.809       1.69
Train       0.856     0.0807      0.984          0       1.92
Val  189/272     273/273      0.85    0.0798     0.945         0      1.87         2    0.0663       0.72      0.889      0.809      0.796       1.72
Train       0.863     0.0785      0.978          0       1.92
Val  190/272     273/273      0.85    0.0759     0.907         0      1.83         2    0.0678      0.705      0.903      0.833      0.792       1.67
Train        0.82     0.0766      0.935          0       1.83
Val  191/272     273/273     0.822    0.0727     0.871         0      1.77         2    0.0771       0.71      0.895      0.825      0.792       1.67
Train       0.869      0.073      0.857          0        1.8
Val  192/272     273/273      0.85    0.0722     0.841         0      1.76         2    0.0744      0.707      0.901      0.832      0.792       1.63
Train       0.826     0.0733      0.912          0       1.81
Val  193/272     273/273     0.833    0.0747     0.885         0      1.79         2    0.0836      0.707      0.903      0.836      0.793       1.63
Train        0.88      0.076      0.944          0        1.9
Val  194/272     273/273     0.853    0.0757     0.932         0      1.86         2    0.0639      0.719      0.901      0.835        0.8       1.64
Train       0.844     0.0729       0.91          0       1.83
Val  195/272     273/273      0.84    0.0722     0.864         0      1.78         2    0.0792      0.714      0.901      0.829      0.797       1.63
Train       0.863     0.0677      0.878          0       1.81
Val  196/272     273/273     0.839    0.0702     0.878         0      1.79         2    0.0747      0.699       0.91       0.84      0.791       1.62
Train       0.854     0.0739      0.883          0       1.81
Val  197/272     273/273     0.852    0.0752     0.896         0      1.82         2    0.0706      0.698       0.91      0.843       0.79       1.62
Train       0.843     0.0714      0.881          0        1.8
Val  198/272     273/273     0.844    0.0728     0.853         0      1.77         2    0.0612       0.75      0.897      0.833      0.817       1.65
Train       0.843     0.0731      0.966          0       1.88
Val  199/272     273/273     0.826    0.0708     0.857         0      1.75         2     0.084      0.698       0.91      0.845       0.79       1.62
Train       0.848     0.0731      0.883          0        1.8
Val  200/272     273/273     0.819    0.0715     0.883         0      1.77         2    0.0764      0.716      0.905       0.84      0.799       1.65
Train        0.84     0.0717      0.844          0       1.76
Val  201/272     273/273     0.824    0.0702      0.83         0      1.72         2     0.067       0.71       0.91      0.846      0.798       1.61
Train       0.833      0.066      0.834          0       1.73
Val  202/272     273/273     0.827    0.0668     0.809         0       1.7         2    0.0695      0.736      0.903      0.844      0.811       1.66
Train       0.865     0.0694      0.827          0       1.76
Val  203/272     273/273     0.843    0.0678     0.799         0      1.71         2    0.0791      0.696      0.902      0.836      0.785       1.61
Train       0.844     0.0676      0.823          0       1.74
Val  204/272     273/273     0.829    0.0674      0.81         0      1.71         2    0.0695      0.714      0.904      0.837      0.798       1.59
Train       0.812     0.0733      0.942          0       1.83
Val  205/272     273/273     0.806    0.0701     0.869         0      1.74         2    0.0822      0.719      0.907      0.847      0.802       1.62
Train       0.821     0.0688      0.896          0       1.79
Val  206/272     273/273     0.816    0.0687     0.855         0      1.74         2    0.0657      0.717      0.907      0.842      0.801       1.61
Train       0.823      0.075      0.943          0       1.84
Val  207/272     273/273     0.821    0.0691      0.89         0      1.78         2    0.0646       0.71      0.901      0.825      0.794       1.67
Train       0.835     0.0787      0.932          0       1.85
Val  208/272     273/273     0.824    0.0745     0.897         0       1.8         2    0.0778      0.714      0.908      0.844      0.799       1.61
Train       0.811     0.0684      0.863          0       1.74
Val  209/272     273/273     0.827    0.0665     0.815         0      1.71         2      0.08      0.705      0.916      0.849      0.796        1.6
Train       0.856     0.0696      0.924          0       1.85
Val  210/272     273/273     0.805    0.0679     0.884         0      1.76         2    0.0716      0.718      0.907      0.839      0.802       1.62
Train       0.819     0.0662      0.852          0       1.74
Val  211/272     273/273     0.814    0.0663     0.828         0      1.71         2    0.0686      0.699      0.908      0.835       0.79        1.6
Train       0.815      0.064      0.843          0       1.72
Val  212/272     273/273     0.837    0.0671     0.837         0      1.74         2    0.0781      0.705      0.901      0.828      0.791       1.64
Train       0.844     0.0711      0.986          0        1.9
Val  213/272     273/273     0.834    0.0718     0.944         0      1.85         2     0.082      0.688      0.913      0.845      0.785       1.59
Train       0.817     0.0652      0.838          0       1.72
Val  214/272     273/273     0.812    0.0651     0.824         0       1.7         2    0.0606      0.751      0.885      0.814      0.813       1.71
Train       0.826     0.0722       0.96          0       1.86
Val  215/272     273/273     0.819    0.0692     0.854         0      1.74         2    0.0696      0.706       0.91      0.846      0.795       1.58
Train       0.853      0.069      0.883          0       1.81
Val  216/272     273/273     0.808    0.0688     0.861         0      1.74         2    0.0729      0.752      0.907      0.848      0.822       1.66
Train        0.82     0.0694      0.931          0       1.82
Val  217/272     273/273     0.811    0.0701      0.94         0      1.82         2    0.0798      0.726      0.908       0.85      0.807       1.63
Train       0.798      0.069      0.895          0       1.76
Val  218/272     273/273     0.799     0.067     0.865         0      1.73         2    0.0686       0.72      0.907      0.843      0.803       1.62
Train       0.796     0.0691      0.868          0       1.73
Val  219/272     273/273     0.783     0.067     0.835         0      1.69         2    0.0721      0.736      0.907      0.846      0.813       1.63
Train       0.856     0.0659      0.832          0       1.75
Val  220/272     273/273     0.827    0.0647     0.834         0      1.73         2    0.0708      0.723      0.903      0.838      0.803       1.64
Train       0.796     0.0656      0.852          0       1.71
Val  221/272     273/273       0.8    0.0647     0.826         0      1.69         2    0.0742      0.722      0.914      0.852      0.807       1.59
Train       0.831     0.0657      0.838          0       1.73
Val  222/272     273/273     0.813    0.0654     0.823         0       1.7         2    0.0734      0.751      0.907      0.848      0.822       1.63
Train       0.818     0.0659      0.889          0       1.77
Val  223/272     273/273     0.823     0.065     0.861         0      1.75         2    0.0764      0.724      0.914      0.851      0.808        1.6
Train       0.804     0.0646      0.828          0        1.7
Val  224/272     273/273     0.803    0.0653     0.841         0      1.71         2    0.0711      0.729      0.906      0.841      0.808       1.61
Train       0.818     0.0661      0.889          0       1.77
Val  225/272     273/273     0.796    0.0677     0.923         0      1.79         2    0.0677      0.751      0.895       0.83      0.817       1.66
Train       0.827     0.0662      0.882          0       1.78
Val  226/272     273/273     0.824    0.0653     0.848         0      1.74         2    0.0649      0.743      0.907      0.845      0.817        1.6
Train         0.8     0.0714      0.981          0       1.85
Val  227/272     273/273     0.812    0.0671     0.851         0      1.73         2    0.0727      0.712      0.917      0.853      0.801       1.59
Train       0.845     0.0707      0.901          0       1.82
Val  228/272     273/273     0.823    0.0678     0.855         0      1.75         2    0.0647      0.727      0.911      0.845      0.809       1.59
Train       0.823     0.0716       1.04          0       1.93
Val  229/272     273/273     0.815    0.0682     0.918         0       1.8         2    0.0678      0.711      0.913      0.849        0.8       1.59
Train       0.832     0.0654      0.901          0        1.8
Val  230/272     273/273     0.799    0.0648     0.853         0      1.72         2    0.0801      0.697      0.917      0.846      0.792       1.58
Train       0.791     0.0629      0.872          0       1.73
Val  231/272     273/273     0.791    0.0636     0.871         0      1.73         2     0.065      0.726      0.906      0.839      0.806       1.61
Train       0.792     0.0646      0.982          0       1.84
Val  232/272     273/273      0.79     0.065     0.926         0      1.78         2    0.0739      0.716      0.913      0.848      0.802        1.6
Train       0.836     0.0672      0.879          0       1.78
Val  233/272     273/273     0.812    0.0663     0.879         0      1.76         2    0.0606      0.742      0.903      0.839      0.815       1.62
Train       0.807     0.0702       1.02          0       1.89
Val  234/272     273/273     0.804    0.0662     0.908         0      1.78         2      0.07      0.714      0.911      0.846      0.801       1.59
Train       0.811     0.0628       0.88          0       1.75
Val  235/272     273/273     0.814    0.0627     0.853         0      1.73         2    0.0791      0.696      0.918      0.851      0.792       1.57
Train       0.833     0.0621      0.788          0       1.68
Val  236/272     273/273     0.806    0.0629     0.799         0      1.67         2    0.0692       0.73      0.904      0.842      0.808       1.63
Train       0.795     0.0619      0.835          0       1.69
Val  237/272     273/273     0.798    0.0623     0.821         0      1.68         2    0.0679      0.719      0.913      0.848      0.804        1.6
Train       0.785     0.0626      0.839          0       1.69
Val  238/272     273/273     0.788    0.0633     0.825         0      1.68         2    0.0732      0.726      0.917      0.852      0.811       1.59
Train       0.794     0.0623      0.824          0       1.68
Val  239/272     273/273     0.779    0.0625     0.828         0      1.67         2    0.0806       0.72      0.914       0.85      0.806       1.59
Train       0.833     0.0631      0.851          0       1.75
Val  240/272     273/273     0.797    0.0633     0.838         0       1.7         2    0.0718      0.721      0.913      0.851      0.806       1.59
Train       0.837     0.0628      0.862          0       1.76
Val  241/272     273/273     0.817    0.0638     0.842         0      1.72         2    0.0642      0.756      0.896      0.838       0.82       1.64
Train       0.836     0.0702      0.917          0       1.82
Val  242/272     273/273     0.819    0.0667      0.87         0      1.76         2    0.0891      0.707      0.914      0.851      0.797       1.59
Train       0.832     0.0695      0.911          0       1.81
Val  243/272     273/273     0.814    0.0671     0.868         0      1.75         2    0.0694       0.72      0.917      0.856      0.807       1.58
Train       0.815     0.0617       0.82          0        1.7
Val  244/272     273/273     0.804    0.0625     0.833         0       1.7         2    0.0674      0.721      0.914      0.852      0.806        1.6
Train       0.814     0.0711      0.888          0       1.77
Val  245/272     273/273     0.804    0.0707     0.885         0      1.76         2    0.0681      0.723      0.916      0.851      0.808       1.59
Train       0.812     0.0644      0.877          0       1.75
Val  246/272     273/273     0.804    0.0614     0.808         0      1.67         2    0.0657      0.724      0.911       0.85      0.807        1.6
Train       0.854      0.065      0.812          0       1.73
Val  247/272     273/273     0.828    0.0646     0.822         0      1.71         2    0.0686      0.738      0.906      0.848      0.813       1.62
Train       0.784     0.0656       0.91          0       1.76
Val  248/272     273/273     0.781    0.0642     0.851         0       1.7         2    0.0638      0.734      0.912      0.848      0.813        1.6
Train       0.828     0.0663      0.848          0       1.74
Val  249/272     273/273      0.82    0.0622     0.792         0      1.67         2    0.0691      0.732      0.912       0.85      0.812        1.6
Train       0.798     0.0664      0.904          0       1.77
Val  250/272     273/273     0.817    0.0665     0.854         0      1.74         2    0.0609      0.742      0.908      0.849      0.817       1.61
Train       0.806     0.0671      0.953          0       1.83
Val  251/272     273/273     0.822     0.066     0.878         0      1.77         2    0.0789      0.708      0.917      0.855      0.799       1.58
Train       0.822     0.0641      0.852          0       1.74
Val  252/272     273/273     0.798    0.0651     0.862         0      1.73         2      0.07      0.726      0.904      0.843      0.805       1.62
Train       0.796     0.0645      0.866          0       1.73
Val  253/272     273/273     0.791    0.0646     0.856         0      1.71         2    0.0694      0.716      0.914      0.847      0.803       1.58
Train       0.803     0.0643      0.818          0       1.68
Val  254/272     273/273     0.814    0.0631     0.789         0      1.67         2    0.0711      0.706      0.919      0.855      0.799       1.58
Train       0.802     0.0662      0.864          0       1.73
Val  255/272     273/273     0.805    0.0671     0.839         0      1.71         2    0.0639      0.727      0.913      0.851       0.81       1.59
Train       0.793     0.0686      0.909          0       1.77
Val  256/272     273/273     0.799     0.066     0.851         0      1.72         2    0.0635      0.753      0.897      0.836      0.818       1.63
Train       0.792      0.066      0.915          0       1.77
Val  257/272     273/273     0.787    0.0647     0.864         0      1.72         2    0.0693       0.75      0.897      0.835      0.817       1.65
Train       0.804     0.0657      0.928          0        1.8
Val  258/272     273/273     0.814    0.0648     0.853         0      1.73         2    0.0706      0.735      0.909      0.848      0.813       1.61
Train       0.808     0.0624      0.861          0       1.73
Val  259/272     273/273     0.813    0.0626     0.828         0       1.7         2    0.0839      0.693       0.92      0.853      0.791       1.57
Train       0.816     0.0652      0.884          0       1.77
Val  260/272     273/273     0.794    0.0655     0.862         0      1.72         2    0.0795      0.708      0.919      0.853        0.8       1.57
Train       0.834     0.0633      0.788          0       1.69
Val  261/272     273/273     0.814    0.0639     0.781         0      1.66         2    0.0726      0.713      0.911      0.849        0.8       1.59
Train       0.812     0.0632      0.857          0       1.73
Val  262/272     273/273     0.803    0.0647      0.88         0      1.75         2    0.0646      0.762      0.882      0.819      0.818       1.68
Train       0.831     0.0687      0.969          0       1.87
Val  263/272     273/273     0.824     0.065      0.86         0      1.75         2    0.0794      0.705       0.92      0.853      0.798       1.58
Train       0.781     0.0628      0.827          0       1.67
Val  264/272     273/273     0.777    0.0626      0.82         0      1.66         2    0.0724      0.736       0.91      0.848      0.814       1.61
Train        0.81     0.0628      0.842          0       1.71
Val  265/272     273/273     0.813    0.0635     0.852         0      1.73         2    0.0693      0.726      0.911      0.849      0.808        1.6
Train        0.81     0.0679      0.934          0       1.81
Val  266/272     273/273     0.792    0.0669     0.877         0      1.74         2    0.0676      0.714      0.917      0.853      0.803       1.59
Train       0.784     0.0629       0.83          0       1.68
Val  267/272     273/273      0.79    0.0644     0.838         0      1.69         2    0.0608      0.747      0.906      0.846      0.819       1.63
Train       0.806     0.0683      0.937          0       1.81
Val  268/272     273/273     0.802    0.0663     0.854         0      1.72         2     0.073       0.71      0.916       0.85        0.8       1.59
Train       0.802     0.0665      0.886          0       1.76
Val  269/272     273/273      0.79    0.0658     0.859         0      1.71         2    0.0726      0.731      0.904       0.84      0.808       1.62
Train       0.798     0.0687      0.915          0       1.78
Val  270/272     273/273     0.798    0.0658      0.85         0      1.71         2    0.0794      0.719      0.911      0.848      0.804       1.59
Train       0.822     0.0626      0.871          0       1.76
Val  271/272     273/273     0.786    0.0622     0.832         0      1.68         2    0.0697      0.744      0.906      0.849      0.817       1.62
Train       0.827     0.0602      0.819          0       1.71
Val  272/272     273/273     0.817    0.0615     0.805         0      1.68         2    0.0707      0.721      0.908      0.846      0.804        1.6
