Train       0.997      0.129       1.37    0.00433        2.5
Val  158/272     273/273     0.973     0.117      1.22   0.00395      2.31         2    0.0682      0.428      0.914      0.838      0.583       1.89
Train       0.939     0.0977       1.04    0.00231       2.08
Val  159/272     273/273     0.909     0.101      1.02   0.00271      2.04         2    0.0673      0.464      0.921      0.853      0.617       1.87
Train       0.953     0.0891          1    0.00269       2.05
Val  160/272     273/273     0.935    0.0875     0.934   0.00293      1.96         2     0.086      0.501      0.923      0.851       0.65       1.82
Train       0.948     0.0906      0.962    0.00197          2
Val  161/272     273/273     0.913    0.0943     0.976   0.00213      1.99         2    0.0769      0.505      0.932      0.863      0.655       1.78
Train       0.932     0.0882      0.967    0.00177       1.99
Val  162/272     273/273     0.901    0.0886     0.922   0.00196      1.91         2    0.0741      0.463      0.923      0.817      0.616       1.78
Train       0.881     0.0838       0.93    0.00265        1.9
Val  163/272     273/273     0.878     0.084     0.929   0.00244      1.89         2    0.0775      0.496      0.934       0.86      0.648       1.74
Train       0.883     0.0787       0.95    0.00175       1.91
Val  164/272     273/273     0.892    0.0806     0.893     0.002      1.87         2    0.0713      0.502      0.933       0.86      0.653       1.71
Train       0.878     0.0826      0.924      0.002       1.89
Val  165/272     273/273     0.867    0.0823     0.925   0.00196      1.88         2    0.0804      0.533      0.935       0.87      0.679       1.73
Train       0.893     0.0769      0.903    0.00198       1.87
Val  166/272     273/273       0.9    0.0806     0.864   0.00229      1.85         2    0.0721      0.519      0.931      0.864      0.666       1.69
Train       0.875     0.0822      0.917    0.00136       1.88
Val  167/272     273/273     0.865    0.0796     0.887   0.00138      1.83         2    0.0692      0.535      0.937      0.874      0.681        1.7
Train        0.88     0.0846      0.977    0.00156       1.94
Val  168/272     273/273     0.854    0.0801     0.924   0.00159      1.86         2    0.0685      0.558      0.932      0.866      0.698       1.73
Train       0.882     0.0825       1.03    0.00319          2
Val  169/272     273/273     0.862    0.0803     0.939    0.0026      1.88         2    0.0807      0.479      0.938       0.84      0.634        1.7
Train       0.911     0.0816       1.02    0.00151       2.02
Val  170/272     273/273     0.888    0.0794     0.942   0.00151      1.91         2    0.0736      0.538      0.937      0.866      0.684       1.69
Train       0.913     0.0761      0.881    0.00233       1.87
Val  171/272     273/273     0.882    0.0758     0.839   0.00214       1.8         2     0.067      0.542      0.935      0.868      0.686       1.68
Train       0.843     0.0749      0.921    0.00195       1.84
Val  172/272     273/273     0.835    0.0758     0.878   0.00167      1.79         2    0.0782      0.546      0.938      0.874       0.69       1.68
Train       0.882     0.0732      0.876    0.00168       1.83
Val  173/272     273/273     0.878    0.0717     0.833   0.00152      1.78         2    0.0817      0.554      0.935       0.87      0.696       1.67
Train       0.902     0.0755      0.897    0.00175       1.88
Val  174/272     273/273     0.884    0.0759     0.897   0.00167      1.86         2    0.0693      0.534      0.937      0.858       0.68       1.68
Train       0.849     0.0783      0.923    0.00198       1.85
Val  175/272     273/273     0.848    0.0756     0.902   0.00177      1.83         2    0.0606      0.565      0.927      0.855      0.702       1.73
Train       0.872     0.0814       1.03    0.00135       1.99
Val  176/272     273/273     0.858    0.0774     0.928   0.00138      1.86         2    0.0748      0.541       0.94      0.871      0.687       1.69
Train        0.88     0.0753      0.903    0.00306       1.86
Val  177/272     273/273     0.859    0.0763       0.9   0.00295      1.84         2    0.0872      0.525      0.939      0.874      0.674       1.66
Train        0.86     0.0726      0.921    0.00215       1.86
Val  178/272     273/273      0.85    0.0741     0.912   0.00184      1.84         2    0.0684      0.563      0.933      0.865      0.702       1.69
Train       0.858     0.0804      0.983    0.00123       1.92
Val  179/272     273/273      0.85    0.0795     0.945   0.00113      1.88         2    0.0657      0.558      0.929      0.851      0.697       1.72
Train       0.865      0.078      0.977    0.00118       1.92
Val  180/272     273/273      0.85    0.0759     0.907   0.00129      1.83         2    0.0629      0.541      0.935      0.861      0.686       1.68
Train       0.826     0.0766      0.935    0.00148       1.84
Val  181/272     273/273     0.829    0.0726     0.872   0.00128      1.77         2    0.0793      0.541       0.94      0.868      0.687       1.67
Train       0.863     0.0733      0.857    0.00131       1.79
Val  182/272     273/273     0.847    0.0726     0.841   0.00129      1.76         2    0.0642      0.541      0.937      0.868      0.686       1.64
Train       0.827     0.0725      0.911     0.0012       1.81
Val  183/272     273/273     0.835    0.0738     0.884   0.00124      1.79         2    0.0846      0.541       0.94      0.873      0.687       1.64
Train       0.878     0.0762      0.942    0.00117        1.9
Val  184/272     273/273     0.852    0.0756      0.93   0.00137      1.86         2    0.0634      0.551      0.935      0.867      0.693       1.65
Train       0.845     0.0724      0.909    0.00146       1.83
Val  185/272     273/273     0.842    0.0719     0.863    0.0014      1.78         2    0.0799      0.549      0.937      0.865      0.692       1.63
Train       0.866     0.0677      0.877    0.00117       1.81
Val  186/272     273/273     0.842      0.07     0.878   0.00134      1.79         2    0.0721      0.541       0.94      0.868      0.687       1.63
Train       0.854     0.0741       0.88    0.00161       1.81
Val  187/272     273/273     0.852    0.0753     0.895   0.00134      1.82         2    0.0747      0.543      0.942      0.872      0.689       1.62
Train       0.841     0.0717       0.88    0.00119       1.79
Val  188/272     273/273     0.841    0.0729     0.852   0.00122      1.77         2    0.0605       0.59      0.935      0.871      0.724       1.65
Train       0.842     0.0733      0.967    0.00101       1.88
Val  189/272     273/273     0.825    0.0706     0.857     0.001      1.75         2    0.0878      0.542      0.939      0.874      0.687       1.63
Train       0.856     0.0731      0.882    0.00182       1.81
Val  190/272     273/273     0.822    0.0714     0.881   0.00153      1.78         2    0.0794      0.553      0.938      0.868      0.696       1.65
Train       0.844     0.0712      0.843    0.00148       1.76
Val  191/272     273/273     0.825    0.0698     0.831   0.00135      1.73         2    0.0698      0.552      0.939      0.875      0.696       1.61
Train       0.834     0.0658      0.834    0.00135       1.74
Val  192/272     273/273     0.828    0.0666     0.809   0.00144      1.71         2    0.0709       0.57      0.937      0.873      0.709       1.65
Train       0.864     0.0687      0.827     0.0014       1.76
Val  193/272     273/273     0.844    0.0672     0.798   0.00113      1.71         2    0.0812      0.534      0.936      0.864       0.68       1.62
Train       0.845     0.0676      0.822    0.00131       1.74
Val  194/272     273/273      0.83    0.0676     0.809   0.00133      1.71         2    0.0679      0.566      0.936      0.868      0.705        1.6
Train       0.816     0.0739       0.94    0.00112       1.83
Val  195/272     273/273      0.81    0.0703     0.867   0.00109      1.75         2    0.0896      0.565      0.939      0.879      0.706       1.63
Train       0.824      0.069      0.895    0.00134       1.79
Val  196/272     273/273     0.817    0.0686     0.855   0.00131      1.74         2    0.0645      0.561      0.941      0.873      0.703       1.62
Train       0.829     0.0751      0.941   0.000819       1.85
Val  197/272     273/273     0.825    0.0693     0.889  0.000775      1.78         2    0.0638      0.548      0.938      0.858      0.692       1.67
Train       0.834     0.0785      0.933     0.0015       1.85
Val  198/272     273/273     0.825    0.0742     0.897   0.00185       1.8         2     0.077      0.558       0.94      0.875        0.7       1.62
Train       0.809     0.0685      0.862   0.000844       1.74
Val  199/272     273/273     0.825    0.0665     0.814  0.000843      1.71         2    0.0845      0.544      0.939      0.869      0.689        1.6
Train       0.853     0.0686      0.924   0.000988       1.85
Val  200/272     273/273     0.806    0.0673     0.884  0.000964      1.76         2     0.071      0.556       0.94      0.871      0.699       1.62
Train       0.826     0.0661      0.854    0.00128       1.75
Val  201/272     273/273     0.819    0.0663     0.828   0.00144      1.71         2    0.0628       0.55      0.938      0.862      0.693        1.6
Train       0.814     0.0637      0.844    0.00119       1.72
Val  202/272     273/273     0.839    0.0669     0.838   0.00107      1.75         2    0.0764      0.555      0.939      0.862      0.698       1.64
Train       0.847     0.0708      0.987    0.00132       1.91
Val  203/272     273/273      0.84    0.0714     0.945   0.00121      1.86         2    0.0819      0.532      0.943      0.874       0.68       1.59
Train       0.822     0.0659      0.837   0.000922       1.73
Val  204/272     273/273     0.815    0.0653     0.824  0.000838      1.71         2    0.0609      0.601       0.93      0.861       0.73        1.7
Train       0.826     0.0721      0.959    0.00109       1.86
Val  205/272     273/273     0.819    0.0689     0.854  0.000976      1.74         2    0.0756      0.556      0.939      0.873      0.698       1.59
Train       0.858     0.0688      0.883    0.00108       1.81
Val  206/272     273/273      0.81    0.0687     0.861   0.00113      1.74         2    0.0674      0.604      0.938      0.878      0.735       1.66
Train        0.82     0.0697      0.931    0.00144       1.82
Val  207/272     273/273     0.812    0.0706     0.941   0.00158      1.82         2    0.0807      0.572      0.938      0.878      0.711       1.63
Train       0.805     0.0707      0.896    0.00162       1.77
Val  208/272     273/273     0.808    0.0688     0.865   0.00119      1.74         2      0.07       0.58      0.938      0.874      0.717       1.62
Train       0.808     0.0712      0.868      0.001       1.75
Val  209/272     273/273     0.791    0.0692     0.835  0.000889       1.7         2    0.0651      0.591      0.938      0.873      0.725       1.63
Train        0.86     0.0675      0.828    0.00101       1.76
Val  210/272     273/273     0.833    0.0663     0.831   0.00101      1.73         2    0.0669      0.574      0.934      0.867      0.711       1.65
Train        0.81     0.0662      0.851   0.000854       1.73
Val  211/272     273/273     0.812    0.0655     0.824  0.000875       1.7         2    0.0764      0.554      0.939      0.867      0.697        1.6
Train       0.841     0.0664      0.831   0.000847       1.74
Val  212/272     273/273     0.821    0.0666     0.818  0.000736      1.71         2    0.0637      0.601      0.932      0.872      0.731       1.63
Train       0.828     0.0673      0.887    0.00122       1.78
Val  213/272     273/273     0.836    0.0662     0.859   0.00117      1.76         2    0.0629      0.568       0.94      0.876      0.708        1.6
Train       0.807     0.0653      0.823    0.00179        1.7
Val  214/272     273/273     0.808    0.0662     0.836   0.00124      1.71         2    0.0728      0.567      0.938      0.868      0.707       1.62
Train       0.823     0.0681      0.887   0.000922       1.78
Val  215/272     273/273     0.801      0.07      0.92   0.00106      1.79         2    0.0674      0.571      0.932      0.858      0.708       1.66
Train       0.831     0.0671      0.877   0.000827       1.78
Val  216/272     273/273     0.826    0.0666     0.844  0.000848      1.74         2    0.0621      0.599      0.937      0.871      0.731       1.61
Train       0.801     0.0722      0.975    0.00107       1.85
Val  217/272     273/273     0.815    0.0684     0.846   0.00117      1.73         2    0.0718      0.573      0.935      0.871       0.71       1.59
Train       0.848     0.0704      0.897    0.00104       1.82
Val  218/272     273/273     0.822    0.0671     0.849  0.000957      1.74         2    0.0604      0.576      0.935       0.87      0.713       1.59
Train       0.818     0.0707       1.03    0.00109       1.92
Val  219/272     273/273     0.812    0.0667     0.912   0.00144      1.79         2    0.0733      0.566      0.936      0.872      0.705       1.59
Train       0.828     0.0646      0.893    0.00112       1.79
Val  220/272     273/273     0.793    0.0637     0.847   0.00107       1.7         2    0.0813      0.538      0.937      0.863      0.684       1.57
Train       0.784     0.0628      0.864    0.00126       1.71
Val  221/272     273/273     0.786    0.0631     0.864   0.00118      1.71         2    0.0598      0.576      0.936      0.867      0.713       1.61
Train       0.785     0.0634      0.974   0.000874       1.82
Val  222/272     273/273     0.785    0.0641     0.919  0.000814      1.77         2    0.0657      0.563      0.937      0.868      0.703        1.6
Train        0.83     0.0663      0.869    0.00179       1.77
Val  223/272     273/273     0.809    0.0655      0.87   0.00197      1.75         2    0.0599      0.595      0.934       0.87      0.727       1.61
Train       0.799     0.0694       1.01     0.0011       1.88
Val  224/272     273/273       0.8    0.0655     0.901   0.00121      1.77         2    0.0677      0.561      0.938       0.87      0.702       1.59
Train       0.811     0.0614      0.874    0.00159       1.75
Val  225/272     273/273     0.814    0.0613     0.846   0.00133      1.72         2    0.0855      0.537      0.938      0.871      0.683       1.57
Train       0.834     0.0615      0.781   0.000962       1.68
Val  226/272     273/273     0.803    0.0621     0.792   0.00105      1.66         2    0.0637      0.577      0.937      0.873      0.714       1.62
Train       0.792     0.0607      0.829   0.000803       1.68
Val  227/272     273/273     0.795    0.0613     0.815  0.000794      1.67         2    0.0686      0.563      0.935      0.869      0.703       1.59
Train       0.785     0.0615      0.834    0.00106       1.68
Val  228/272     273/273     0.781    0.0622     0.819   0.00115      1.66         2    0.0674      0.566      0.936      0.869      0.706       1.59
Train       0.787     0.0614      0.819   0.000933       1.67
Val  229/272     273/273     0.776    0.0616     0.821  0.000804      1.66         2    0.0804      0.557       0.94      0.872      0.699       1.58
Train       0.825     0.0622      0.842   0.000877       1.73
Val  230/272     273/273     0.792    0.0625     0.831   0.00106      1.69         2    0.0729       0.57       0.94      0.877      0.709       1.58
Train       0.825     0.0613      0.854   0.000974       1.74
Val  231/272     273/273     0.809    0.0626     0.834  0.000867      1.71         2    0.0638      0.613      0.934      0.876       0.74       1.63
Train        0.83      0.069      0.909    0.00111       1.81
Val  232/272     273/273     0.814    0.0656     0.863   0.00105      1.74         2    0.0846      0.552      0.941      0.874      0.696       1.58
Train       0.836     0.0689      0.903    0.00097       1.81
Val  233/272     273/273     0.816    0.0659      0.86  0.000902      1.74         2    0.0716      0.569       0.94      0.877      0.709       1.58
Train       0.809     0.0602      0.813   0.000876       1.68
Val  234/272     273/273     0.797    0.0614     0.826  0.000996      1.69         2    0.0691      0.568      0.938      0.875      0.708       1.59
Train       0.812     0.0691      0.881    0.00114       1.76
Val  235/272     273/273     0.801    0.0689     0.878   0.00104      1.75         2    0.0677      0.566      0.937       0.87      0.706       1.59
Train       0.808     0.0631       0.87    0.00106       1.74
Val  236/272     273/273     0.799    0.0604     0.802   0.00122      1.66         2    0.0685      0.576      0.938      0.875      0.714       1.59
Train       0.844     0.0636      0.805   0.000752       1.71
Val  237/272     273/273      0.82    0.0634     0.814   0.00073       1.7         2    0.0661      0.595      0.938      0.876      0.728       1.61
Train       0.782     0.0649      0.902   0.000792       1.75
Val  238/272     273/273     0.779    0.0634     0.843  0.000714      1.69         2    0.0629      0.593      0.936      0.874      0.726       1.59
Train       0.825     0.0654       0.84    0.00133       1.73
Val  239/272     273/273     0.816    0.0611     0.785   0.00109      1.66         2    0.0639      0.582      0.935      0.872      0.718       1.58
Train       0.794     0.0649      0.895   0.000667       1.75
Val  240/272     273/273     0.814    0.0652     0.847   0.00075      1.73         2    0.0601      0.596      0.936      0.875      0.729       1.59
Train       0.803     0.0662      0.946   0.000886       1.82
Val  241/272     273/273      0.82    0.0648      0.87  0.000931      1.76         2    0.0853      0.557      0.943      0.881        0.7       1.57
Train       0.811     0.0627      0.844    0.00107       1.72
Val  242/272     273/273     0.792    0.0639     0.853   0.00108      1.71         2    0.0668      0.572      0.937      0.871      0.711       1.61
Train       0.793     0.0629      0.857   0.000771       1.71
Val  243/272     273/273     0.785    0.0634     0.848  0.000763       1.7         2    0.0676      0.554      0.937       0.87      0.697       1.57
Train       0.792     0.0625       0.81   0.000863       1.67
Val  244/272     273/273     0.807    0.0617     0.781  0.000877      1.65         2    0.0725       0.56      0.941      0.878      0.702       1.57
Train       0.799     0.0653      0.856   0.000816       1.72
Val  245/272     273/273     0.804    0.0659     0.832  0.000798       1.7         2    0.0672      0.578      0.937      0.874      0.715       1.58
Train       0.789     0.0678      0.902   0.000917       1.76
Val  246/272     273/273     0.795    0.0652     0.844  0.000734       1.7         2    0.0683      0.595      0.935      0.868      0.727       1.62
Train       0.786     0.0643      0.904     0.0009       1.75
Val  247/272     273/273      0.78    0.0632     0.854  0.000954       1.7         2    0.0698      0.596      0.935      0.875      0.728       1.63
Train       0.797     0.0644      0.919    0.00117       1.78
Val  248/272     273/273     0.808    0.0638     0.845     0.001      1.72         2    0.0721      0.579      0.936      0.873      0.716        1.6
Train       0.805     0.0615      0.854   0.000789       1.72
Val  249/272     273/273     0.808    0.0613     0.821  0.000815      1.69         2     0.085      0.538       0.94      0.873      0.684       1.56
Train       0.812     0.0639      0.877    0.00107       1.75
Val  250/272     273/273     0.789    0.0642     0.855   0.00103      1.71         2    0.0851       0.55      0.939      0.874      0.694       1.56
Train       0.829     0.0628      0.781   0.000673       1.67
Val  251/272     273/273     0.808    0.0631     0.774  0.000711      1.65         2    0.0699      0.561      0.937      0.871      0.702       1.58
Train       0.809     0.0622      0.849   0.000613       1.72
Val  252/272     273/273       0.8    0.0635     0.872  0.000727      1.74         2    0.0598      0.621       0.93      0.866      0.744       1.66
Train       0.824     0.0674       0.96    0.00134       1.85
Val  253/272     273/273     0.818     0.064     0.853   0.00104      1.74         2    0.0768      0.545      0.938      0.871      0.689       1.57
Train       0.776     0.0614      0.819   0.000824       1.66
Val  254/272     273/273     0.772    0.0613     0.812  0.000913      1.65         2     0.074      0.572      0.939      0.875      0.711       1.59
Train        0.81     0.0617      0.836   0.000704       1.71
Val  255/272     273/273      0.81    0.0628     0.846  0.000688      1.72         2    0.0653      0.571      0.936      0.873      0.709       1.59
Train         0.8     0.0672      0.926    0.00114       1.79
Val  256/272     273/273     0.783    0.0659     0.869   0.00107      1.72         2    0.0692      0.554      0.937       0.87      0.696       1.58
Train       0.775      0.061      0.824   0.000782       1.66
Val  257/272     273/273     0.783    0.0626     0.831   0.00072      1.68         2    0.0663      0.593      0.935      0.874      0.726       1.62
Train         0.8     0.0674       0.93    0.00136        1.8
Val  258/272     273/273     0.795    0.0651     0.847   0.00114      1.71         2    0.0705      0.554       0.94      0.873      0.697       1.58
Train       0.795     0.0654      0.879   0.000991       1.74
Val  259/272     273/273     0.785    0.0644     0.852   0.00113       1.7         2    0.0634      0.576      0.937      0.872      0.713       1.61
Train       0.797      0.067      0.907   0.000987       1.77
Val  260/272     273/273     0.795    0.0642     0.843   0.00104       1.7         2    0.0802      0.562      0.938      0.873      0.703       1.58
Train       0.817     0.0616      0.863   0.000756       1.74
Val  261/272     273/273     0.781     0.061     0.825  0.000679      1.67         2    0.0691      0.587      0.937      0.876      0.722       1.61
Train       0.817     0.0587       0.81    0.00101       1.69
Val  262/272     273/273     0.808    0.0601     0.796   0.00117      1.67         2    0.0689      0.574      0.937      0.874      0.712       1.59
Train       0.777     0.0582      0.792    0.00123       1.63
Val  263/272     273/273     0.794      0.06     0.782   0.00137      1.64         2     0.079      0.541      0.937       0.87      0.685       1.57
Train       0.804     0.0624      0.873   0.000932       1.74
Val  264/272     273/273     0.775     0.063     0.874  0.000939      1.71         2    0.0666      0.567      0.939      0.875      0.707       1.58
Train       0.787     0.0648      0.877   0.000938       1.73
Val  265/272     273/273     0.789    0.0625     0.836  0.000842      1.69         2    0.0669       0.58      0.935      0.872      0.716        1.6
Train       0.804     0.0613      0.808   0.000874       1.67
Val  266/272     273/273     0.814     0.063     0.818  0.000811       1.7         2    0.0692      0.572      0.938      0.875       0.71       1.57
Train       0.809     0.0627      0.814    0.00101       1.69
Val  267/272     273/273      0.77    0.0633     0.818   0.00126      1.65         2    0.0678      0.578      0.935      0.873      0.715        1.6
Train       0.795     0.0607      0.829    0.00118       1.68
Val  268/272     273/273     0.804    0.0614     0.819   0.00118      1.69         2    0.0633      0.577       0.94      0.879      0.715       1.57
Train       0.809       0.07      0.964   0.000754       1.84
Val  269/272     273/273     0.801    0.0654     0.894  0.000776      1.76         2    0.0799      0.572      0.936      0.872       0.71        1.6
Train       0.777     0.0606       0.83    0.00122       1.67
Val  270/272     273/273     0.764    0.0586     0.795   0.00133      1.62         2    0.0679      0.592      0.937      0.876      0.726        1.6
Train         0.8     0.0682       0.92     0.0015       1.79
Val  271/272     273/273       0.8    0.0673     0.896   0.00123      1.76         2    0.0736      0.546       0.94      0.872      0.691       1.57
Train       0.794     0.0637      0.854   0.000745       1.71
Val  272/272     273/273     0.771    0.0632     0.846  0.000791      1.68         2    0.0679      0.583      0.935      0.873      0.718        1.6
