Train        1.09      0.129       1.94     0.0735       3.23
Val    1/272     273/273      1.08     0.131      1.84    0.0756      3.12         2    0.0865      0.373      0.917      0.807       0.53       2.42
Train         1.1      0.114       1.63     0.0573        2.9
Val    2/272     273/273      1.07     0.113      1.48     0.056      2.72         2     0.101      0.392      0.914      0.824      0.549       2.25
Train        1.08       0.11        1.4      0.056       2.64
Val    3/272     273/273      1.06     0.113      1.44    0.0538      2.66         2    0.0871       0.41      0.916      0.834      0.567       2.14
Train        1.06      0.107       1.36     0.0314       2.56
Val    4/272     273/273      1.03     0.106      1.29    0.0338      2.46         2    0.0808      0.385      0.901      0.785       0.54       2.11
Train       0.985      0.101       1.24     0.0316       2.36
Val    5/272     273/273      0.99     0.103      1.25    0.0288      2.37         2    0.0887      0.419      0.919      0.836      0.575       2.01
Train        1.02     0.0968       1.22     0.0303       2.36
Val    6/272     273/273      1.02    0.0973      1.15     0.025      2.29         2    0.0857      0.421      0.918      0.832      0.577       1.97
Train       0.989     0.0959       1.19      0.031       2.31
Val    7/272     273/273     0.977    0.0962       1.2     0.029       2.3         2     0.093      0.451      0.922      0.847      0.606       1.97
Train           1     0.0905       1.13      0.015       2.23
Val    8/272     273/273      1.01    0.0959      1.07    0.0143      2.19         2    0.0822      0.442      0.921      0.842      0.597        1.9
Train       0.975     0.0938       1.13     0.0192       2.21
Val    9/272     273/273     0.973    0.0904      1.09    0.0182      2.17         2    0.0822      0.458      0.922      0.849      0.612        1.9
Train       0.987     0.0989       1.18     0.0174       2.29
Val   10/272     273/273     0.967    0.0929      1.13    0.0161       2.2         2    0.0769      0.463      0.913      0.829      0.614       1.92
Train       0.979     0.0982       1.25     0.0209       2.35
Val   11/272     273/273     0.969    0.0942      1.14    0.0212      2.22         2    0.0867      0.435      0.909      0.806      0.589       1.87
Train        1.01     0.0947       1.23     0.0279       2.36
Val   12/272     273/273     0.986     0.092      1.13    0.0209      2.23         2    0.0832      0.454      0.919      0.833      0.608       1.86
Train        1.01      0.088       1.04     0.0123       2.15
Val   13/272     273/273      0.98    0.0866     0.988    0.0141      2.07         2    0.0768      0.457      0.921      0.837      0.611       1.84
Train       0.923     0.0826       1.07      0.024        2.1
Val   14/272     273/273     0.919    0.0849      1.02    0.0166      2.04         2    0.0898       0.47      0.925      0.846      0.624       1.83
Train        0.96     0.0838      0.994    0.00999       2.05
Val   15/272     273/273     0.964    0.0801     0.951    0.0103      2.01         2    0.0975      0.484       0.92      0.841      0.634       1.83
Train       0.988     0.0833       1.05     0.0127       2.13
Val   16/272     273/273     0.975    0.0844      1.04    0.0127      2.11         2     0.077      0.464      0.913      0.821      0.615       1.83
Train       0.939     0.0903       1.07     0.0123       2.11
Val   17/272     273/273     0.932     0.089      1.05    0.0121      2.08         2    0.0719      0.498      0.906      0.817      0.643       1.87
Train       0.934     0.0917       1.19     0.0258       2.24
Val   18/272     273/273      0.93    0.0876      1.07    0.0183      2.11         2    0.0831      0.469      0.928      0.842      0.623       1.82
Train       0.963     0.0841       1.04     0.0116        2.1
Val   19/272     273/273      0.94    0.0847      1.04    0.0122      2.07         2    0.0955       0.46      0.931      0.848      0.615        1.8
Train       0.933     0.0825       1.05       0.02       2.08
Val   20/272     273/273     0.931    0.0841      1.04    0.0183      2.07         2    0.0817      0.491      0.916      0.834      0.639       1.81
Train       0.942     0.0924       1.11    0.00768       2.15
Val   21/272     273/273     0.931    0.0913      1.07   0.00812       2.1         2    0.0774      0.491      0.908       0.81      0.638       1.84
Train       0.939     0.0889       1.11     0.0109       2.15
Val   22/272     273/273     0.928    0.0869      1.03   0.00775      2.05         2    0.0745      0.479      0.922      0.837       0.63       1.81
Train       0.897     0.0911       1.05    0.00742       2.05
Val   23/272     273/273     0.897    0.0836     0.982   0.00672      1.97         2    0.0898      0.491      0.916       0.83       0.64       1.78
Train       0.946     0.0833       0.95    0.00512       1.98
Val   24/272     273/273     0.927    0.0818     0.939   0.00538      1.95         2    0.0755      0.477      0.928       0.84       0.63       1.77
Train       0.888     0.0818       1.03     0.0168       2.01
Val   25/272     273/273     0.903    0.0845     0.989   0.00986      1.99         2    0.0973      0.475      0.932      0.848       0.63       1.77
Train       0.958     0.0887       1.05     0.0151       2.11
Val   26/272     273/273      0.93    0.0863      1.04    0.0121      2.06         2    0.0754      0.493      0.924       0.84      0.643       1.78
Train       0.908     0.0823       1.01    0.00594          2
Val   27/272     273/273     0.907    0.0808      0.96   0.00756      1.95         2    0.0915       0.49      0.922      0.829       0.64       1.75
Train       0.941     0.0763      0.982    0.00523          2
Val   28/272     273/273     0.915    0.0789     0.981   0.00665      1.98         2    0.0821      0.486      0.927      0.836      0.637       1.74
Train       0.933     0.0813      0.963    0.00692       1.98
Val   29/272     273/273     0.923    0.0832     0.989   0.00632         2         2    0.0811      0.484      0.932      0.842      0.637       1.74
Train       0.903     0.0806      0.972    0.00913       1.96
Val   30/272     273/273     0.911    0.0814     0.946   0.00803      1.95         2    0.0711      0.527      0.921      0.847       0.67       1.77
Train        0.91     0.0832       1.08    0.00849       2.08
Val   31/272     273/273     0.891    0.0793     0.952   0.00693      1.93         2    0.0955      0.494      0.931       0.85      0.646       1.75
Train       0.919       0.08      0.968      0.012       1.98
Val   32/272     273/273     0.891    0.0791     0.967     0.009      1.95         2    0.0895      0.505      0.922      0.838      0.653       1.76
Train       0.915     0.0776      0.932    0.00548       1.93
Val   33/272     273/273     0.898    0.0771     0.916   0.00417       1.9         2    0.0806      0.498      0.929      0.846      0.648       1.72
Train       0.898      0.072      0.914    0.00481       1.89
Val   34/272     273/273     0.902    0.0741     0.888   0.00479      1.87         2    0.0779      0.525      0.925      0.849       0.67       1.75
Train       0.933     0.0749      0.906    0.00606       1.92
Val   35/272     273/273     0.913     0.074     0.873   0.00436      1.86         2    0.0918      0.489       0.93       0.84      0.641       1.72
Train       0.911     0.0742      0.907      0.015       1.91
Val   36/272     273/273     0.895     0.075     0.891    0.0103      1.87         2    0.0748      0.505      0.925      0.842      0.653        1.7
Train       0.884     0.0828       1.04     0.0158       2.02
Val   37/272     273/273     0.877    0.0789     0.953   0.00862      1.92         2    0.0974      0.518      0.931      0.856      0.666       1.73
Train       0.892     0.0772      0.984    0.00552       1.96
Val   38/272     273/273     0.885    0.0768     0.939   0.00431      1.91         2    0.0712      0.506      0.926      0.847      0.654       1.72
Train       0.889     0.0858       1.04    0.00806       2.02
Val   39/272     273/273     0.886    0.0769     0.975   0.00514      1.94         2    0.0749      0.507      0.912      0.814      0.651       1.76
Train       0.892     0.0847       1.02    0.00527       2.01
Val   40/272     273/273      0.89    0.0808     0.981   0.00655      1.96         2    0.0867      0.515      0.925      0.844      0.662       1.72
Train        0.87     0.0741      0.939    0.00439       1.89
Val   41/272     273/273     0.889    0.0729     0.885   0.00373      1.85         2    0.0911        0.5      0.931      0.841      0.651       1.71
Train       0.914     0.0757       1.02    0.00955       2.02
Val   42/272     273/273     0.866    0.0749      0.97   0.00605      1.92         2    0.0805      0.518      0.922      0.846      0.664       1.72
Train       0.881     0.0729      0.924    0.00569       1.88
Val   43/272     273/273      0.88    0.0737     0.894   0.00618      1.85         2    0.0739        0.5      0.921      0.832      0.648        1.7
Train       0.887     0.0717      0.915    0.00463       1.88
Val   44/272     273/273     0.914    0.0754      0.91   0.00431       1.9         2    0.0855       0.52      0.914      0.826      0.663       1.73
Train       0.902     0.0781       1.07    0.00641       2.06
Val   45/272     273/273     0.901     0.079      1.03    0.0054      2.01         2    0.0924      0.489      0.933      0.847      0.642        1.7
Train       0.906     0.0748      0.904    0.00293       1.89
Val   46/272     273/273     0.886    0.0728     0.894   0.00259      1.86         2    0.0712      0.576      0.907      0.827      0.704        1.8
Train       0.907       0.08       1.04    0.00483       2.03
Val   47/272     273/273      0.89    0.0763     0.922   0.00378      1.89         2    0.0821      0.514      0.929      0.848      0.662       1.69
Train       0.923      0.074      0.966     0.0038       1.97
Val   48/272     273/273     0.873    0.0747      0.94   0.00391      1.89         2    0.0743      0.565       0.92      0.852        0.7       1.75
Train       0.882     0.0766       1.01    0.00322       1.97
Val   49/272     273/273     0.871    0.0772      1.02   0.00396      1.98         2    0.0868      0.546      0.923      0.858      0.686       1.73
Train       0.869     0.0785      0.974     0.0044       1.93
Val   50/272     273/273     0.874    0.0767     0.934   0.00401      1.89         2    0.0802      0.544      0.921      0.847      0.684       1.71
Train       0.864     0.0767      0.935    0.00253       1.88
Val   51/272     273/273     0.848    0.0755     0.902   0.00216      1.83         2    0.0774      0.546      0.923      0.851      0.686       1.73
Train        0.91      0.072      0.899    0.00178       1.88
Val   52/272     273/273     0.893     0.072     0.896   0.00245      1.86         2    0.0773      0.533      0.917       0.84      0.674       1.74
Train       0.873     0.0732      0.912    0.00612       1.86
Val   53/272     273/273     0.878    0.0725     0.886   0.00377      1.84         2    0.0815      0.506      0.929      0.846      0.656       1.69
Train        0.91     0.0725      0.895    0.00752       1.88
Val   54/272     273/273     0.889    0.0735     0.884   0.00407      1.85         2    0.0751      0.567      0.919      0.848      0.701       1.72
Train       0.885     0.0728      0.959    0.00379       1.92
Val   55/272     273/273     0.902    0.0722     0.927     0.004      1.91         2    0.0741      0.521      0.923       0.85      0.667       1.69
Train       0.858     0.0724       0.89    0.00316       1.82
Val   56/272     273/273     0.864    0.0731     0.904   0.00363      1.85         2    0.0824      0.539      0.917      0.834      0.679       1.71
Train       0.882     0.0739      0.956    0.00448       1.92
Val   57/272     273/273     0.863    0.0771     0.994   0.00559      1.94         2    0.0765      0.545      0.915      0.832      0.683       1.74
Train       0.879      0.074      0.941    0.00452        1.9
Val   58/272     273/273     0.882    0.0719     0.908   0.00297      1.87         2    0.0739      0.556      0.923      0.846      0.694        1.7
Train       0.851     0.0791       1.05    0.00463       1.98
Val   59/272     273/273     0.866    0.0749     0.905   0.00409      1.85         2    0.0844      0.535      0.927      0.857      0.679       1.68
Train       0.917     0.0775      0.957    0.00598       1.96
Val   60/272     273/273     0.893    0.0745     0.906   0.00392      1.88         2    0.0712      0.552      0.928      0.859      0.692       1.67
Train       0.887     0.0796       1.12    0.00496       2.09
Val   61/272     273/273     0.883    0.0755     0.981   0.00359      1.94         2    0.0798      0.526      0.928      0.855      0.672       1.69
Train       0.907     0.0728      0.956    0.00511       1.94
Val   62/272     273/273      0.87    0.0712     0.905   0.00359      1.85         2    0.0908      0.525      0.929      0.856      0.671       1.67
Train       0.841     0.0702      0.931    0.00436       1.85
Val   63/272     273/273     0.843    0.0716     0.922   0.00517      1.84         2    0.0707      0.556      0.923      0.854      0.694       1.69
Train       0.846     0.0719       1.05    0.00363       1.97
Val   64/272     273/273     0.848    0.0724     0.985   0.00432      1.91         2    0.0761      0.527      0.926      0.854      0.671       1.69
Train       0.892     0.0736      0.928    0.00634        1.9
Val   65/272     273/273     0.887    0.0731     0.931   0.00648       1.9         2    0.0708      0.578      0.921       0.85       0.71       1.71
Train       0.858     0.0752       1.08     0.0042       2.01
Val   66/272     273/273     0.858     0.072     0.963   0.00494       1.9         2     0.079      0.551       0.93      0.866      0.692       1.68
Train       0.865     0.0686      0.929     0.0067       1.87
Val   67/272     273/273     0.873    0.0686     0.901    0.0047      1.85         2    0.0912      0.501      0.934      0.849      0.652       1.66
Train       0.906     0.0671      0.829    0.00206        1.8
Val   68/272     273/273     0.871    0.0684     0.842   0.00263      1.78         2    0.0747      0.548      0.919       0.84      0.687        1.7
Train       0.855      0.067      0.877    0.00248        1.8
Val   69/272     273/273     0.857    0.0677     0.864   0.00251      1.79         2    0.0767      0.533      0.928      0.855      0.677       1.68
Train       0.843     0.0685      0.881    0.00199       1.79
Val   70/272     273/273     0.838    0.0696     0.868   0.00229      1.78         2    0.0766      0.535      0.928      0.855      0.679       1.67
Train       0.851     0.0685      0.863    0.00216       1.79
Val   71/272     273/273     0.839    0.0681     0.867   0.00288      1.78         2    0.0922      0.549      0.927      0.859       0.69       1.66
Train       0.891     0.0672       0.89    0.00818       1.86
Val   72/272     273/273     0.857    0.0693     0.878   0.00537      1.81         2    0.0828      0.548      0.934      0.865      0.691       1.65
Train       0.879     0.0678      0.896    0.00295       1.85
Val   73/272     273/273     0.868    0.0703     0.876   0.00237      1.82         2    0.0748      0.576      0.918      0.843      0.708       1.72
Train       0.891     0.0753      0.968    0.00576       1.94
Val   74/272     273/273     0.874    0.0724     0.918   0.00332      1.87         2    0.0949       0.54      0.931       0.86      0.684       1.67
Train       0.904      0.076      0.957    0.00426       1.94
Val   75/272     273/273     0.879    0.0731      0.91   0.00359      1.87         2     0.081      0.559      0.934      0.866        0.7       1.67
Train        0.87     0.0662      0.852    0.00157       1.79
Val   76/272     273/273     0.861    0.0674     0.865   0.00202       1.8         2    0.0808      0.537      0.923      0.846      0.679       1.67
Train       0.866     0.0766      0.922    0.00291       1.87
Val   77/272     273/273     0.857     0.076     0.927   0.00268      1.86         2    0.0748       0.54      0.929      0.862      0.683       1.67
Train       0.856     0.0709      0.915    0.00593       1.85
Val   78/272     273/273     0.854    0.0665     0.841   0.00431      1.77         2      0.08      0.559      0.927      0.862      0.697       1.66
Train       0.892     0.0697      0.847    0.00392       1.81
Val   79/272     273/273     0.872    0.0698      0.85   0.00257      1.79         2    0.0776      0.577      0.926      0.859      0.711       1.68
Train       0.845     0.0701      0.941     0.0039       1.86
Val   80/272     273/273     0.835    0.0686     0.877   0.00252      1.78         2    0.0741      0.568      0.932      0.866      0.706       1.67
Train       0.887     0.0733       0.88    0.00262       1.84
Val   81/272     273/273     0.871     0.068     0.824   0.00183      1.76         2    0.0747      0.568      0.931      0.869      0.706       1.65
Train       0.848     0.0707      0.945    0.00199       1.87
Val   82/272     273/273     0.866    0.0715     0.893   0.00184      1.83         2    0.0711      0.563      0.933      0.865      0.702       1.66
Train       0.856     0.0719      0.991     0.0031       1.92
Val   83/272     273/273     0.876    0.0707     0.911    0.0022      1.86         2     0.092       0.54      0.938      0.869      0.686       1.64
Train       0.865     0.0715      0.877    0.00436       1.82
Val   84/272     273/273     0.844    0.0712     0.889   0.00358      1.81         2    0.0774       0.57      0.932      0.869      0.707       1.68
Train       0.855     0.0674      0.891    0.00177       1.81
Val   85/272     273/273     0.843    0.0689     0.888   0.00193       1.8         2    0.0744      0.506      0.929      0.843      0.655       1.63
Train       0.855     0.0678      0.843    0.00378       1.77
Val   86/272     273/273     0.868    0.0664     0.814   0.00615      1.76         2    0.0837      0.522      0.935      0.864       0.67       1.63
Train       0.846     0.0703      0.889    0.00318       1.81
Val   87/272     273/273     0.846    0.0723     0.865   0.00245      1.79         2    0.0754      0.548       0.93      0.859      0.689       1.64
Train       0.838      0.073      0.953    0.00509       1.87
Val   88/272     273/273     0.848    0.0707     0.885   0.00298      1.81         2    0.0745      0.546      0.918      0.838      0.685       1.69
Train       0.839     0.0714       0.94     0.0055       1.86
Val   89/272     273/273     0.833    0.0695     0.888   0.00374      1.79         2    0.0776      0.594      0.925      0.853      0.724        1.7
Train        0.84     0.0685      0.967    0.00192       1.88
Val   90/272     273/273     0.853    0.0686      0.88   0.00193       1.8         2    0.0792      0.565      0.928      0.859      0.702       1.67
Train       0.854     0.0668       0.89    0.00106       1.81
Val   91/272     273/273     0.859    0.0664     0.852    0.0012      1.78         2    0.0918      0.537      0.934      0.871      0.682       1.63
Train       0.856     0.0685      0.912    0.00491       1.84
Val   92/272     273/273     0.834    0.0691     0.886   0.00362      1.79         2    0.0976      0.564      0.935      0.877      0.703       1.63
Train       0.885     0.0663      0.807   0.000841       1.76
Val   93/272     273/273     0.861    0.0673     0.798   0.00127      1.73         2    0.0787      0.542      0.934      0.862      0.686       1.64
Train       0.855     0.0661      0.878    0.00135        1.8
Val   94/272     273/273     0.846     0.068     0.906   0.00143      1.82         2    0.0705      0.574      0.913      0.826      0.705       1.72
Train       0.875      0.073      0.994    0.00323       1.95
Val   95/272     273/273     0.867    0.0691      0.88   0.00206      1.82         2    0.0897      0.558      0.937      0.874        0.7       1.63
Train       0.819     0.0647       0.84    0.00155       1.73
Val   96/272     273/273      0.82     0.065     0.835    0.0015      1.72         2    0.0847      0.532      0.926      0.844      0.676       1.64
Train       0.852     0.0683      0.871    0.00135       1.79
Val   97/272     273/273     0.854    0.0688     0.883   0.00129      1.81         2    0.0814      0.552      0.933      0.866      0.694       1.65
Train       0.858     0.0718      0.957    0.00325       1.89
Val   98/272     273/273     0.833    0.0715       0.9   0.00212      1.81         2    0.0801      0.541      0.937      0.872      0.686       1.64
Train       0.813     0.0655       0.85     0.0014       1.73
Val   99/272     273/273     0.827    0.0676     0.856   0.00144      1.75         2    0.0729      0.596      0.928       0.87      0.726        1.7
Train       0.838     0.0738      0.973    0.00383       1.89
Val  100/272     273/273     0.837    0.0705     0.875   0.00262      1.78         2    0.0844      0.535      0.935      0.865       0.68       1.66
Train       0.851     0.0703      0.905    0.00137       1.83
Val  101/272     273/273     0.833      0.07     0.879   0.00132      1.78         2    0.0797      0.547       0.93      0.854      0.689       1.67
Train       0.831     0.0715      0.939    0.00213       1.84
Val  102/272     273/273     0.836    0.0684     0.872   0.00181      1.78         2    0.0892      0.558      0.932      0.865      0.698       1.65
Train        0.85     0.0666      0.888    0.00138       1.81
Val  103/272     273/273     0.816     0.066     0.852   0.00144      1.74         2     0.081      0.586      0.929      0.869      0.719       1.66
Train       0.848     0.0624       0.83    0.00175       1.74
Val  104/272     273/273     0.844     0.064     0.818   0.00212      1.73         2    0.0854      0.563      0.938      0.872      0.704       1.65
Train       0.817     0.0613      0.806    0.00109       1.69
Val  105/272     273/273     0.836    0.0637     0.797   0.00129       1.7         2    0.0962      0.525      0.937      0.864      0.673       1.61
Train       0.848     0.0661      0.895    0.00251       1.81
Val  106/272     273/273     0.816    0.0676     0.902   0.00192      1.79         2     0.077      0.548      0.937      0.871      0.692       1.63
Train       0.841     0.0695      0.897     0.0085       1.82
Val  107/272     273/273     0.827    0.0668     0.854   0.00336      1.75         2    0.0812      0.573      0.932      0.869       0.71       1.65
Train       0.845     0.0648       0.83    0.00477       1.74
Val  108/272     273/273     0.862    0.0677     0.841   0.00244      1.77         2    0.0856      0.555       0.94      0.877      0.698       1.63
Train       0.844     0.0658       0.83   0.000946       1.74
Val  109/272     273/273      0.81     0.067     0.833    0.0016      1.71         2    0.0823      0.576      0.931      0.872      0.712       1.67
Train       0.834     0.0654      0.847    0.00157       1.75
Val  110/272     273/273     0.843    0.0657     0.838   0.00186      1.75         2    0.0757      0.553      0.938      0.875      0.696       1.62
Train        0.84     0.0764      0.986    0.00304        1.9
Val  111/272     273/273     0.831    0.0701     0.918     0.002      1.82         2     0.089      0.536      0.928      0.853      0.679       1.66
Train       0.825     0.0634      0.847    0.00299       1.74
Val  112/272     273/273      0.81    0.0615     0.814   0.00212      1.69         2    0.0801      0.577      0.932       0.87      0.713       1.65
Train       0.837     0.0725      0.939    0.00461       1.85
Val  113/272     273/273     0.841    0.0712     0.913   0.00324      1.83         2    0.0868      0.538      0.938      0.872      0.684       1.63
Train       0.831     0.0662      0.869   0.000903       1.77
Val  114/272     273/273     0.808    0.0663     0.861   0.00113      1.74         2    0.0747        0.6      0.934       0.88      0.731       1.67
Train       0.827     0.0672      0.882   0.000979       1.78
Val  115/272     273/273      0.82    0.0661     0.834   0.00111      1.72         2      0.09      0.524      0.936       0.86      0.672       1.64
Train       0.831     0.0633      0.844    0.00105       1.74
Val  116/272     273/273     0.832    0.0669      0.86   0.00115      1.76         2    0.0956      0.521      0.941      0.865      0.671        1.6
Train        0.85     0.0684      0.849    0.00101       1.77
Val  117/272     273/273     0.842    0.0672     0.825   0.00107      1.73         2    0.0757      0.577      0.928      0.856      0.712       1.66
Train       0.822      0.064      0.888    0.00379       1.78
Val  118/272     273/273      0.81    0.0665     0.865   0.00261      1.74         2    0.0845      0.572      0.928       0.85      0.708       1.66
Train       0.839     0.0677      0.878    0.00183       1.79
Val  119/272     273/273      0.83    0.0672     0.863   0.00134      1.76         2    0.0818      0.582      0.935      0.875      0.717       1.63
Train       0.816     0.0652      0.876   0.000866       1.76
Val  120/272     273/273      0.82    0.0666     0.864  0.000989      1.75         2     0.085      0.556      0.928      0.847      0.696       1.65
Train       0.829     0.0691      0.851    0.00251       1.75
Val  121/272     273/273     0.812    0.0669     0.863   0.00191      1.74         2     0.079      0.589      0.929      0.867      0.721       1.65
Train       0.862      0.065      0.832   0.000694       1.76
Val  122/272     273/273     0.842    0.0678     0.843   0.00093      1.75         2    0.0721       0.57      0.933      0.867      0.708       1.63
Train       0.826     0.0713      0.955    0.00145       1.85
Val  123/272     273/273     0.816    0.0689     0.881   0.00117      1.77         2    0.0812      0.563      0.939       0.88      0.704       1.63
Train       0.852     0.0676      0.894    0.00108       1.81
Val  124/272     273/273     0.839    0.0662     0.848   0.00131      1.75         2    0.0996      0.547       0.94      0.872      0.692       1.61
Train       0.897     0.0705      0.909    0.00276       1.88
Val  125/272     273/273     0.863     0.069       0.9   0.00206      1.83         2    0.0747      0.564      0.932      0.858      0.703       1.65
Train       0.838     0.0711      0.977    0.00147       1.89
Val  126/272     273/273     0.826    0.0708     0.949   0.00172      1.85         2    0.0767      0.568      0.931      0.861      0.705       1.66
Train       0.845     0.0663      0.838    0.00093       1.75
Val  127/272     273/273     0.834    0.0681     0.853  0.000824      1.76         2    0.0786      0.545      0.937      0.867      0.689       1.62
Train       0.825     0.0692      0.913    0.00119       1.81
Val  128/272     273/273     0.825    0.0677      0.86   0.00139      1.75         2     0.097      0.556      0.943      0.881      0.699       1.61
Train       0.893     0.0738      0.912   0.000928       1.88
Val  129/272     273/273     0.854    0.0693     0.861  0.000816      1.79         2    0.0838      0.549      0.943      0.882      0.694       1.61
Train       0.859     0.0668      0.826     0.0028       1.75
Val  130/272     273/273     0.829    0.0659     0.852    0.0018      1.75         2    0.0803      0.581      0.935      0.872      0.716       1.63
Train        0.85     0.0662      0.814    0.00116       1.73
Val  131/272     273/273     0.834    0.0667     0.822   0.00135      1.72         2     0.101      0.552      0.938      0.874      0.695        1.6
Train       0.849     0.0652      0.825    0.00543       1.74
Val  132/272     273/273     0.825    0.0635     0.795   0.00717      1.69         2    0.0945      0.554       0.94      0.876      0.697       1.59
Train       0.858     0.0654      0.893    0.00346       1.82
Val  133/272     273/273     0.823     0.064     0.841   0.00195      1.73         2     0.101      0.566      0.939      0.879      0.706       1.59
Train       0.842     0.0674      0.878     0.0014       1.79
Val  134/272     273/273     0.822     0.068     0.899   0.00118      1.79         2    0.0908      0.553      0.931      0.861      0.694       1.65
Train       0.835     0.0604      0.821    0.00129       1.72
Val  135/272     273/273     0.817    0.0617      0.82   0.00111       1.7         2    0.0818       0.54       0.94      0.879      0.686        1.6
Train       0.799     0.0642      0.904    0.00318       1.77
Val  136/272     273/273     0.814    0.0664     0.874   0.00177      1.76         2    0.0707      0.596      0.935      0.879      0.728       1.63
Train       0.856     0.0705      0.931    0.00388       1.86
Val  137/272     273/273     0.854    0.0689     0.854   0.00289      1.78         2    0.0946      0.559      0.938      0.878        0.7        1.6
Train       0.853     0.0667      0.832    0.00177       1.75
Val  138/272     273/273     0.843     0.066     0.836    0.0026      1.75         2    0.0888      0.551      0.938      0.877      0.694        1.6
Train       0.842     0.0633      0.815    0.00172       1.72
Val  139/272     273/273     0.851     0.065     0.829   0.00126      1.75         2     0.099      0.529      0.941       0.87      0.677        1.6
Train       0.846     0.0672      0.884    0.00138        1.8
Val  140/272     273/273     0.826    0.0664     0.847   0.00136      1.74         2    0.0802      0.598      0.943      0.888      0.732       1.61
Train       0.861      0.063      0.841    0.00101       1.77
Val  141/272     273/273     0.855    0.0648     0.837  0.000935      1.76         2     0.102      0.553      0.943      0.879      0.697       1.59
Train       0.862     0.0651      0.863    0.00137       1.79
Val  142/272     273/273     0.837    0.0639     0.829   0.00119      1.73         2     0.101      0.582       0.94      0.879      0.719        1.6
Train       0.834     0.0717      0.981    0.00131       1.89
Val  143/272     273/273     0.822    0.0686     0.911  0.000872       1.8         2    0.0821      0.585      0.935      0.879       0.72       1.62
Train       0.829     0.0631      0.845    0.00136       1.74
Val  144/272     273/273     0.817    0.0631     0.837   0.00132      1.72         2    0.0901      0.581      0.941      0.884      0.718        1.6
Train        0.83     0.0617        0.8   0.000649       1.69
Val  145/272     273/273     0.823    0.0629     0.801  0.000532      1.69         2     0.096      0.551      0.941      0.881      0.695        1.6
Train       0.882     0.0651      0.881    0.00105       1.83
Val  146/272     273/273     0.832    0.0654     0.841     0.001      1.74         2     0.091       0.57      0.941      0.879       0.71       1.59
Train       0.843     0.0623      0.814    0.00575       1.72
Val  147/272     273/273     0.814    0.0645     0.833   0.00272      1.72         2    0.0964      0.558      0.937      0.868        0.7       1.62
Train       0.837     0.0675       0.87   0.000863       1.77
Val  148/272     273/273     0.851    0.0663     0.844   0.00069      1.76         2    0.0926      0.556      0.938      0.869      0.698       1.62
Train       0.841     0.0669      0.872    0.00189       1.78
Val  149/272     273/273     0.822    0.0671     0.864   0.00172      1.75         2    0.0804      0.563      0.934      0.863      0.703       1.66
Train       0.819      0.065      0.851    0.00081       1.73
Val  150/272     273/273     0.817    0.0642     0.818   0.00105       1.7         2     0.101       0.54       0.94      0.875      0.686       1.61
Train       0.824     0.0671      0.867     0.0014       1.76
Val  151/272     273/273     0.821     0.065     0.827   0.00115      1.71         2    0.0931      0.551       0.94      0.875      0.695       1.58
Train        0.84     0.0633        0.8    0.00153        1.7
Val  152/272     273/273     0.826    0.0636     0.805   0.00178       1.7         2    0.0815      0.565       0.94      0.878      0.706        1.6
Train       0.839     0.0619      0.788    0.00066       1.69
Val  153/272     273/273     0.824     0.064     0.792  0.000768      1.68         2    0.0755      0.549      0.932      0.858      0.691       1.59
Train       0.815     0.0649      0.892   0.000636       1.77
Val  154/272     273/273     0.807    0.0655      0.87  0.000878      1.74         2    0.0949      0.595      0.938      0.881      0.728       1.61
Train       0.827     0.0661      0.857   0.000861       1.75
Val  155/272     273/273     0.791    0.0654     0.828   0.00108      1.69         2    0.0706      0.601      0.931      0.864      0.731       1.63
Train       0.828     0.0732      0.957    0.00135       1.86
Val  156/272     273/273     0.824    0.0679     0.868  0.000817      1.76         2    0.0843      0.562      0.932      0.865      0.701       1.62
Train       0.854     0.0653      0.839    0.00126       1.76
Val  157/272     273/273      0.82    0.0644     0.834   0.00102      1.72         2    0.0854      0.561      0.938      0.872      0.702        1.6
Train       0.816      0.063      0.797    0.00105       1.68
Val  158/272     273/273     0.825    0.0622     0.801   0.00117      1.69         2    0.0763      0.603      0.937       0.88      0.734       1.59
Train       0.818     0.0701      0.944   0.000937       1.83
Val  159/272     273/273     0.824    0.0672     0.871   0.00116      1.76         2    0.0859      0.572      0.941       0.88      0.712        1.6
Train       0.841     0.0623      0.821   0.000675       1.73
Val  160/272     273/273     0.835     0.063     0.804  0.000588       1.7         2    0.0828      0.553      0.937      0.863      0.695       1.59
Train       0.808      0.068      0.823    0.00078        1.7
Val  161/272     273/273     0.795    0.0659     0.849  0.000745      1.71         2    0.0821      0.584       0.93      0.858      0.718       1.65
Train       0.821     0.0651      0.857   0.000943       1.74
Val  162/272     273/273     0.813    0.0628      0.82   0.00101       1.7         2    0.0877      0.541       0.94      0.874      0.687       1.57
Train       0.821     0.0675       0.85    0.00103       1.74
Val  163/272     273/273      0.81    0.0646     0.822  0.000909       1.7         2    0.0938      0.571      0.944      0.882      0.712       1.58
Train        0.87     0.0657      0.845   0.000664       1.78
Val  164/272     273/273     0.858    0.0658     0.807  0.000799      1.73         2    0.0837      0.533      0.941      0.872      0.681       1.58
Train       0.809     0.0653      0.903    0.00185       1.78
Val  165/272     273/273     0.809    0.0657      0.86   0.00124      1.74         2    0.0951      0.567      0.942      0.883      0.708       1.58
Train       0.823     0.0639      0.857   0.000673       1.74
Val  166/272     273/273     0.823    0.0629     0.809   0.00059       1.7         2    0.0727      0.608      0.938      0.883      0.738       1.61
Train       0.787     0.0689      0.997    0.00412       1.86
Val  167/272     273/273     0.799    0.0664     0.886   0.00236      1.75         2       0.1      0.582      0.941      0.884      0.719       1.59
Train       0.858     0.0625      0.825   0.000893       1.75
Val  168/272     273/273     0.819    0.0634     0.824  0.000793      1.71         2    0.0747      0.594      0.941      0.885      0.728       1.59
Train       0.798     0.0642      0.893   0.000582       1.76
Val  169/272     273/273     0.805    0.0622     0.827  0.000678       1.7         2    0.0822      0.556      0.939      0.876      0.698       1.59
Train       0.828     0.0614      0.825   0.000637       1.72
Val  170/272     273/273     0.824    0.0621     0.776   0.00056      1.66         2    0.0798      0.548      0.946      0.878      0.694       1.59
Train       0.826     0.0624      0.819   0.000526       1.71
Val  171/272     273/273      0.83    0.0621     0.798  0.000577      1.69         2    0.0765      0.589      0.935      0.875      0.723        1.6
Train       0.844     0.0723      0.974    0.00354       1.89
Val  172/272     273/273     0.836    0.0682     0.864   0.00167      1.77         2    0.0908      0.585       0.94      0.883      0.721       1.58
Train       0.797     0.0611      0.799   0.000856       1.66
Val  173/272     273/273     0.799    0.0604     0.766   0.00112      1.63         2    0.0897      0.536      0.942      0.873      0.684       1.59
Train       0.831     0.0668      0.883    0.00201       1.78
Val  174/272     273/273     0.811    0.0675     0.851   0.00177      1.73         2    0.0763      0.585       0.94      0.878      0.721       1.59
Train       0.821     0.0633       0.82   0.000543        1.7
Val  175/272     273/273     0.827    0.0616     0.778  0.000479      1.67         2     0.079      0.559      0.944      0.881      0.702       1.57
Train       0.794     0.0624      0.844   0.000658        1.7
Val  176/272     273/273     0.797    0.0642     0.845  0.000805      1.71         2     0.075      0.623      0.935      0.881      0.748        1.6
Train       0.851     0.0645      0.891    0.00055       1.81
Val  177/272     273/273     0.845    0.0631     0.831  0.000607      1.74         2    0.0807      0.582      0.938      0.872      0.718       1.59
Train       0.843     0.0651      0.874    0.00139       1.78
Val  178/272     273/273     0.832     0.066     0.834   0.00132      1.73         2    0.0767      0.553      0.947       0.88      0.698       1.57
Train       0.832       0.07      0.928   0.000624       1.83
Val  179/272     273/273     0.824    0.0671     0.881  0.000492      1.77         2    0.0998      0.571      0.945      0.882      0.712       1.56
Train       0.842      0.065      0.848    0.00113       1.76
Val  180/272     273/273     0.817    0.0659     0.843    0.0016      1.73         2    0.0845      0.555       0.94      0.877      0.698       1.57
Train        0.81      0.065      0.839    0.00101       1.72
Val  181/272     273/273     0.808    0.0647     0.845  0.000827      1.72         2    0.0887      0.557      0.941      0.879        0.7       1.59
Train       0.869     0.0656      0.889    0.00103       1.83
Val  182/272     273/273     0.831     0.064     0.835  0.000699      1.73         2    0.0926      0.574      0.937      0.872      0.712        1.6
Train       0.816     0.0657      0.818    0.00125        1.7
Val  183/272     273/273     0.785     0.064     0.816   0.00106      1.67         2    0.0857      0.554      0.942      0.882      0.698       1.57
Train       0.813     0.0637      0.812    0.00126       1.69
Val  184/272     273/273       0.8    0.0634     0.813   0.00118      1.68         2    0.0798      0.592      0.932      0.868      0.724        1.6
Train       0.795     0.0632      0.893   0.000955       1.75
Val  185/272     273/273     0.796    0.0607     0.805  0.000808      1.66         2    0.0881      0.582      0.939      0.882      0.719       1.58
Train        0.78      0.066       0.83   0.000666       1.68
Val  186/272     273/273     0.801    0.0669      0.84  0.000723      1.71         2    0.0989      0.571      0.935      0.871      0.709       1.59
Train       0.839     0.0654      0.846   0.000769       1.75
Val  187/272     273/273     0.809    0.0679     0.911  0.000669      1.79         2    0.0707      0.624      0.926      0.865      0.746        1.7
Train       0.821     0.0659      0.868   0.000782       1.76
Val  188/272     273/273     0.817    0.0653     0.812  0.000769      1.69         2     0.076      0.616      0.935      0.881      0.742        1.6
Train       0.792     0.0659      0.904    0.00138       1.76
Val  189/272     273/273     0.784    0.0654     0.856   0.00113      1.71         2    0.0949       0.57      0.944      0.885      0.711       1.58
Train       0.826     0.0605      0.791   0.000792       1.68
Val  190/272     273/273     0.812    0.0611      0.78   0.00103      1.65         2    0.0863      0.541      0.944      0.876      0.688       1.59
Train       0.804     0.0622      0.847    0.00104       1.71
Val  191/272     273/273     0.807    0.0643     0.867  0.000837      1.74         2    0.0798      0.583      0.925       0.84      0.715       1.65
Train       0.784     0.0662      0.892   0.000698       1.74
Val  192/272     273/273     0.797    0.0654     0.865  0.000586      1.73         2     0.075      0.576       0.93      0.859      0.711       1.63
Train       0.815     0.0658      0.872   0.000826       1.75
Val  193/272     273/273     0.811    0.0636     0.808  0.000984      1.68         2    0.0873      0.546      0.941      0.877      0.691       1.56
Train       0.851     0.0619      0.832    0.00107       1.75
Val  194/272     273/273      0.83    0.0609     0.796  0.000843      1.69         2    0.0797       0.59      0.938      0.881      0.725       1.58
Train       0.789      0.068      0.899    0.00135       1.76
Val  195/272     273/273     0.805    0.0651     0.857   0.00104      1.73         2    0.0799      0.618      0.932      0.874      0.743       1.62
Train       0.787     0.0674      0.869     0.0018       1.72
Val  196/272     273/273     0.807     0.065      0.84   0.00125      1.71         2    0.0741      0.623      0.924      0.843      0.744       1.66
Train        0.82     0.0711      0.958    0.00306       1.85
Val  197/272     273/273     0.801    0.0676     0.888   0.00192      1.76         2    0.0887      0.594      0.932      0.871      0.726       1.62
Train       0.786     0.0644      0.869   0.000922       1.72
Val  198/272     273/273     0.796    0.0623     0.814  0.000709      1.67         2    0.0944      0.553      0.944      0.877      0.697       1.56
Train       0.787     0.0616      0.873    0.00081       1.72
Val  199/272     273/273     0.789    0.0621     0.835  0.000732      1.69         2     0.103      0.579      0.949      0.891      0.719       1.57
Train       0.844     0.0663       0.87    0.00167       1.78
Val  200/272     273/273     0.803    0.0654     0.854   0.00098      1.72         2    0.0752      0.593      0.937      0.873      0.726       1.59
Train       0.797     0.0655      0.898    0.00176       1.76
Val  201/272     273/273     0.781    0.0636      0.83   0.00123      1.68         2    0.0819      0.598      0.934       0.87      0.729       1.61
Train       0.816     0.0643      0.791   0.000374       1.67
Val  202/272     273/273     0.814    0.0645     0.811  0.000454      1.69         2    0.0865       0.58      0.941      0.884      0.717       1.57
Train        0.84      0.064      0.861   0.000953       1.77
Val  203/272     273/273     0.832    0.0649     0.863   0.00106      1.76         2    0.0954      0.569      0.948      0.888      0.711       1.56
Train       0.815     0.0632      0.851   0.000681       1.73
Val  204/272     273/273     0.805    0.0642     0.848  0.000885      1.72         2     0.071      0.593       0.94      0.882      0.727       1.61
Train       0.803     0.0648      0.901    0.00136       1.77
Val  205/272     273/273      0.81    0.0628     0.836   0.00114      1.71         2    0.0717      0.607      0.928      0.862      0.734       1.64
Train       0.827     0.0656      0.927   0.000882       1.82
Val  206/272     273/273     0.808    0.0639     0.842  0.000689      1.71         2    0.0747      0.576       0.94       0.88      0.714       1.57
Train       0.818     0.0624       0.82   0.000534        1.7
Val  207/272     273/273     0.814    0.0613     0.784  0.000486      1.66         2    0.0849      0.557      0.943      0.881        0.7       1.56
Train       0.832     0.0639      0.839    0.00148       1.74
Val  208/272     273/273     0.818    0.0634     0.795   0.00157      1.68         2    0.0877      0.585      0.943      0.885      0.722       1.56
Train       0.791     0.0638      0.898    0.00126       1.75
Val  209/272     273/273     0.792    0.0612     0.814   0.00114      1.67         2    0.0816      0.563      0.937      0.873      0.703       1.57
Train       0.816     0.0664      0.905    0.00576       1.79
Val  210/272     273/273       0.8    0.0657     0.887   0.00258      1.76         2    0.0747      0.606      0.932      0.863      0.735       1.63
Train       0.831     0.0632      0.877   0.000741       1.77
Val  211/272     273/273     0.824    0.0627     0.832  0.000855      1.72         2    0.0858       0.58      0.944      0.883      0.718       1.57
Train       0.804     0.0612      0.835    0.00145        1.7
Val  212/272     273/273     0.801    0.0614     0.803  0.000821      1.67         2    0.0871      0.564      0.943      0.884      0.706       1.56
Train       0.858     0.0648      0.826   0.000939       1.75
Val  213/272     273/273     0.849    0.0685     0.851   0.00112      1.77         2    0.0806      0.587      0.931      0.862       0.72        1.6
Train       0.805     0.0631       0.84   0.000985       1.71
Val  214/272     273/273     0.797    0.0638     0.841   0.00087       1.7         2    0.0821      0.579      0.936      0.871      0.715       1.62
Train       0.812     0.0651      0.866   0.000805       1.74
Val  215/272     273/273     0.793     0.064     0.823  0.000662      1.68         2    0.0824      0.604      0.941      0.887      0.736       1.57
Train       0.804      0.058      0.786   0.000474       1.65
Val  216/272     273/273       0.8    0.0604     0.792  0.000827      1.65         2    0.0774        0.6       0.94      0.882      0.732       1.59
Train       0.794     0.0598       0.84   0.000696       1.69
Val  217/272     273/273     0.797      0.06     0.827  0.000724      1.68         2    0.0952      0.563      0.949      0.885      0.707       1.55
Train       0.826     0.0616      0.805     0.0028       1.69
Val  218/272     273/273     0.804    0.0599       0.8    0.0014      1.67         2    0.0747       0.59      0.947      0.889      0.727       1.56
Train       0.763     0.0607      0.845    0.00107       1.67
Val  219/272     273/273     0.781    0.0606     0.834   0.00117      1.68         2    0.0711      0.595      0.938       0.88      0.728       1.56
Train       0.813     0.0609      0.898   0.000678       1.77
Val  220/272     273/273     0.789    0.0608     0.826   0.00063      1.68         2    0.0811      0.579      0.942      0.877      0.717       1.57
Train       0.806     0.0631      0.869   0.000897       1.74
Val  221/272     273/273     0.787    0.0629     0.876  0.000905      1.73         2    0.0781      0.581      0.936      0.873      0.717       1.58
Train       0.835     0.0629      0.767   0.000496       1.67
Val  222/272     273/273     0.808    0.0609     0.768  0.000552      1.64         2    0.0887      0.577      0.941      0.878      0.716       1.56
Train       0.781     0.0591      0.852    0.00112       1.69
Val  223/272     273/273     0.773    0.0605     0.827  0.000973      1.66         2    0.0768      0.567      0.941      0.876      0.708       1.56
Train       0.798     0.0653      0.862   0.000899       1.73
Val  224/272     273/273      0.79    0.0637     0.818  0.000809      1.67         2    0.0968      0.564      0.944      0.883      0.706       1.55
Train       0.814     0.0573      0.753   0.000561       1.63
Val  225/272     273/273     0.799    0.0584     0.796  0.000834      1.65         2    0.0795      0.569      0.945      0.885       0.71       1.56
Train       0.789     0.0566      0.794    0.00137       1.64
Val  226/272     273/273     0.788    0.0596     0.796  0.000978      1.64         2    0.0795      0.603      0.938      0.881      0.735       1.57
Train        0.82     0.0645      0.906    0.00308       1.79
Val  227/272     273/273     0.807     0.062     0.833   0.00178       1.7         2    0.0742      0.596      0.941      0.883       0.73       1.56
Train       0.816      0.063      0.853    0.00148       1.73
Val  228/272     273/273      0.81    0.0601     0.784   0.00166      1.66         2    0.0799      0.573      0.944      0.885      0.713       1.56
Train       0.789     0.0607      0.877    0.00282       1.73
Val  229/272     273/273      0.78    0.0647     0.896   0.00138      1.74         2     0.078      0.582      0.943       0.88       0.72       1.58
Train       0.768     0.0595      0.839    0.00114       1.67
Val  230/272     273/273     0.783    0.0609     0.829   0.00133      1.67         2    0.0887       0.57      0.943      0.879      0.711       1.57
Train       0.833     0.0637      0.832   0.000564       1.73
Val  231/272     273/273       0.8    0.0622     0.849  0.000565      1.71         2    0.0752      0.613      0.937      0.877      0.741       1.61
Train       0.816     0.0641      0.905    0.00114       1.79
Val  232/272     273/273     0.786    0.0624     0.851  0.000824       1.7         2    0.0707      0.617      0.937      0.877      0.744        1.6
Train       0.818     0.0631      0.874    0.00102       1.76
Val  233/272     273/273     0.803    0.0619     0.816   0.00101      1.68         2    0.0712      0.617      0.934      0.878      0.743       1.61
Train       0.788     0.0594      0.892   0.000525       1.74
Val  234/272     273/273     0.782    0.0604     0.824   0.00064      1.67         2    0.0859      0.579      0.945      0.885      0.718       1.56
Train       0.784     0.0643      0.857    0.00236       1.71
Val  235/272     273/273     0.762    0.0607     0.799   0.00114      1.62         2    0.0823      0.574      0.943      0.884      0.714       1.55
Train       0.806     0.0589       0.79   0.000629       1.66
Val  236/272     273/273      0.78     0.062     0.822  0.000579      1.66         2    0.0792      0.578      0.943      0.882      0.717       1.57
Train       0.804     0.0603      0.797      0.002       1.66
Val  237/272     273/273      0.79    0.0593     0.765    0.0014      1.62         2    0.0883      0.574      0.946      0.887      0.715       1.55
Train       0.789     0.0613      0.861     0.0008       1.71
Val  238/272     273/273     0.787    0.0624      0.84   0.00103      1.69         2    0.0959      0.569      0.944      0.883       0.71       1.56
Train       0.821     0.0654      0.895   0.000708       1.78
Val  239/272     273/273     0.799    0.0665     0.916  0.000702      1.78         2     0.075      0.628      0.931       0.87       0.75       1.62
Train        0.81     0.0611      0.875    0.00239       1.75
Val  240/272     273/273     0.789    0.0594     0.816   0.00169      1.67         2    0.0783      0.601      0.934      0.875      0.731       1.58
Train       0.795     0.0641      0.899    0.00105       1.76
Val  241/272     273/273     0.786     0.062     0.814    0.0009      1.66         2    0.0818       0.59      0.942      0.885      0.726       1.56
Train       0.822     0.0604      0.877   0.000526       1.76
Val  242/272     273/273     0.793    0.0598     0.838  0.000636      1.69         2    0.0711      0.609      0.936      0.876      0.738       1.59
Train       0.793     0.0634      0.888    0.00113       1.75
Val  243/272     273/273     0.792    0.0594     0.797   0.00082      1.65         2    0.0945      0.559      0.949      0.888      0.703       1.55
Train       0.845     0.0617      0.837   0.000787       1.75
Val  244/272     273/273     0.806    0.0609     0.828  0.000734       1.7         2    0.0802      0.579      0.944      0.885      0.718       1.55
Train       0.801     0.0551      0.793    0.00057       1.65
Val  245/272     273/273     0.777    0.0569     0.773  0.000589      1.61         2    0.0919      0.557      0.947      0.883      0.702       1.55
Train       0.789     0.0614      0.808   0.000981       1.66
Val  246/272     273/273     0.777    0.0611     0.813   0.00126      1.65         2    0.0867      0.598       0.94      0.882      0.731       1.57
Train       0.817     0.0618        0.8   0.000716       1.68
Val  247/272     273/273      0.81    0.0618     0.817  0.000727      1.69         2    0.0761      0.605      0.937      0.879      0.736       1.58
Train       0.792     0.0568      0.801    0.00039       1.65
Val  248/272     273/273     0.782    0.0584     0.785  0.000402      1.63         2    0.0786      0.585      0.944       0.88      0.722       1.57
Train       0.794     0.0627      0.852   0.000598       1.71
Val  249/272     273/273     0.776    0.0609     0.834  0.000568      1.67         2    0.0794      0.591       0.94      0.882      0.726       1.57
Train        0.75     0.0621       0.86      0.002       1.67
Val  250/272     273/273     0.751    0.0622     0.858    0.0011      1.67         2    0.0955       0.58      0.941      0.881      0.718       1.56
Train       0.822     0.0616      0.819    0.00179        1.7
Val  251/272     273/273     0.776    0.0602      0.79   0.00136      1.63         2    0.0746        0.6      0.942      0.882      0.733       1.57
Train       0.778     0.0661      0.958    0.00106        1.8
Val  252/272     273/273     0.783    0.0662     0.916  0.000765      1.77         2    0.0742      0.597      0.939      0.879       0.73       1.58
Train       0.778     0.0617      0.844   0.000705       1.68
Val  253/272     273/273     0.774    0.0618     0.811  0.000641      1.65         2    0.0905      0.562      0.943      0.884      0.705       1.55
Train       0.783     0.0602      0.797    0.00115       1.64
Val  254/272     273/273     0.773    0.0598     0.786  0.000829      1.62         2    0.0867      0.597      0.937      0.882       0.73       1.58
Train       0.797      0.061      0.844    0.00117        1.7
Val  255/272     273/273     0.784      0.06     0.828   0.00112      1.67         2    0.0888      0.557      0.949      0.887      0.702       1.55
Train        0.82     0.0607      0.789    0.00095       1.67
Val  256/272     273/273      0.81    0.0599     0.796   0.00108      1.67         2    0.0884      0.565      0.948      0.888      0.708       1.55
Train       0.785     0.0604      0.898    0.00112       1.74
Val  257/272     273/273     0.781    0.0607     0.885   0.00108      1.73         2    0.0709      0.657      0.931      0.876       0.77       1.64
Train       0.817     0.0641      0.912   0.000904       1.79
Val  258/272     273/273     0.796    0.0635     0.869  0.000787      1.73         2    0.0769       0.59      0.943      0.885      0.726       1.57
Train       0.821     0.0652      0.852    0.00122       1.74
Val  259/272     273/273     0.801     0.062     0.819   0.00105      1.68         2    0.0796      0.575      0.942      0.883      0.714       1.57
Train       0.774     0.0625      0.822    0.00267       1.66
Val  260/272     273/273     0.777    0.0625     0.813    0.0013      1.65         2    0.0817      0.574      0.943      0.888      0.714       1.55
Train       0.777     0.0587      0.797   0.000628       1.63
Val  261/272     273/273     0.767    0.0611     0.811  0.000663      1.64         2    0.0911      0.566      0.945      0.889      0.708       1.55
Train       0.825     0.0593      0.801   0.000691       1.69
Val  262/272     273/273     0.792    0.0607     0.818  0.000533      1.67         2    0.0753       0.58      0.941      0.881      0.718       1.56
Train       0.791     0.0611      0.822   0.000625       1.67
Val  263/272     273/273     0.786    0.0615     0.833   0.00102      1.68         2    0.0792      0.589      0.941      0.884      0.725       1.56
Train       0.808     0.0601      0.863   0.000686       1.73
Val  264/272     273/273     0.796      0.06     0.827  0.000554      1.68         2    0.0785        0.6      0.941      0.881      0.733       1.57
Train       0.785     0.0618      0.893    0.00408       1.74
Val  265/272     273/273     0.785    0.0613     0.833   0.00191      1.68         2    0.0906      0.585      0.946      0.886      0.723       1.56
Train       0.805     0.0577      0.793   0.000538       1.66
Val  266/272     273/273     0.781    0.0582     0.783  0.000513      1.62         2    0.0709      0.615      0.941      0.888      0.744       1.57
Train       0.812     0.0618      0.915   0.000755       1.79
Val  267/272     273/273     0.806    0.0602     0.832  0.000851       1.7         2     0.095      0.589      0.938      0.879      0.723       1.57
Train       0.805     0.0614      0.805   0.000795       1.67
Val  268/272     273/273     0.784    0.0618     0.831  0.000817      1.68         2    0.0873      0.583      0.941      0.882       0.72       1.57
Train       0.829     0.0587      0.772   0.000443       1.66
Val  269/272     273/273     0.797    0.0593     0.805   0.00065      1.66         2    0.0746       0.61      0.934      0.878      0.738       1.59
Train       0.812     0.0653       0.89   0.000544       1.77
Val  270/272     273/273     0.801    0.0618     0.819  0.000481      1.68         2    0.0919      0.564      0.946      0.886      0.706       1.55
Train         0.8      0.058      0.801   0.000521       1.66
Val  271/272     273/273     0.777    0.0585     0.772  0.000579      1.61         2    0.0745      0.603      0.942      0.883      0.735       1.58
Train       0.751     0.0612      0.818   0.000507       1.63
Val  272/272     273/273     0.758    0.0604     0.811    0.0008      1.63         2    0.0889      0.567      0.942      0.883      0.708       1.56
