0 0.078125 0.6806640625 0.0234375 0.0947265625
0 0.12109375 0.328125 0.01171875 0.056640625
0 0.23828125 0.365234375 0.013671875 0.0595703125
0 0.3291015625 0.39453125 0.01171875 0.0625
0 0.3984375 0.41015625 0.0166015625 0.0634765625
0 0.396484375 0.34765625 0.017578125 0.0537109375
0 0.4130859375 0.3583984375 0.015625 0.056640625
0 0.4580078125 0.5205078125 0.017578125 0.078125
0 0.52734375 0.447265625 0.0166015625 0.0751953125
0 0.5712890625 0.388671875 0.0107421875 0.0517578125
0 0.4521484375 0.2587890625 0.0146484375 0.0419921875
0 0.4189453125 0.2041015625 0.009765625 0.04296875
0 0.6044921875 0.2744140625 0.0107421875 0.0498046875
0 0.6767578125 0.3271484375 0.01171875 0.052734375
0 0.6904296875 0.34765625 0.013671875 0.0576171875
0 0.7587890625 0.3642578125 0.0126953125 0.0625
0 0.71875 0.49609375 0.015625 0.0751953125
0 0.7763671875 0.56640625 0.0166015625 0.0732421875
0 0.7900390625 0.5048828125 0.017578125 0.0751953125
0 0.9169921875 0.5029296875 0.015625 0.07421875
0 0.95703125 0.310546875 0.015625 0.0517578125
