   0/272   4450/4450       1.3     0.312      5.92     0.685      8.22         9     0.229      0.841      0.563      0.507      0.675       1.99
   1/272   4450/4450      1.25     0.165     0.285   0.00197      1.71         9     0.229       0.77      0.566      0.487      0.653       1.75
   2/272   4450/4450      1.26      0.17     0.278   0.00142      1.71         9      0.23      0.807      0.585       0.52      0.678       1.79
   3/272   4450/4450      1.26     0.184     0.275  0.000698      1.72         9     0.228      0.805      0.609      0.543      0.693       1.75
   4/272   4450/4450      1.25     0.177     0.273  0.000899       1.7         9      0.23      0.785        0.6      0.523       0.68       2.15
   5/272   4450/4450      1.25     0.195     0.271  0.000372      1.72         8     0.227      0.783       0.63      0.558      0.698          2
   6/272   4450/4450      1.25     0.203      0.27  0.000842      1.73         9     0.232       0.75      0.625      0.534      0.682       1.73
   7/272   4450/4450      1.27      0.19     0.268  0.000353      1.72         9      0.23      0.777      0.626      0.553      0.694       1.86
   8/272   4450/4450      1.25     0.198     0.269  0.000443      1.72         9     0.227      0.709      0.545      0.427      0.617       1.68
   9/272   4450/4450      1.23     0.191     0.267  0.000576      1.69         9     0.228      0.792      0.624      0.548      0.698       1.85
  10/272   4450/4450      1.25     0.197     0.267  0.000734      1.71         9     0.231      0.778      0.599      0.504      0.677       2.12
  11/272   4450/4450      1.25     0.204     0.266  0.000456      1.72         8     0.227      0.813      0.629       0.56      0.709       1.85
  12/272   4450/4450      1.26     0.168     0.266  0.000478      1.69         9     0.228      0.772        0.6      0.481      0.675       1.71
  13/272   4450/4450      1.27     0.171     0.266  0.000258      1.71         9     0.225      0.784       0.63       0.55      0.699       1.77
  14/272   4450/4450      1.24     0.178     0.266  0.000338      1.68         9     0.229      0.742      0.611      0.521       0.67       1.72
  15/272   4450/4450      1.27     0.191     0.265  0.000405      1.72         9     0.231      0.768      0.621      0.532      0.686       2.63
  16/272   4450/4450      1.26       0.2     0.265  0.000337      1.73         9     0.231      0.792      0.629      0.552      0.701       1.98
  17/272   4450/4450      1.24     0.191     0.264  0.000232       1.7         9      0.23       0.83       0.64      0.581      0.723       1.68
  18/272   4450/4450      1.24     0.161     0.264  0.000276      1.67         8     0.229      0.741      0.612      0.501       0.67        2.2
  19/272   4450/4450      1.23     0.185     0.264  0.000399      1.68         9      0.23      0.749       0.59      0.497       0.66       1.71
  20/272   4450/4450      1.24     0.159     0.264  0.000427      1.67         9     0.227      0.806      0.635      0.554       0.71        1.8
  21/272   4450/4450      1.23      0.19     0.264  0.000318      1.69         8     0.229      0.726      0.618      0.514      0.667       1.91
  22/272   4450/4450      1.28     0.172     0.264  0.000288      1.71         9      0.23      0.734      0.598      0.492      0.659       1.89
  23/272   4450/4450      1.25     0.191     0.263  0.000324       1.7         8     0.228      0.736       0.62       0.52      0.673       1.72
  24/272   4450/4450      1.26     0.222     0.264  0.000291      1.75         8     0.227      0.796      0.645      0.572      0.712       1.79
  25/272   4450/4450      1.25     0.178     0.263  0.000303      1.69         9     0.233       0.78      0.619      0.542       0.69       1.87
  26/272   4450/4450      1.23     0.159     0.263  0.000287      1.66         9     0.229      0.808       0.62       0.55      0.702       1.63
  27/272   4450/4450      1.25     0.175     0.263  0.000403      1.69         9     0.227      0.688      0.606      0.488      0.644       2.04
  28/272   4450/4450      1.26      0.21     0.263  0.000272      1.73         8     0.228      0.806      0.632      0.566      0.708       1.72
  29/272   4450/4450      1.25     0.203     0.263  0.000313      1.72         9     0.232      0.736      0.615      0.508       0.67       1.91
  30/272   4450/4450      1.25     0.341     0.264    0.0003      1.86         9     0.226      0.723      0.578      0.474      0.642       1.81
  31/272   4450/4450      1.25      0.19     0.263  0.000281       1.7         8      0.23      0.699      0.593      0.472      0.642       1.97
  32/272   4450/4450      1.26     0.202     0.262  0.000249      1.73         8     0.227      0.769      0.639      0.551      0.698       2.09
  33/272   4450/4450      1.26     0.229     0.264  0.000337      1.75         8     0.227      0.764       0.62      0.528      0.684       2.29
  34/272   4450/4450      1.25     0.205     0.263  0.000337      1.72         9     0.229      0.781      0.642      0.558      0.704        2.2
  35/272   4450/4450      1.26     0.211     0.263  0.000312      1.73         8     0.231        0.8      0.639      0.564       0.71       1.92
  36/272   4450/4450      1.27     0.217     0.263  0.000225      1.75         8     0.229      0.769      0.611      0.525      0.681       1.66
  37/272   4450/4450      1.25     0.184     0.263  0.000263       1.7         9     0.232      0.791      0.667      0.597      0.724       1.72
  38/272   4450/4450      1.25     0.176     0.263  0.000414      1.69         9     0.232      0.756      0.632      0.543      0.689       1.98
  39/272   4450/4450      1.25     0.178     0.263  0.000215      1.69         9     0.227      0.672      0.584      0.457      0.625       2.09
  40/272   4450/4450      1.25     0.177     0.261   0.00023      1.69         9      0.23      0.767      0.619      0.528      0.685       1.95
  41/272   4450/4450      1.25     0.196     0.262  0.000302      1.71         9      0.23      0.755      0.621      0.511      0.681       2.05
  42/272   4450/4450      1.25     0.197     0.262  0.000334      1.71         9     0.226      0.824      0.633      0.572      0.716       1.76
  43/272   4450/4450      1.23     0.214     0.263  0.000282      1.71         9     0.227      0.768       0.61      0.522       0.68       1.84
  44/272   4450/4450      1.27     0.197     0.262  0.000313      1.72         8      0.23      0.735      0.625      0.529      0.676       1.79
  45/272   4450/4450      1.27     0.178     0.262  0.000316      1.71         9     0.226      0.802       0.62      0.547      0.699       1.89
  46/272   4450/4450      1.26     0.181     0.262   0.00034      1.71         9     0.228      0.804      0.659      0.582      0.724       1.92
  47/272   4450/4450      1.26     0.156     0.263   0.00034      1.68         9     0.229      0.743      0.598        0.5      0.662       1.72
  48/272   4450/4450      1.24     0.185     0.263  0.000345      1.69         8     0.227      0.732      0.573      0.437      0.643       1.81
  49/272   4450/4450      1.25     0.172     0.262  0.000214      1.68         9     0.227      0.774      0.638      0.547        0.7       1.89
  50/272   4450/4450      1.27     0.169     0.262  0.000279       1.7         9     0.227      0.758      0.608      0.511      0.675       2.17
  51/272   4450/4450      1.25     0.214     0.262  0.000258      1.72         9     0.231       0.76      0.643      0.547      0.696       2.45
  52/272   4450/4450      1.26     0.235     0.262  0.000274      1.76         9      0.23      0.712      0.589      0.473      0.645       1.83
  53/272   4450/4450      1.27     0.195     0.262  0.000271      1.73         9     0.233      0.815      0.654      0.586      0.726       1.64
  54/272   4450/4450      1.25     0.193     0.262  0.000259      1.71         9     0.231      0.727      0.636      0.526      0.678       2.12
  55/272   4450/4450      1.26     0.182     0.262  0.000228       1.7         9     0.226      0.711       0.59       0.46      0.645       1.93
  56/272   4450/4450      1.24     0.158     0.262  0.000241      1.66         9     0.232      0.818      0.646      0.584      0.722        1.7
  57/272   4450/4450      1.26     0.183     0.262  0.000304      1.71         9     0.227      0.687      0.565      0.413       0.62       2.85
  58/272   4450/4450      1.28      0.19     0.262  0.000315      1.74         9     0.228      0.739      0.638      0.545      0.685       2.07
  59/272   4450/4450      1.26     0.194     0.262  0.000366      1.72         9      0.23       0.75       0.61      0.518      0.673       1.79
  60/272   4450/4450      1.25     0.198     0.262  0.000309      1.71         9      0.23       0.81      0.638      0.551      0.714       1.63
  61/272   4450/4450      1.24     0.183     0.261   0.00032      1.69         8     0.231      0.784      0.638      0.565      0.703       1.71
  62/272   4450/4450      1.25     0.193     0.262  0.000251       1.7         9     0.231       0.73      0.594       0.49      0.655       2.11
  63/272   4450/4450      1.26     0.181     0.263  0.000314      1.71         9     0.229      0.727      0.584      0.449      0.647       1.93
  64/272   4450/4450      1.25     0.189     0.262  0.000264       1.7         9     0.232      0.803      0.646      0.569      0.716       1.99
  65/272   4450/4450      1.23     0.155     0.262  0.000306      1.65         9      0.23      0.757      0.592      0.477      0.665       2.02
  66/272   4450/4450      1.25     0.164     0.262  0.000207      1.68         9     0.228      0.658      0.601       0.47      0.628        1.8
  67/272   4450/4450      1.22     0.187     0.262  0.000356      1.67         8      0.23      0.696      0.578      0.458      0.632       1.89
  68/272   4450/4450      1.25     0.199     0.262  0.000316      1.71         9     0.229      0.795      0.634      0.556      0.706       2.15
  69/272   4450/4450      1.25     0.163     0.262  0.000258      1.67         9     0.229      0.826      0.658      0.591      0.732       1.65
  70/272   4450/4450      1.27     0.183     0.261  0.000299      1.71         9     0.227        0.8      0.663       0.59      0.725       2.05
  71/272   4450/4450      1.25     0.204     0.261  0.000267      1.72         9      0.23      0.779       0.62       0.54      0.691       1.71
  72/272   4450/4450      1.27     0.171     0.262  0.000265       1.7         9     0.228      0.828      0.628      0.571      0.715       1.84
  73/272   4450/4450      1.25     0.166     0.262  0.000299      1.68         9      0.23       0.79      0.637      0.549      0.705       2.21
  74/272   4450/4450      1.26     0.225     0.262  0.000359      1.75         9     0.227      0.709      0.571      0.472      0.633       1.83
  75/272   4450/4450      1.25     0.165     0.261  0.000311      1.68         9      0.23      0.751      0.593      0.486      0.663        2.2
  76/272   4450/4450      1.25     0.202     0.263  0.000342      1.72         8     0.227      0.806      0.642      0.571      0.715       1.63
  77/272   4450/4450      1.27     0.183     0.262  0.000267      1.71         9     0.227      0.777      0.635      0.536      0.698       1.81
  78/272   4450/4450      1.25     0.213     0.261  0.000294      1.73         9     0.231      0.719      0.609      0.506       0.66       1.81
  79/272   4450/4450      1.24     0.163     0.262   0.00027      1.67         9     0.226      0.802       0.64       0.56      0.712       1.77
  80/272   4450/4450      1.24     0.203     0.261  0.000251      1.71         9     0.229      0.762      0.622      0.536      0.685        1.8
  81/272   4450/4450      1.26     0.178     0.262  0.000284       1.7         9      0.23      0.803      0.644      0.569      0.715       1.73
  82/272   4450/4450      1.27     0.186     0.262  0.000311      1.71         9     0.227      0.701      0.618       0.51      0.657       2.02
  83/272   4450/4450      1.25     0.177     0.262  0.000318      1.69         9     0.257      0.831      0.664      0.605      0.738       1.71
  84/272   4450/4450      1.25     0.185     0.261  0.000224       1.7         9     0.228      0.644      0.577      0.445      0.609       2.09
  85/272   4450/4450      1.25     0.178     0.262  0.000338      1.69         9     0.227      0.759      0.641      0.557      0.695       2.28
  86/272   4450/4450      1.25     0.183     0.262  0.000358      1.69         9     0.226      0.709        0.6       0.49       0.65       1.64
  87/272   4450/4450      1.26     0.164     0.262  0.000358      1.68         9     0.226      0.659      0.558      0.405      0.604       1.74
  88/272   4450/4450      1.23     0.223     0.262  0.000294      1.72         9      0.23      0.692      0.607      0.484      0.647       2.29
