Train        2.07       1.59       54.2       7.55       65.4
Val    0/272       52/52      1.91      1.23      22.8      3.33      29.3         2      2.35          0          0          0          0       10.4
Train        1.56      0.422       6.96     0.0748       9.02
Val    1/272       52/52      1.59     0.359      6.94    0.0852      8.97         3     0.138          0          0          0          0       9.25
Train         1.5      0.293       6.17     0.0155       7.98
Val    2/272       52/52      1.44     0.283       6.1    0.0212      7.84         3     0.138          0          0          0          0       8.18
Train        1.52      0.242       5.16      0.187       7.12
Val    3/272       52/52      1.44     0.222      5.13    0.0819      6.87         3     0.136          0          0          0          0       6.91
Train        1.54      0.164       4.56     0.0163       6.28
Val    4/272       52/52      1.53     0.178      4.34    0.0256      6.08         3     0.137      0.692     0.0179     0.0151      0.035        6.2
Train        1.43      0.264       3.69     0.0291       5.41
Val    5/272       52/52      1.36      0.27      3.55    0.0243      5.21         3     0.137      0.524      0.241      0.153       0.33       5.48
Train        1.46      0.198       3.25    0.00623       4.91
Val    6/272       52/52      1.44      0.19      3.16    0.0105       4.8         3     0.136      0.458      0.275      0.181      0.344       5.09
Train        1.59      0.181       2.92    0.00507        4.7
Val    7/272       52/52       1.5     0.203      2.87   0.00868      4.58         3     0.138      0.512      0.297      0.207      0.376       4.94
Train        1.56      0.224       2.73     0.0158       4.53
Val    8/272       52/52      1.49     0.218      2.65    0.0185      4.37         2     0.135      0.548      0.305      0.231      0.392       4.51
Train        1.36      0.218       2.46    0.00574       4.04
Val    9/272       52/52      1.43      0.23      2.36   0.00735      4.02         3     0.139      0.571      0.273      0.203      0.369       4.04
Train         1.3      0.199       2.11    0.00454       3.62
Val   10/272       52/52      1.32     0.181      2.07   0.00533      3.57         3     0.137      0.606      0.303      0.236      0.404       3.75
Train        1.42      0.204       1.83     0.0066       3.46
Val   11/272       52/52      1.42     0.212      1.79   0.00652      3.42         3     0.135      0.482      0.301      0.213      0.371       3.54
Train        1.51      0.182       1.59     0.0044       3.28
Val   12/272       52/52      1.48     0.203      1.51   0.00497      3.19         3     0.134      0.584      0.388      0.301      0.467       3.24
Train         1.4      0.168       1.37    0.00353       2.94
Val   13/272       52/52      1.42     0.155       1.3    0.0055      2.88         3     0.133       0.67      0.498      0.418      0.571       3.01
Train         1.4      0.143       1.25    0.00297       2.79
Val   14/272       52/52       1.4     0.177      1.21   0.00388      2.79         3     0.137      0.637       0.58      0.478      0.607       3.07
Train        1.54      0.187       1.19    0.00494       2.92
Val   15/272       52/52      1.44       0.2      1.15     0.006       2.8         3     0.139      0.599       0.58      0.435      0.589       2.94
Train        1.61      0.181       1.13    0.00348       2.93
Val   16/272       52/52      1.54     0.173      1.08   0.00399       2.8         3     0.134      0.614      0.622      0.508      0.618       3.42
Train        1.52      0.175        1.1    0.00297       2.79
Val   17/272       52/52      1.47     0.179      1.09   0.00343      2.74         3     0.141      0.649      0.673      0.579      0.661       2.89
Train        1.52       0.14          1    0.00421       2.66
Val   18/272       52/52      1.45     0.154      1.03   0.00793      2.64         3     0.136      0.621      0.681      0.584       0.65          3
Train        1.52      0.207       1.03    0.00513       2.76
Val   19/272       52/52      1.39     0.161     0.988   0.00399      2.54         3     0.135      0.639      0.631      0.505      0.635        2.7
Train         1.4      0.137      0.943     0.0019       2.48
Val   20/272       52/52      1.34      0.15     0.966   0.00256      2.46         3     0.138      0.611      0.711      0.608      0.657       2.57
Train         1.4      0.158       1.06     0.0053       2.63
Val   21/272       52/52      1.37     0.164     0.996   0.00844      2.54         3     0.137      0.621      0.671      0.564      0.645       2.58
Train        1.39      0.167      0.986    0.00278       2.55
Val   22/272       52/52      1.36     0.152     0.968   0.00293      2.49         3     0.136      0.627      0.691      0.589      0.658       2.59
Train         1.4      0.138      0.864    0.00215       2.41
Val   23/272       52/52      1.41     0.138     0.892   0.00269      2.45         3     0.136      0.583      0.625      0.494      0.603       2.92
Train        1.45      0.137      0.875    0.00223       2.46
Val   24/272       52/52      1.32     0.143     0.909   0.00216      2.37         3     0.136      0.634      0.699       0.59      0.665       2.55
Train        1.51      0.161       0.86    0.00188       2.53
Val   25/272       52/52      1.43     0.151     0.876   0.00208      2.46         3      0.14      0.674      0.691      0.615      0.682       2.71
Train         1.4      0.147      0.891    0.00409       2.45
Val   26/272       52/52      1.34     0.157     0.891   0.00544       2.4         3      0.14      0.646      0.723       0.63      0.682       2.55
Train        1.53      0.128      0.806    0.00146       2.47
Val   27/272       52/52      1.45     0.135     0.823    0.0024      2.41         3     0.138      0.674      0.715      0.641      0.694       2.44
Train        1.34      0.155       0.85    0.00207       2.34
Val   28/272       52/52      1.29     0.166     0.862   0.00392      2.32         3     0.135      0.644      0.673       0.56      0.658       2.59
Train        1.35      0.159      0.871     0.0106       2.39
Val   29/272       52/52      1.27     0.133     0.867   0.00594      2.27         3     0.137      0.672      0.707      0.611      0.689       2.67
Train        1.28      0.108      0.771    0.00138       2.16
Val   30/272       52/52      1.22     0.116     0.794   0.00155      2.13         3     0.135      0.584      0.691      0.564      0.633        2.7
Train         1.4      0.123      0.819    0.00157       2.35
Val   31/272       52/52      1.38     0.123     0.815    0.0025      2.32         3     0.134      0.632      0.731      0.635      0.678       2.53
Train        1.39      0.121      0.807    0.00141       2.32
Val   32/272       52/52      1.44      0.13       0.8   0.00289      2.37         3     0.136      0.612      0.667      0.523      0.639       2.79
Train        1.59      0.153      0.792    0.00195       2.53
Val   33/272       52/52      1.46     0.159     0.786   0.00176      2.41         3     0.134      0.642      0.683       0.59      0.662       2.59
Train        1.32      0.128      0.794    0.00439       2.24
Val   34/272       52/52      1.27     0.141      0.79   0.00393       2.2         3     0.135      0.604      0.661      0.503      0.631       2.48
Train        1.38      0.132      0.757    0.00157       2.27
Val   35/272       52/52      1.32      0.14     0.771   0.00182      2.23         3     0.134       0.66      0.739      0.644      0.697       2.52
Train        1.28      0.119      0.743    0.00147       2.14
Val   36/272       52/52      1.32     0.116     0.735   0.00171      2.17         3     0.135      0.664      0.733      0.645      0.697       2.41
Train        1.35       0.12      0.737    0.00199       2.21
Val   37/272       52/52      1.35     0.122     0.738    0.0052      2.22         3     0.134      0.634      0.749      0.642      0.687        2.4
Train        1.38      0.116      0.747    0.00137       2.24
Val   38/272       52/52      1.28     0.124     0.735   0.00148      2.14         3     0.136      0.608      0.649      0.494      0.628       2.44
Train        1.24      0.139      0.746    0.00125       2.12
Val   39/272       52/52      1.23     0.149      0.74   0.00135      2.12         3     0.138      0.654      0.767      0.662      0.706       2.28
Train        1.32      0.124      0.715    0.00139       2.16
Val   40/272       52/52      1.27     0.123      0.71   0.00124      2.11         3     0.136        0.6      0.733      0.594       0.66       2.41
Train        1.29      0.112      0.751    0.00137       2.15
Val   41/272       52/52      1.25     0.116      0.76    0.0016      2.12         3     0.133      0.654      0.761      0.661      0.703       2.41
Train         1.3      0.154      0.753    0.00115       2.21
Val   42/272       52/52      1.31     0.142     0.738   0.00111      2.19         3     0.139       0.67      0.737      0.645      0.702       2.32
Train        1.37      0.119      0.747    0.00155       2.23
Val   43/272       52/52      1.33     0.121     0.738   0.00211       2.2         3     0.135      0.668      0.771      0.678      0.716       2.47
Train        1.22      0.149      0.717    0.00104       2.09
Val   44/272       52/52      1.21     0.148     0.708   0.00149      2.07         3     0.134      0.638      0.705      0.563       0.67       2.53
Train        1.35      0.134      0.755    0.00208       2.24
Val   45/272       52/52      1.33     0.126     0.713   0.00342      2.17         3     0.139      0.614      0.727      0.601      0.666        2.3
Train        1.25      0.116      0.696    0.00177       2.07
Val   46/272       52/52      1.26     0.117     0.706   0.00156      2.09         3     0.142       0.65      0.729      0.638      0.687       2.36
Train        1.29      0.142      0.696     0.0023       2.13
Val   47/272       52/52       1.3     0.162     0.687    0.0102      2.15         2     0.136      0.666      0.747      0.653      0.704       2.21
Train        1.31       0.11      0.682   0.000865        2.1
Val   48/272       52/52      1.28     0.119     0.665   0.00097      2.07         3     0.135      0.666      0.735      0.639      0.699        2.3
Train        1.29      0.131      0.663     0.0011       2.09
Val   49/272       52/52      1.37     0.121     0.656   0.00142      2.14         2     0.136       0.66      0.753      0.659      0.703       2.14
Train         1.3      0.115      0.655   0.000947       2.07
Val   50/272       52/52      1.27     0.118     0.642   0.00106      2.03         3     0.136      0.638      0.727      0.609       0.68       2.36
Train        1.22      0.112      0.621   0.000839       1.96
Val   51/272       52/52      1.23     0.136     0.633   0.00179         2         3     0.135      0.637      0.771      0.659      0.697       2.24
Train        1.28      0.122      0.644     0.0011       2.05
Val   52/272       52/52      1.23     0.125     0.663   0.00162      2.02         3     0.136      0.637      0.741      0.625      0.685        2.2
Train        1.28      0.146      0.631   0.000812       2.06
Val   53/272       52/52       1.3     0.133     0.632   0.00105      2.06         3     0.139       0.67      0.757      0.664      0.711        2.1
Train         1.2      0.117      0.621   0.000825       1.93
Val   54/272       52/52      1.18     0.135      0.61   0.00101      1.93         3     0.137       0.61      0.723      0.604      0.662       2.29
Train        1.31       0.12      0.652    0.00105       2.08
Val   55/272       52/52      1.28     0.131     0.648   0.00123      2.06         3     0.135      0.631      0.707       0.58      0.667        2.2
Train        1.31      0.178      0.676   0.000888       2.16
Val   56/272       52/52      1.27     0.154     0.648   0.00112      2.07         3     0.138      0.663      0.741      0.643        0.7       2.17
Train        1.28      0.108       0.62    0.00204       2.01
Val   57/272       52/52      1.21     0.128     0.625   0.00156      1.97         3     0.135      0.603      0.733      0.611      0.662       2.08
Train         1.3      0.146      0.636   0.000839       2.09
Val   58/272       52/52      1.31     0.141     0.637  0.000941      2.09         3     0.139      0.644      0.731       0.62      0.685       2.14
Train         1.3      0.124      0.595      0.001       2.02
Val   59/272       52/52      1.26     0.119     0.592   0.00123      1.97         3     0.136      0.621      0.675      0.557      0.647       2.43
Train        1.27      0.142      0.601     0.0014       2.02
Val   60/272       52/52      1.29     0.126     0.591   0.00147         2         2     0.135      0.633      0.745      0.644      0.684       2.08
Train        1.46       0.11      0.601    0.00096       2.18
Val   61/272       52/52      1.44     0.112       0.6   0.00136      2.15         3     0.138       0.68      0.749      0.658      0.713       2.15
Train        1.35      0.138      0.612    0.00182        2.1
Val   62/272       52/52      1.33     0.181     0.607     0.002      2.12         3     0.137      0.627      0.751      0.651      0.684        2.1
Train        1.27      0.217      0.566    0.00252       2.05
Val   63/272       52/52      1.29     0.206     0.576   0.00241      2.08         3     0.138      0.665      0.751      0.653      0.705       2.25
Train        1.37      0.153      0.628     0.0013       2.15
Val   64/272       52/52      1.35       0.2     0.601   0.00123      2.15         3     0.139      0.589      0.624      0.458      0.606       2.25
Train        1.23      0.167       0.57   0.000651       1.97
Val   65/272       52/52      1.26     0.174     0.585  0.000738      2.02         2     0.134      0.631      0.747      0.641      0.684       2.22
Train        1.28      0.141      0.583   0.000572          2
Val   66/272       52/52      1.26     0.133     0.567  0.000722      1.96         3     0.137      0.596      0.665       0.52      0.629       2.09
Train        1.23       0.12      0.583   0.000913       1.93
Val   67/272       52/52      1.22     0.118     0.554  0.000869      1.89         3     0.137      0.655      0.757      0.653      0.702       2.03
Train        1.35      0.142      0.543    0.00147       2.03
Val   68/272       52/52      1.29     0.134     0.563   0.00132      1.99         3      0.14      0.614      0.727      0.601      0.666       1.97
Train        1.44      0.127      0.523    0.00106       2.09
Val   69/272       52/52      1.33     0.126     0.534   0.00173      1.99         3     0.136      0.647      0.693      0.582      0.669       2.04
Train        1.34      0.126      0.561   0.000893       2.03
Val   70/272       52/52      1.31     0.128     0.565  0.000821         2         3     0.136      0.624      0.789      0.684      0.697       2.06
Train        1.25      0.121      0.543    0.00083       1.91
Val   71/272       52/52      1.27     0.134     0.536  0.000772      1.94         3     0.135      0.669      0.749      0.656      0.707       2.22
Train        1.34      0.102       0.54   0.000702       1.98
Val   72/272       52/52      1.25     0.115     0.543  0.000689      1.91         3     0.134      0.674      0.779       0.68      0.723       2.04
Train        1.23      0.146      0.576    0.00098       1.95
Val   73/272       52/52      1.24     0.154     0.555   0.00307      1.95         3     0.137      0.604      0.679      0.526      0.639        2.2
Train        1.31       0.16      0.499   0.000637       1.97
Val   74/272       52/52      1.29     0.177     0.506  0.000784      1.98         3      0.14      0.599      0.697      0.528      0.645       2.28
Train        1.37      0.144      0.533   0.000889       2.05
Val   75/272       52/52      1.38     0.133      0.53  0.000821      2.05         3     0.134      0.634      0.767      0.647      0.694       2.02
Train        1.25      0.114      0.519   0.000958       1.88
Val   76/272       52/52      1.28     0.109     0.531  0.000901      1.92         3     0.135      0.611      0.765      0.614       0.68       2.18
Train        1.32      0.112      0.509   0.000589       1.95
Val   77/272       52/52      1.28     0.117     0.519  0.000787      1.91         3     0.133      0.666      0.771      0.672      0.715       2.06
Train        1.34      0.121       0.52    0.00152       1.98
Val   78/272       52/52      1.29     0.128     0.514   0.00106      1.93         3     0.135      0.654      0.763      0.654      0.704       1.99
Train        1.27      0.123      0.522   0.000807       1.92
Val   79/272       52/52      1.28     0.114     0.518  0.000934      1.91         3     0.137      0.601      0.661      0.525       0.63       2.12
Train        1.23      0.159      0.488    0.00243       1.88
Val   80/272       52/52      1.27     0.153     0.493   0.00265      1.92         3     0.133      0.632      0.739      0.614      0.681       2.07
Train        1.45      0.106      0.511    0.00208       2.07
Val   81/272       52/52      1.39     0.108     0.509   0.00209      2.01         3     0.137      0.596      0.747      0.596      0.663       1.93
Train        1.21       0.13      0.492   0.000633       1.83
Val   82/272       52/52      1.21     0.137      0.51  0.000863      1.86         3     0.139      0.643      0.761      0.646      0.697          2
Train        1.39      0.105      0.486   0.000981       1.98
Val   83/272       52/52      1.36     0.108     0.485   0.00128      1.95         3     0.135      0.651      0.777       0.67      0.708       2.03
Train        1.27      0.116      0.463   0.000649       1.85
Val   84/272       52/52      1.23     0.117     0.486  0.000966      1.84         3     0.135       0.62      0.695      0.565      0.655       2.09
Train        1.15      0.125      0.512   0.000873       1.79
Val   85/272       52/52      1.16     0.114     0.492  0.000794      1.76         3     0.138      0.635      0.767      0.658      0.695          2
Train        1.29      0.102      0.474   0.000538       1.87
Val   86/272       52/52      1.28     0.117     0.484  0.000944      1.88         2     0.136      0.574      0.699      0.531      0.631       2.22
Train        1.31      0.115      0.487   0.000841       1.91
Val   87/272       52/52      1.35     0.111     0.485   0.00101      1.95         3     0.136      0.618      0.745      0.621      0.676       1.93
Train        1.32      0.124      0.512    0.00607       1.96
Val   88/272       52/52       1.3     0.134       0.5   0.00239      1.94         3      0.14      0.558      0.779      0.588       0.65       1.84
Train        1.43      0.142      0.473   0.000522       2.05
Val   89/272       52/52      1.44     0.134     0.478  0.000573      2.06         3      0.14      0.462      0.576      0.344      0.512       2.38
Train        1.29      0.132        0.5   0.000629       1.92
Val   90/272       52/52      1.25     0.131     0.493  0.000983      1.87         3     0.136      0.638      0.757      0.632      0.692       1.98
Train        1.23       0.11      0.448   0.000601       1.79
Val   91/272       52/52      1.21     0.115     0.443  0.000467      1.77         3     0.138      0.627      0.759      0.631      0.686       1.91
Train        1.24      0.125      0.467    0.00115       1.83
Val   92/272       52/52      1.23     0.126     0.474   0.00121      1.83         3     0.138      0.615      0.751       0.61      0.676       1.95
Train        1.34      0.119       0.46   0.000641       1.91
Val   93/272       52/52      1.29      0.12     0.452   0.00109      1.87         2     0.135      0.515      0.773      0.563      0.618       1.99
Train        1.23      0.124      0.479   0.000924       1.84
Val   94/272       52/52      1.25      0.13     0.464  0.000889      1.85         3     0.141      0.612      0.775      0.644      0.684       1.87
Train        1.18      0.107      0.476    0.00046       1.76
Val   95/272       52/52      1.24     0.116     0.463  0.000631      1.82         3     0.135      0.554      0.675      0.488      0.609       2.15
Train        1.33      0.113      0.483   0.000663       1.93
Val   96/272       52/52      1.23     0.121     0.478  0.000806      1.83         3     0.137      0.614      0.789      0.661       0.69       1.92
Train        1.28      0.151      0.435   0.000884       1.87
Val   97/272       52/52      1.23     0.167      0.45   0.00114      1.84         3     0.139      0.487      0.743      0.562      0.588       2.05
Train        1.28      0.149      0.472    0.00129        1.9
Val   98/272       52/52      1.22      0.12     0.468  0.000794      1.81         3     0.138      0.552      0.767      0.605      0.642        1.9
Train        1.32      0.122      0.437    0.00215       1.88
Val   99/272       52/52      1.26     0.122     0.444   0.00224      1.83         3     0.138      0.618      0.787      0.665      0.692       1.89
Train        1.26      0.123      0.456   0.000689       1.84
Val  100/272       52/52      1.21     0.127     0.458   0.00165       1.8         3     0.136      0.579      0.759      0.622      0.657       1.87
Train        1.25      0.122      0.477   0.000488       1.85
Val  101/272       52/52      1.23     0.114      0.48   0.00173      1.82         2     0.133      0.589      0.783      0.649      0.672       1.79
Train        1.33     0.0884      0.437   0.000604       1.85
Val  102/272       52/52      1.34    0.0924     0.445  0.000695      1.88         3     0.134      0.564      0.719       0.57      0.632       1.89
Train        1.38      0.118      0.428   0.000327       1.92
Val  103/272       52/52       1.4     0.125     0.437  0.000342      1.97         3     0.136      0.577      0.731      0.587      0.645       2.06
Train        1.37      0.129      0.449    0.00479       1.95
Val  104/272       52/52      1.26     0.122     0.443   0.00253      1.83         3     0.135      0.593      0.797       0.66       0.68       1.91
Train        1.28      0.129      0.446    0.00191       1.86
Val  105/272       52/52      1.29     0.133      0.44  0.000973      1.86         3     0.135      0.569      0.783      0.654      0.659       2.02
Train        1.38      0.139      0.439      0.001       1.96
Val  106/272       52/52       1.3     0.126     0.443   0.00146      1.87         2     0.133      0.587      0.713      0.575      0.644       1.87
Train        1.26      0.164      0.448    0.00085       1.88
Val  107/272       52/52      1.25     0.194     0.456  0.000952       1.9         3      0.14      0.573      0.789      0.648      0.664       1.96
Train        1.26      0.128      0.427   0.000493       1.81
Val  108/272       52/52       1.3     0.132     0.434  0.000468      1.87         3     0.137      0.606      0.795      0.677      0.688       1.74
Train         1.3      0.112      0.431      0.001       1.84
Val  109/272       52/52      1.23     0.117     0.437   0.00105      1.79         3     0.136      0.583      0.773      0.655      0.665       1.86
Train        1.22      0.124      0.438   0.000849       1.78
Val  110/272       52/52      1.26     0.128      0.44   0.00104      1.82         3     0.138      0.591      0.793      0.678      0.677       1.87
Train        1.26      0.187      0.448   0.000853       1.89
Val  111/272       52/52      1.35     0.185     0.451  0.000951      1.99         3     0.136      0.564      0.791      0.641      0.658       1.89
Train         1.2       0.14      0.442    0.00052       1.78
Val  112/272       52/52      1.22     0.123     0.437  0.000558      1.78         3     0.135      0.611      0.795      0.692      0.691       1.91
Train        1.36      0.138      0.437    0.00057       1.93
Val  113/272       52/52      1.22     0.131     0.422  0.000539      1.77         3     0.135      0.602      0.799      0.678      0.687       1.82
Train        1.41      0.121      0.448   0.000821       1.98
Val  114/272       52/52       1.4     0.126     0.436  0.000702      1.96         3     0.135      0.549      0.755      0.599      0.636          2
Train        1.29      0.121      0.435   0.000389       1.85
Val  115/272       52/52      1.27      0.13     0.432   0.00052      1.84         2     0.134      0.604      0.797      0.683      0.687       1.86
Train        1.28      0.144      0.432    0.00092       1.86
Val  116/272       52/52       1.3     0.142     0.433   0.00131      1.88         3     0.135      0.584      0.797      0.684      0.674       1.78
Train        1.26      0.116      0.427   0.000544       1.81
Val  117/272       52/52      1.21     0.136     0.428  0.000688      1.78         3     0.134      0.588      0.779      0.661       0.67       1.82
Train        1.26      0.131      0.402    0.00049        1.8
Val  118/272       52/52      1.22      0.12     0.424  0.000625      1.77         3     0.135      0.582      0.803      0.647      0.674       1.83
Train         1.3     0.0996      0.412   0.000743       1.82
Val  119/272       52/52       1.3     0.101     0.416   0.00071      1.81         3     0.136      0.597      0.783      0.664      0.678       1.83
Train        1.36      0.112      0.425   0.000708        1.9
Val  120/272       52/52      1.29     0.134     0.424  0.000855      1.85         3     0.134      0.604      0.801      0.691      0.688       1.84
Train        1.24      0.169      0.428   0.000699       1.83
Val  121/272       52/52      1.19     0.151     0.422  0.000628      1.77         3     0.137      0.591      0.771      0.645      0.669       1.81
Train        1.23       0.13      0.418   0.000863       1.78
Val  122/272       52/52      1.24     0.128     0.419  0.000803      1.79         3     0.137      0.596      0.745      0.639      0.662       1.84
Train        1.28      0.123      0.413   0.000723       1.82
Val  123/272       52/52      1.29     0.118      0.41  0.000649      1.82         3     0.134      0.572      0.731      0.591      0.642       1.97
Train        1.18     0.0974      0.403   0.000443       1.68
Val  124/272       52/52      1.27     0.104     0.415  0.000569      1.79         3     0.139      0.592      0.805      0.698      0.682       1.94
Train        1.29      0.143      0.445   0.000981       1.88
Val  125/272       52/52      1.23     0.165     0.438   0.00147      1.84         2     0.138      0.563      0.779      0.639      0.654       1.92
Train        1.36      0.131      0.412   0.000642       1.91
Val  126/272       52/52      1.32     0.126     0.412  0.000899      1.86         2     0.135      0.593      0.791      0.677      0.677       1.89
Train        1.22       0.11      0.412   0.000459       1.74
Val  127/272       52/52      1.25     0.117     0.424  0.000622      1.79         3     0.134      0.588      0.795      0.685      0.676       1.77
Train        1.26      0.107       0.41   0.000425       1.78
Val  128/272       52/52      1.29      0.11     0.407  0.000432       1.8         3     0.136      0.566      0.795      0.666      0.661       1.82
Train        1.21      0.142      0.426   0.000704       1.78
Val  129/272       52/52      1.23     0.139     0.428  0.000879       1.8         2      0.14       0.61      0.789      0.675      0.688       1.82
Train        1.27       0.11      0.407   0.000673       1.78
Val  130/272       52/52      1.27     0.125     0.408   0.00104      1.81         3      0.14      0.527      0.695       0.49        0.6       2.04
Train        1.26      0.181      0.403     0.0019       1.84
Val  131/272       52/52       1.3     0.165     0.415   0.00204      1.88         3     0.138      0.566      0.761       0.61      0.649       2.02
Train        1.33      0.137      0.389     0.0004       1.85
Val  132/272       52/52      1.25     0.119     0.396   0.00048      1.76         3     0.136      0.593      0.763      0.625      0.667       1.89
Train        1.28      0.101       0.42   0.000806        1.8
Val  133/272       52/52       1.2     0.103     0.429   0.00105      1.73         3     0.137      0.533      0.695      0.515      0.603       1.89
Train        1.41      0.123      0.419    0.00134       1.95
Val  134/272       52/52      1.39     0.124     0.423   0.00135      1.94         3     0.137      0.604      0.819      0.704      0.695       1.94
Train        1.22      0.129      0.411   0.000453       1.76
Val  135/272       52/52      1.26     0.135     0.414  0.000519      1.81         3     0.136      0.591      0.791      0.665      0.676       1.85
Train        1.34      0.149      0.412   0.000424        1.9
Val  136/272       52/52      1.25      0.15     0.419  0.000507      1.82         3     0.138      0.554      0.713      0.522      0.624       1.93
Train        1.36      0.145      0.393   0.000357        1.9
Val  137/272       52/52      1.35     0.138     0.405  0.000426      1.89         3     0.139        0.6      0.787      0.658      0.681        1.8
Train        1.37      0.139      0.401   0.000624       1.91
Val  138/272       52/52      1.27     0.128     0.401  0.000703       1.8         3     0.135       0.63      0.799      0.705      0.704        1.8
Train        1.32        0.1        0.4   0.000507       1.82
Val  139/272       52/52      1.22    0.0947     0.403  0.000873      1.72         3     0.138      0.608      0.799      0.685       0.69       1.74
Train        1.32      0.119      0.397   0.000455       1.84
Val  140/272       52/52      1.33      0.13     0.395  0.000466      1.86         3     0.136      0.597      0.791      0.674       0.68        1.8
Train        1.27      0.111      0.394   0.000506       1.78
Val  141/272       52/52      1.26     0.102     0.393  0.000454      1.75         3     0.137      0.617      0.799      0.685      0.696       1.97
Train         1.4      0.106      0.385   0.000441       1.89
Val  142/272       52/52      1.26     0.105     0.396  0.000524      1.76         3     0.138      0.596      0.807      0.681      0.686       1.69
Train        1.21      0.101        0.4    0.00033       1.71
Val  143/272       52/52      1.22     0.102       0.4  0.000391      1.72         3     0.135      0.629      0.793      0.687      0.701       1.87
Train        1.28      0.118      0.386    0.00043       1.78
Val  144/272       52/52      1.21     0.134     0.388  0.000493      1.73         3     0.137      0.563      0.745      0.571      0.642       1.92
Train        1.29      0.142      0.405    0.00125       1.84
Val  145/272       52/52      1.25     0.111     0.406  0.000956      1.77         3     0.141      0.634      0.793      0.696      0.704       1.81
Train        1.22     0.0942      0.409   0.000429       1.72
Val  146/272       52/52      1.21     0.098     0.403   0.00047      1.71         3     0.138      0.569      0.739      0.593      0.643       1.84
Train        1.34     0.0979      0.411   0.000291       1.85
Val  147/272       52/52      1.32    0.0971     0.406  0.000287      1.82         3     0.136      0.601      0.803      0.689      0.687       1.71
Train        1.26      0.109      0.399   0.000494       1.77
Val  148/272       52/52      1.29     0.127     0.403  0.000511      1.82         3     0.134       0.52      0.687       0.47      0.592       1.94
Train        1.27      0.131      0.397    0.00109        1.8
Val  149/272       52/52      1.24     0.122     0.394   0.00094      1.75         3     0.141      0.563      0.761      0.579      0.647       1.86
Train        1.32      0.126      0.405   0.000699       1.85
Val  150/272       52/52      1.26     0.124     0.401  0.000893      1.79         3     0.136      0.582      0.769      0.632      0.663       1.82
Train        1.22      0.162       0.39   0.000585       1.77
Val  151/272       52/52      1.19     0.152     0.389  0.000544      1.74         3     0.135      0.607      0.783      0.665      0.684       1.82
Train        1.14      0.117      0.401   0.000589       1.66
Val  152/272       52/52      1.09     0.115     0.398  0.000608      1.61         3     0.137      0.574      0.747      0.597      0.649       1.83
Train        1.15      0.114      0.384   0.000287       1.65
Val  153/272       52/52      1.15     0.118      0.38  0.000356      1.65         3     0.137      0.596      0.813      0.701      0.688       1.84
Train        1.42      0.119      0.389   0.000656       1.92
Val  154/272       52/52      1.34     0.109     0.402  0.000707      1.85         3     0.138      0.612      0.793      0.684      0.691       1.83
Train        1.27     0.0983      0.398   0.000739       1.77
Val  155/272       52/52      1.19     0.104     0.397  0.000913       1.7         3     0.134      0.588      0.809      0.694      0.681       1.94
Train        1.25     0.0949      0.393   0.000481       1.74
Val  156/272       52/52      1.26     0.104       0.4  0.000648      1.77         3      0.14      0.593      0.799      0.681      0.681       1.74
Train        1.35      0.124      0.398   0.000341       1.87
Val  157/272       52/52       1.3     0.123     0.394  0.000405      1.82         3     0.135      0.547      0.729      0.552      0.625       1.89
Train        1.21       0.12      0.397   0.000301       1.73
Val  158/272       52/52      1.22     0.115     0.393  0.000343      1.72         3     0.135      0.594      0.761      0.623      0.667       1.83
Train        1.28      0.133      0.396   0.000509       1.81
Val  159/272       52/52       1.2     0.128     0.394  0.000434      1.72         3     0.139        0.6      0.801      0.686      0.686       1.86
Train        1.38       0.11      0.387   0.000562       1.88
Val  160/272       52/52      1.39     0.113     0.393  0.000765       1.9         2     0.135      0.555      0.707      0.546      0.622       2.02
Train        1.38      0.161      0.386    0.00057       1.93
Val  161/272       52/52      1.27     0.141     0.389  0.000583       1.8         3     0.133      0.568      0.781      0.601      0.658       1.89
Train        1.32      0.125      0.396   0.000442       1.84
Val  162/272       52/52      1.24     0.126     0.397  0.000418      1.76         3     0.135      0.549      0.747      0.548      0.633       1.83
Train        1.43      0.102      0.378   0.000302       1.91
Val  163/272       52/52      1.35    0.0958      0.38  0.000347      1.82         3     0.139      0.586      0.779      0.664      0.669       1.78
Train        1.24     0.0997      0.399   0.000386       1.74
Val  164/272       52/52      1.24    0.0997     0.394  0.000453      1.74         3     0.136      0.594      0.771      0.647      0.671       1.87
Train        1.37      0.109      0.397    0.00154       1.87
Val  165/272       52/52      1.26     0.116     0.392   0.00111      1.77         3     0.139      0.604      0.817      0.703      0.694       1.77
Train         1.2      0.114      0.387   0.000422       1.71
Val  166/272       52/52      1.19     0.115     0.387  0.000523      1.69         3     0.134      0.509      0.757      0.491      0.609       2.15
Train        1.24      0.161       0.39   0.000389       1.79
Val  167/272       52/52      1.22     0.114     0.388  0.000401      1.72         2     0.135      0.633      0.789      0.694      0.702       1.73
Train        1.24      0.108      0.391   0.000323       1.74
Val  168/272       52/52      1.22     0.131     0.393   0.00046      1.75         3     0.138      0.608      0.793      0.653      0.688       1.81
Train        1.17      0.135      0.398   0.000405       1.71
Val  169/272       52/52      1.21     0.115     0.401  0.000429      1.73         3     0.134       0.59      0.761      0.614      0.665       1.79
Train        1.24      0.107      0.403   0.000403       1.75
Val  170/272       52/52      1.23     0.109     0.404  0.000514      1.75         3     0.138      0.581      0.801      0.687      0.673       1.76
Train        1.15      0.124      0.398   0.000512       1.67
Val  171/272       52/52      1.14     0.133     0.399  0.000618      1.68         3     0.133      0.609      0.801      0.706      0.692       1.92
Train        1.36      0.106       0.38   0.000425       1.84
Val  172/272       52/52       1.3     0.111      0.39   0.00049       1.8         3     0.138      0.601      0.803       0.71      0.688       1.81
Train        1.24       0.15      0.392   0.000599       1.79
Val  173/272       52/52       1.2     0.144     0.389    0.0004      1.74         3     0.135      0.582      0.781      0.666      0.667       1.81
Train        1.27      0.104      0.382   0.000361       1.76
Val  174/272       52/52      1.25       0.1     0.379  0.000376      1.73         3     0.136      0.613      0.783      0.667      0.688        1.7
Train         1.3      0.128       0.39   0.000463       1.82
Val  175/272       52/52      1.37     0.134     0.388  0.000553      1.89         3     0.139      0.559      0.703      0.503      0.623       1.96
Train        1.47      0.115      0.381   0.000844       1.97
Val  176/272       52/52      1.35      0.12     0.399   0.00108      1.87         3     0.139      0.555      0.781      0.639      0.649        1.9
Train        1.33      0.142      0.381   0.000395       1.85
Val  177/272       52/52      1.35     0.143     0.387  0.000393      1.88         3     0.134      0.597      0.771      0.641      0.673       1.98
Train        1.28      0.141      0.369   0.000292       1.79
Val  178/272       52/52      1.22     0.123     0.378  0.000428      1.73         3     0.137      0.628      0.803      0.694      0.705        1.8
Train        1.38      0.125      0.393   0.000618        1.9
Val  179/272       52/52      1.28     0.123     0.391  0.000772      1.79         3     0.134      0.534      0.759      0.556      0.627       1.82
Train        1.37      0.131      0.383    0.00046       1.88
Val  180/272       52/52      1.27     0.131     0.392  0.000635      1.79         2     0.135      0.602      0.811      0.703      0.691       1.82
Train        1.23      0.139      0.393    0.00225       1.76
Val  181/272       52/52      1.27     0.135     0.397   0.00219      1.81         3     0.136      0.579      0.777      0.646      0.663       1.74
Train        1.25       0.13      0.393    0.00037       1.78
Val  182/272       52/52      1.35     0.124     0.387  0.000444      1.87         3     0.137      0.593      0.809        0.7      0.684       1.73
Train        1.22       0.11      0.388   0.000332       1.72
Val  183/272       52/52      1.25     0.109      0.39   0.00038      1.75         3     0.134      0.614      0.777      0.669      0.686       1.91
Train        1.37      0.126      0.384   0.000405       1.88
Val  184/272       52/52      1.39     0.124     0.394  0.000542      1.91         2     0.136        0.6      0.803      0.686      0.687       1.97
Train        1.35      0.135      0.365   0.000304       1.85
Val  185/272       52/52       1.3     0.159     0.371  0.000396      1.83         3     0.135      0.527      0.799      0.577      0.635       1.84
Train        1.26      0.166       0.39   0.000359       1.82
Val  186/272       52/52      1.26     0.153     0.388  0.000447       1.8         3     0.136      0.624      0.811      0.712      0.705       1.79
Train        1.24      0.106      0.385   0.000905       1.73
Val  187/272       52/52      1.22     0.105     0.391     0.001      1.72         3     0.135      0.638      0.805      0.706      0.712        1.8
Train         1.3     0.0994      0.378   0.000336       1.78
Val  188/272       52/52      1.26     0.102      0.38  0.000528      1.74         3     0.134      0.609      0.793      0.677      0.689       1.84
Train        1.32     0.0979      0.369   0.000258       1.78
Val  189/272       52/52      1.27     0.108     0.379  0.000371      1.76         3     0.136      0.582      0.731      0.559      0.648       1.95
Train        1.22      0.137      0.374   0.000246       1.73
Val  190/272       52/52      1.25     0.124     0.378   0.00028      1.75         3     0.133      0.611      0.811      0.704      0.697       1.73
Train        1.25      0.106      0.378   0.000315       1.74
Val  191/272       52/52      1.24     0.109     0.382  0.000381      1.73         3     0.136      0.599      0.799      0.693      0.685       1.88
Train        1.39      0.146      0.378   0.000661       1.91
Val  192/272       52/52       1.3     0.119     0.381  0.000514       1.8         3     0.133      0.628      0.795      0.698      0.702       1.79
Train        1.24     0.0962      0.369   0.000495       1.71
Val  193/272       52/52      1.25    0.0991     0.383  0.000638      1.73         3     0.137      0.578      0.779      0.606      0.664       1.83
Train        1.23       0.11       0.39   0.000465       1.73
Val  194/272       52/52      1.13     0.108     0.386  0.000626      1.62         3     0.139      0.625      0.807      0.696      0.704       1.73
Train        1.24      0.141      0.363   0.000292       1.75
Val  195/272       52/52      1.23     0.142     0.372  0.000445      1.75         3     0.136      0.575      0.795      0.635      0.667       1.71
Train        1.24       0.13      0.378   0.000313       1.75
Val  196/272       52/52      1.19     0.131     0.384  0.000482       1.7         3     0.135      0.614      0.773      0.626      0.684       1.73
Train        1.14      0.101      0.385   0.000511       1.63
Val  197/272       52/52      1.17     0.113     0.391   0.00102      1.67         2     0.138      0.627      0.797      0.692      0.702       1.94
Train        1.45      0.108       0.37    0.00028       1.93
Val  198/272       52/52      1.37     0.107     0.374  0.000321      1.85         3     0.138      0.619      0.815      0.713      0.703       1.82
Train        1.24     0.0967      0.381   0.000262       1.72
Val  199/272       52/52      1.21      0.11     0.389  0.000344      1.71         3     0.135      0.613      0.803      0.705      0.695       1.78
Train        1.27      0.138      0.386   0.000417       1.79
Val  200/272       52/52      1.21      0.13     0.385  0.000478      1.73         3     0.134      0.624      0.819      0.719      0.708       1.77
Train        1.18      0.118      0.375   0.000717       1.67
Val  201/272       52/52      1.25     0.116     0.382   0.00066      1.75         3     0.137      0.625      0.779      0.652      0.693       1.87
Train        1.46     0.0956      0.376   0.000268       1.93
Val  202/272       52/52      1.41    0.0956     0.374  0.000377      1.88         3     0.136      0.643      0.803      0.713      0.714       1.64
Train        1.42      0.102      0.381   0.000819        1.9
Val  203/272       52/52      1.39     0.105     0.385  0.000817      1.88         3     0.133      0.631      0.769      0.647      0.693       1.78
Train        1.22      0.118      0.382   0.000296       1.72
Val  204/272       52/52      1.28      0.12     0.383   0.00041      1.79         3     0.136      0.648      0.813      0.719      0.721       1.72
Train        1.25      0.108       0.37   0.000226       1.73
Val  205/272       52/52      1.26     0.108     0.384  0.000389      1.76         3     0.138      0.642      0.819      0.731       0.72       1.76
Train        1.32      0.103      0.369   0.000274       1.79
Val  206/272       52/52      1.28     0.107     0.374  0.000344      1.76         3     0.138      0.602      0.811      0.715      0.691       1.74
Train        1.34      0.159      0.377   0.000551       1.88
Val  207/272       52/52      1.29      0.15     0.381  0.000893      1.82         3     0.138      0.604      0.813      0.712      0.693       1.82
Train        1.28      0.111      0.388   0.000681       1.78
Val  208/272       52/52      1.23     0.109     0.384  0.000811      1.73         2     0.134       0.62      0.713      0.565      0.664       1.79
Train        1.22       0.14      0.383   0.000737       1.75
Val  209/272       52/52      1.19     0.127     0.382  0.000877       1.7         3     0.135      0.651      0.811      0.722      0.722       1.73
Train        1.19      0.103      0.369   0.000745       1.67
Val  210/272       52/52      1.16     0.109     0.368  0.000764      1.64         3     0.138      0.583      0.815      0.675      0.679       1.74
Train        1.24      0.129      0.373   0.000355       1.74
Val  211/272       52/52       1.2     0.146     0.374   0.00056      1.72         2     0.134      0.494      0.745      0.506      0.594       1.95
Train        1.31      0.127      0.372   0.000759       1.81
Val  212/272       52/52      1.32      0.12      0.37  0.000828      1.81         3     0.134      0.648      0.795      0.693      0.714       1.84
Train        1.23      0.112      0.367   0.000254       1.71
Val  213/272       52/52      1.21     0.129     0.367  0.000317      1.71         3      0.14      0.623      0.759      0.647      0.684       1.81
Train        1.28      0.138      0.375    0.00137       1.79
Val  214/272       52/52      1.27     0.138      0.38   0.00144      1.79         3     0.135       0.64      0.807      0.716      0.714       1.76
Train        1.17       0.11      0.377   0.000374       1.66
Val  215/272       52/52      1.18     0.112     0.371   0.00042      1.67         3     0.137      0.638      0.785      0.692      0.704       1.65
Train        1.28      0.113      0.372   0.000397       1.77
Val  216/272       52/52      1.28     0.111      0.37  0.000416      1.76         3     0.136      0.669      0.813       0.73      0.734       1.66
Train        1.26      0.115      0.365   0.000794       1.74
Val  217/272       52/52       1.2     0.115     0.371  0.000982      1.68         3     0.136      0.601      0.797      0.685      0.685       1.84
Train         1.3      0.104      0.382   0.000377       1.79
Val  218/272       52/52      1.18    0.0934     0.387  0.000532      1.66         3     0.135      0.667      0.785        0.7      0.721       1.63
Train        1.17      0.067       0.37    0.00108       1.61
Val  219/272       52/52      1.13    0.0652     0.369   0.00103      1.56         3     0.136      0.676      0.785      0.708      0.726       1.66
Train        1.16     0.0852      0.364   0.000213       1.61
Val  220/272       52/52      1.14    0.0807      0.37  0.000284      1.59         3     0.136      0.667      0.807      0.726       0.73       1.64
Train        1.18     0.0728       0.37     0.0005       1.62
Val  221/272       52/52      1.14      0.07     0.379   0.00058      1.59         3     0.137      0.677      0.801      0.719      0.734       1.66
Train        1.11     0.0768      0.352   0.000309       1.54
Val  222/272       52/52      1.11    0.0729      0.36  0.000275      1.54         3     0.134      0.663      0.815      0.731      0.731       1.61
Train        1.14     0.0824      0.365   0.000333       1.58
Val  223/272       52/52      1.16    0.0834     0.368  0.000655      1.61         2     0.134      0.682      0.809       0.73       0.74       1.62
Train        1.15     0.0781      0.373   0.000453        1.6
Val  224/272       52/52       1.1    0.0768     0.368  0.000446      1.54         3     0.134      0.681      0.811      0.737       0.74       1.64
Train        1.11     0.0768      0.359   0.000167       1.55
Val  225/272       52/52      1.09    0.0728     0.363  0.000227      1.53         3     0.134      0.671      0.809      0.729      0.734       1.62
Train        1.15      0.072      0.364   0.000394       1.58
Val  226/272       52/52      1.13    0.0762     0.366  0.000385      1.58         3     0.134      0.674      0.807      0.727      0.734       1.61
Train         1.1      0.073      0.372   0.000243       1.54
Val  227/272       52/52      1.06    0.0739     0.382  0.000361      1.51         3     0.135      0.681      0.813      0.737      0.741       1.62
Train        1.14     0.0675      0.372   0.000535       1.58
Val  228/272       52/52      1.16    0.0717     0.377  0.000509       1.6         3     0.139      0.671      0.805      0.721      0.732       1.65
Train        1.16     0.0727      0.369    0.00103       1.61
Val  229/272       52/52      1.14    0.0765     0.373  0.000999      1.59         2     0.136      0.676      0.809      0.727      0.736       1.62
Train        1.28     0.0855      0.373   0.000442       1.73
Val  230/272       52/52      1.13    0.0778     0.377  0.000556      1.58         3     0.137      0.667      0.801      0.712      0.728       1.67
Train        1.13     0.0706      0.385   0.000584       1.58
Val  231/272       52/52      1.18    0.0736     0.382  0.000608      1.64         3     0.135      0.684      0.807      0.726       0.74       1.62
Train        1.17     0.0894       0.37   0.000366       1.63
Val  232/272       52/52      1.14    0.0796     0.373  0.000354      1.59         3     0.135      0.682      0.803      0.726      0.737       1.63
Train        1.21     0.0652      0.369   0.000323       1.65
Val  233/272       52/52      1.21    0.0732      0.38  0.000477      1.66         3     0.138      0.672      0.809      0.724      0.734       1.62
Train        1.03     0.0702       0.38    0.00119       1.48
Val  234/272       52/52      1.08    0.0682     0.378   0.00186      1.53         3     0.137      0.675      0.795      0.718       0.73       1.64
Train        1.08     0.0652      0.367   0.000309       1.51
Val  235/272       52/52      1.07    0.0666     0.371  0.000394       1.5         3     0.136      0.673      0.809      0.725      0.735       1.64
Train        1.21     0.0767      0.378   0.000338       1.67
Val  236/272       52/52      1.15    0.0698     0.374  0.000443      1.59         3     0.134      0.658      0.801      0.724      0.722        1.6
Train        1.07     0.0741      0.381   0.000451       1.52
Val  237/272       52/52      1.09    0.0725     0.372  0.000421      1.54         3      0.14      0.666      0.807      0.724       0.73       1.61
Train        1.06     0.0623      0.369   0.000262       1.49
Val  238/272       52/52      1.08    0.0672     0.373  0.000295      1.52         3     0.135      0.677      0.813       0.73      0.738       1.61
Train        1.09     0.0662      0.385   0.000377       1.54
Val  239/272       52/52      1.12    0.0711     0.382   0.00044      1.58         3     0.139      0.685      0.815      0.734      0.744       1.63
Train        1.29     0.0728      0.376   0.000277       1.73
Val  240/272       52/52      1.16    0.0697     0.377    0.0003       1.6         3     0.135      0.668      0.811       0.73      0.733       1.57
Train        1.12     0.0774      0.352   0.000392       1.55
Val  241/272       52/52      1.09    0.0816     0.359  0.000501      1.53         3     0.138      0.672      0.805      0.727      0.733        1.6
Train        1.15     0.0638      0.367   0.000518       1.58
Val  242/272       52/52      1.09     0.062     0.375   0.00068      1.52         3     0.137      0.679      0.801      0.721      0.735       1.64
Train        1.18     0.0737      0.361   0.000397       1.61
Val  243/272       52/52      1.16    0.0799     0.372   0.00045      1.61         3     0.137      0.676      0.799      0.722      0.732       1.64
Train        1.08     0.0632      0.368   0.000433       1.51
Val  244/272       52/52       1.1     0.065     0.378  0.000445      1.54         3     0.137      0.686      0.811      0.732      0.743       1.62
Train        1.16     0.0681      0.377   0.000756        1.6
Val  245/272       52/52      1.17    0.0713      0.37  0.000862      1.61         3     0.136      0.673      0.805      0.725      0.733       1.61
Train         1.2     0.0662      0.365    0.00151       1.63
Val  246/272       52/52      1.16    0.0664     0.366   0.00144      1.59         3     0.138      0.674      0.809      0.726      0.736       1.61
Train        1.21     0.0654      0.386   0.000559       1.66
Val  247/272       52/52      1.14    0.0653     0.378  0.000574      1.58         3     0.136      0.672      0.813      0.728      0.736        1.6
Train        1.09     0.0664       0.36   0.000337       1.52
Val  248/272       52/52       1.1    0.0652     0.366  0.000508      1.53         2     0.134      0.678      0.805      0.729      0.736       1.61
Train        1.14     0.0719      0.362   0.000222       1.58
Val  249/272       52/52      1.12     0.069     0.368  0.000234      1.56         3     0.134      0.682      0.813      0.729      0.742       1.62
Train        1.05     0.0562       0.37   0.000326       1.48
Val  250/272       52/52      1.07    0.0642     0.376  0.000785      1.51         3     0.135      0.683      0.801      0.725      0.737       1.61
Train        1.12     0.0665      0.362   0.000277       1.55
Val  251/272       52/52      1.08    0.0672     0.374  0.000393      1.52         3     0.137      0.683      0.821      0.735      0.746       1.61
Train        1.09     0.0652      0.363   0.000387       1.52
Val  252/272       52/52      1.09    0.0682     0.372  0.000493      1.53         3     0.136      0.691      0.817      0.736      0.749       1.61
Train        1.09     0.0636      0.363   0.000296       1.51
Val  253/272       52/52      1.07    0.0714      0.37   0.00032      1.51         3     0.135      0.683      0.815      0.735      0.743       1.61
Train        1.11     0.0636      0.365    0.00025       1.54
Val  254/272       52/52      1.05    0.0685     0.369  0.000328      1.49         3     0.137      0.678      0.805      0.721      0.736        1.6
Train        1.12     0.0673      0.382   0.000503       1.57
Val  255/272       52/52      1.13    0.0654     0.376  0.000496      1.57         3     0.136      0.683      0.813       0.73      0.742        1.6
Train        1.18     0.0689      0.372   0.000437       1.62
Val  256/272       52/52      1.17    0.0731     0.375  0.000497      1.62         3     0.134      0.684      0.817      0.732      0.745        1.6
Train        1.18     0.0754      0.377   0.000529       1.63
Val  257/272       52/52      1.13    0.0741     0.375   0.00072      1.58         3     0.135       0.67      0.801      0.716       0.73       1.61
Train        1.06     0.0635      0.362   0.000324       1.49
Val  258/272       52/52      1.08    0.0691     0.374  0.000426      1.52         3     0.136      0.661      0.809      0.724      0.728        1.6
Train        1.15     0.0628       0.36   0.000231       1.57
Val  259/272       52/52      1.08    0.0696     0.374  0.000457      1.52         3     0.134      0.684      0.815       0.73      0.744       1.61
Train        1.22     0.0606      0.361   0.000616       1.64
Val  260/272       52/52      1.18    0.0607     0.366  0.000496      1.61         3     0.135      0.669      0.799      0.724      0.728        1.6
Train        1.13      0.066      0.378   0.000552       1.58
Val  261/272       52/52       1.1    0.0666     0.384  0.000767      1.55         3     0.134      0.668      0.805       0.72       0.73        1.6
Train        1.15     0.0698      0.369    0.00124       1.59
Val  262/272       52/52      1.09    0.0699     0.374  0.000801      1.53         3     0.135      0.679      0.809      0.728      0.738        1.6
Train        1.25      0.072      0.363   0.000372       1.68
Val  263/272       52/52      1.16    0.0749      0.36  0.000433       1.6         3     0.139      0.678      0.817      0.733      0.741        1.6
Train        1.15     0.0767      0.388   0.000992       1.61
Val  264/272       52/52      1.09    0.0686     0.381   0.00102      1.54         3     0.135      0.671      0.811      0.723      0.734        1.6
Train        1.12      0.061      0.363   0.000265       1.55
Val  265/272       52/52      1.08    0.0647     0.364  0.000263      1.51         3     0.135       0.67      0.813      0.728      0.734       1.59
Train        1.07     0.0665      0.375   0.000353       1.51
Val  266/272       52/52      1.09    0.0691     0.385   0.00123      1.54         3     0.137      0.683      0.799      0.721      0.736        1.6
Train        1.14     0.0688      0.364   0.000425       1.57
Val  267/272       52/52       1.1    0.0712     0.377  0.000499      1.55         3     0.135      0.686      0.819      0.738      0.747       1.61
Train        1.14     0.0707      0.375   0.000423       1.59
Val  268/272       52/52      1.12    0.0728      0.38  0.000894      1.58         3     0.136      0.682      0.811      0.726      0.741       1.59
Train        1.17     0.0706      0.359   0.000528        1.6
Val  269/272       52/52      1.13    0.0777     0.363  0.000566      1.57         3     0.136      0.677      0.813      0.727      0.738       1.59
Train        1.14     0.0703      0.365   0.000496       1.57
Val  270/272       52/52      1.16     0.066     0.367   0.00058      1.59         3     0.135      0.674      0.819      0.734      0.739        1.6
Train        1.11     0.0623      0.371   0.000579       1.55
Val  271/272       52/52      1.06    0.0629     0.374  0.000736       1.5         3     0.133      0.677      0.803      0.724      0.735        1.6
Train        1.16     0.0621      0.358   0.000367       1.59
Val  272/272       52/52      1.19    0.0708     0.361  0.000604      1.62         3     0.134       0.67      0.809      0.723      0.733       1.59
