390.853 526.377 592.406 935.418 0 0.997296 
352.061 417.933 391.306 560.512 0 0.984473 
936.848 411.003 993.075 582.706 0 0.982938 
294.531 425.215 353.705 564.91 0 0.981438 
190.961 397.396 253.011 622.376 0 0.955758 
617.848 425.864 635.035 494.855 0 0.942942 
108.676 416.054 178.862 588.213 0 0.931194 
71.1562 428.085 95.7825 505.116 0 0.839863 
655.827 416.236 689.057 538.874 0 0.769196 
394.384 422.717 422.56 526.317 0 0.651788 
413.839 432.1 438.037 516.359 0 0.532435 
468.017 404.139 489.274 536.89 0 0.523876 
