256.836 349.748 455.509 767.585 0 0.989955 
185.719 313.78 287.386 603.007 0 0.958823 
929.037 333.139 977.055 499.902 0 0.934042 
390.648 308.829 476.072 629.664 0 0.914706 
455.03 342.432 489.662 487.459 0 0.842368 
861.867 341.393 890.656 473.926 0 0.840939 
596.538 316.703 644.129 517.487 0 0.789003 
111.283 332.003 148.526 498.599 0 0.707939 
840.847 341.026 868.191 476.257 0 0.695922 
235.245 318.964 296.973 502.55 0 0.534229 
39.2532 364.965 74.7882 487.482 0 0.533844 
692.804 270.768 819.883 837.201 0 0.527034 
