788.38 738.722 824.964 888.245 0 0.991113 
41.0674 320.194 79.8954 418.737 0 0.973153 
524.399 466.409 559.577 589.856 0 0.971959 
348.59 514.392 374.029 624.684 0 0.961539 
446.425 329.826 482.221 416.092 0 0.960515 
742.159 506.676 768.206 624.541 0 0.939605 
315.646 254.681 339.758 344.062 0 0.917247 
695.009 520.938 724.733 637.214 0 0.913755 
90.4973 417.584 121.586 517.349 0 0.801548 
336.19 273.323 372.548 366.652 0 0.786621 
579.572 406.43 611.044 521.666 0 0.742868 
260.753 425.548 280.8 514.453 0 0.706751 
10.0576 136.488 33.5203 187.295 0 0.622182 
845.532 391.28 868.239 509.96 0 0.550796 
695.499 464.781 721.459 546.395 0 0.534785 
