850.193 475.28 871.397 564.621 0 0.951986 
670.237 600.509 706.136 692.739 0 0.914031 
831.503 334.338 854.545 403.246 0 0.895084 
971.005 381.369 997.627 459.733 0 0.876343 
336.443 703.503 368.109 808.898 0 0.861983 
917.436 392.7 948.696 458.309 0 0.855054 
498.29 460.274 530.027 544.961 0 0.851307 
734.75 839.387 768.527 971.612 0 0.819249 
329.277 603.829 359.547 683.692 0 0.819067 
742.793 740.31 770.167 861.109 0 0.714438 
318.413 343.362 339.532 418.1 0 0.617235 
541.779 426.861 556.365 501.389 0 0.578106 
897.791 222.756 914.037 248.829 0 0.56624 
