761.32 641.234 822.762 752.402 0 0.992006 
197.176 629.398 238.63 756.32 0 0.984316 
639.646 419.186 663.845 528.777 0 0.977089 
778.444 269.943 814.464 350.596 0 0.970111 
465.57 707.979 504.995 855.739 0 0.967927 
577.568 420.608 601.858 524.173 0 0.914624 
89.0189 470.86 123.678 593.97 0 0.892783 
398.887 418.806 419.396 521.706 0 0.887365 
225.223 261.922 248.752 346.175 0 0.881903 
479.125 315.706 499.815 412.235 0 0.854025 
846.188 736.662 876.692 869.474 0 0.839885 
496.047 316.241 523.376 406.012 0 0.722463 
557.001 549.129 585.309 656.824 0 0.687774 
