461.384 752.487 518.777 1011.88 0 0.969013 
473.183 448.934 549.882 660.839 0 0.967087 
701.841 801.43 762.088 1023.75 0 0.958576 
154.356 558.577 233.133 785.508 0 0.951073 
627.139 375.586 672.686 583.2 0 0.939865 
835.509 685.636 890.655 961.786 0 0.935707 
295.374 497.518 407.059 720.281 0 0.911336 
0 164.28 42.0467 333.348 0 0.889659 
829.218 467.236 885.224 733.902 0 0.822311 
495.336 34.82 522.881 86.4891 0 0.811636 
392.599 13.268 423.863 124.84 0 0.80867 
553.71 26.5557 586.221 90.4737 0 0.751342 
518.407 25.4805 548.612 90.679 0 0.662715 
349.19 56.7145 382.078 141.296 0 0.564454 
