459.869 568.832 505.705 754.321 0 0.977978 
797.929 276.273 849.555 461.818 0 0.966825 
755.252 525.26 790.795 726.198 0 0.948697 
847.36 345.503 891.935 547.551 0 0.948318 
341.821 504.034 401.506 683.005 0 0.925837 
585.973 502.168 638.496 681.358 0 0.917546 
725.091 290.355 768.923 442.651 0 0.911288 
256.572 129.454 291.693 214.013 0 0.890011 
441.557 449.037 503.677 551.071 0 0.887868 
362.053 99.8405 394.05 161.3 0 0.844271 
66.3511 210.988 102.858 333.802 0 0.821695 
198.709 142.758 229.633 229.776 0 0.781137 
444.627 103.877 474.608 167.203 0 0.767805 
582.695 12.2415 610.405 99.8052 0 0.670693 
486.722 45.4508 512.101 104.952 0 0.619076 
180.581 170.996 206.212 238.442 0 0.595752 
34.9359 203.742 73.8181 326.289 0 0.526107 
