15.7658 738.746 61.1424 913.213 0 0.987368 
349.035 520.369 388.237 656.968 0 0.967909 
522.771 359.891 552.859 505.912 0 0.962557 
231.923 388.609 265.119 509.585 0 0.952093 
225.054 572.055 271.622 739.521 0 0.940084 
510.109 478.462 546.467 626.912 0 0.926544 
482.889 368.25 510.938 507.663 0 0.919859 
129.077 272.084 160.789 397.539 0 0.91487 
622.749 440.867 652.178 588.092 0 0.906688 
331.683 350.373 363.053 493.292 0 0.895311 
749.056 361.773 787.071 502.329 0 0.878056 
0.253493 230.12 27.0393 345.956 0 0.864779 
986.013 302.224 1017.56 387.685 0 0.797575 
375.259 333.318 422.266 462.396 0 0.790969 
912.764 222.645 937.031 310.833 0 0.707222 
409.397 46.6829 430.271 138.063 0 0.702611 
606.813 135.44 630.127 227.989 0 0.674276 
451.087 67.6967 472.039 180.345 0 0.669715 
957.766 291.803 990.066 379.596 0 0.667206 
305.009 320.138 330.5 437.023 0 0.526823 
