913.417 324.862 931.654 399.202 0 0.947455 
100.619 688.765 139.508 795.821 0 0.940919 
936.802 410.647 957.888 485.116 0 0.937938 
730.788 396.724 749.886 478.535 0 0.897122 
941.673 528.749 963.757 622.499 0 0.889001 
828.615 374.594 852.619 455.038 0 0.861596 
674.016 361.096 694.33 438.799 0 0.856765 
342.798 538.938 362.154 633.384 0 0.852468 
749.842 419.955 771.897 508.905 0 0.834247 
271.45 950.216 297.049 1023.12 0 0.825613 
306.273 397.469 329.06 450.72 0 0.764525 
713.689 481.677 736.519 573.665 0 0.724831 
161.224 439.819 182.988 506.592 0 0.662624 
273.715 410.136 288.76 464.487 0 0.650776 
342.286 990.284 369.158 1024.79 0 0.570258 
39.5761 472.598 63.1891 543.084 0 0.560738 
137.779 446.873 154.707 517.065 0 0.529637 
469.426 322.203 487.047 387.83 0 0.51032 
