412.559 741.441 436.49 845.224 0 0.983822 
95.7525 399.183 113.619 473.014 0 0.977132 
360.072 543.533 380.669 632.073 0 0.958461 
472.284 568.813 494.114 648.329 0 0.957193 
829.429 594.723 850.545 685.737 0 0.94806 
58.0732 609.246 88.0498 700.999 0 0.939775 
208.324 489.46 229.598 572.726 0 0.930078 
148.128 838.188 172.715 951.953 0 0.911328 
272.549 354.681 292.617 421.962 0 0.897005 
938.487 834.349 964.084 951.652 0 0.889965 
262.213 169.562 274.593 206.655 0 0.881511 
697.175 457.86 714.097 535.627 0 0.828653 
491.893 415.245 513.727 474.287 0 0.827886 
586.377 331.145 608.483 393.131 0 0.820512 
569.316 335.284 591.521 396.353 0 0.757681 
547.25 395.092 572.169 452.894 0 0.756396 
313.229 258.402 327.361 311.666 0 0.729975 
315.401 171.182 325.765 204.005 0 0.606797 
801.903 987.279 834.282 1024.16 0 0.589723 
513.302 571.155 533.842 634.44 0 0.584931 
369.266 165.812 379.818 198.188 0 0.578762 
488.493 361.978 506.736 427.445 0 0.558411 
161.493 175.795 172.708 212.403 0 0.532668 
509.268 157.258 519.251 188.083 0 0.528117 
