738.793 745.644 776.166 915.125 0 0.984028 
112.366 667.661 152.985 822.934 0 0.983299 
256.64 716.764 302.205 862.74 0 0.979486 
603.56 386.633 627.82 499.73 0 0.975965 
511.354 664.408 550.295 790.21 0 0.973832 
330.892 622.741 379.952 754.865 0 0.971778 
571.52 505.377 599.634 596.542 0 0.971012 
306.904 720.482 347.986 848.781 0 0.954167 
638.06 365.759 668.219 472.592 0 0.931503 
670.33 383.059 705.969 468.288 0 0.926586 
928.508 340.291 973.203 444.282 0 0.892084 
695.678 511.812 727.961 619.263 0 0.887561 
846.394 309.236 871.604 394.358 0 0.878643 
218.207 256.388 242.537 335.727 0 0.86147 
271.177 226.533 294.165 306.334 0 0.72843 
441.357 309.318 481.889 400.484 0 0.651441 
0.192866 706.945 16.1202 860.355 0 0.595249 
666.95 92.5712 679.624 156.048 0 0.583537 
918.999 341.697 941.827 439.747 0 0.580816 
96.3737 189.348 118.325 275.628 0 0.505758 
