760.357 839.664 797.322 1006.35 0 0.994592 
173.969 587.577 203.966 725.863 0 0.976682 
491.625 454.075 518.897 552.442 0 0.95736 
642.24 505.135 673.226 647.676 0 0.928409 
177.368 376.571 212.828 476.78 0 0.918294 
349.335 425.325 385.771 533.524 0 0.91335 
395.071 55.8444 414.614 144.022 0 0.910125 
294.884 467.738 327.4 585.651 0 0.897144 
302.03 43.2251 320.774 128.163 0 0.892398 
350.906 37.0748 372.477 123.106 0 0.869041 
924.036 278.14 946.975 363.152 0 0.861419 
36.3536 362.312 62.0721 479.243 0 0.855756 
744.712 402.085 784.661 514.357 0 0.833448 
525.588 441.809 556.923 562.057 0 0.80033 
663.194 165.313 687.471 268.642 0 0.800075 
587.545 167.121 607.652 240.967 0 0.76162 
189.023 434.481 222.199 553.886 0 0.655273 
231.715 17.096 251.3 57.1951 0 0.645621 
320.757 41.3426 338.526 124.881 0 0.642785 
