264.862 300.309 294.157 394.912 0 0.989206 
288.652 653.507 321.643 788.972 0 0.984538 
461.655 253.021 488.198 345.467 0 0.979761 
675.907 567.176 714.063 712.246 0 0.974799 
57.2915 462.426 92.1241 592.766 0 0.9705 
414.206 371.288 438.948 476.657 0 0.968191 
496.66 509.887 529.062 629.344 0 0.965099 
923.191 626.779 954.864 780.883 0 0.956007 
157.013 486.496 202.955 600.591 0 0.952367 
568.479 303.308 601.304 409.572 0 0.904301 
758.973 442.336 790.702 554.238 0 0.900276 
389.335 376.53 413.787 493.833 0 0.866829 
425.737 263.829 462.747 338.095 0 0.684514 
976.16 599.146 1003.39 749.967 0 0.68052 
605.01 57.337 620.003 99.9451 0 0.6695 
940.987 264.887 979.14 367.261 0 0.644192 
