633.683 513.018 666.967 658.045 0 0.968221 
211.577 306.356 240.211 414.827 0 0.967064 
763.482 577.006 803.87 723.181 0 0.956566 
220.501 506.608 250.37 655.357 0 0.954928 
592.676 505.066 627.139 656.674 0 0.951823 
229.969 408.217 256.69 538.749 0 0.938516 
708.693 570.052 745.342 708.937 0 0.916746 
480.186 508.879 521.031 643.177 0 0.887801 
762.47 490.735 799.169 597.999 0 0.847933 
482.028 166.755 501.504 259.711 0 0.766791 
537.123 483.263 570.49 617.474 0 0.759077 
131.671 173.663 152.441 241.662 0 0.746737 
513.001 515.708 547.271 641.696 0 0.724561 
400.722 375.899 428.428 492.365 0 0.706201 
63.8955 224.039 81.9173 247.479 0 0.661097 
41.9642 220.506 61.4257 250.758 0 0.658569 
775.25 288.04 798.46 375.776 0 0.625001 
591.311 620.984 636.879 771.871 0 0.594622 
84.2236 225.593 100.197 247.015 0 0.593642 
557.444 257.96 582.823 342.473 0 0.589798 
213.937 182.096 241.478 246.506 0 0.583394 
