233.753 757.984 313.569 977.383 0 0.992197 
809.412 542.622 862.613 775.286 0 0.988002 
471.847 442.341 531.986 648.98 0 0.980087 
598.622 471.964 651.016 689.115 0 0.966737 
957.473 539.652 1015.71 772.745 0 0.965285 
948.949 762.373 1003.34 997.223 0 0.952944 
341.455 761.637 395.848 1029.06 0 0.94111 
462.259 781.269 528.971 1026.6 0 0.891695 
705.514 654.064 759.577 946.564 0 0.860179 
286.617 33.594 318.36 133.414 0 0.820323 
517.71 15.4533 548.949 97.7464 0 0.797271 
441.47 40.3565 470.468 105.989 0 0.640374 
404.622 43.1312 434.581 104.963 0 0.629452 
338.557 524.919 392.283 647.498 0 0.586801 
176.167 118.075 203.955 178.049 0 0.535416 
376.772 505.958 435.378 652.794 0 0.52632 
