545.988 369.273 572.704 478.075 0 0.982348 
61.0934 327.396 91.6379 432.382 0 0.97223 
662.101 497.416 700.821 625.598 0 0.965825 
830.49 318.782 865.212 431.175 0 0.965776 
111.831 381.366 138.772 483.839 0 0.961978 
227.765 527.299 272.299 641.677 0 0.953442 
323.08 222.458 349.212 332.77 0 0.936949 
368.664 293.712 398.916 400.428 0 0.887646 
306.764 397.63 329.574 496.857 0 0.886305 
648.523 410.047 687.797 500.279 0 0.8273 
541.967 706.152 601.575 896.211 0 0.818638 
567.745 684.434 593.956 776.409 0 0.804661 
21.425 222.966 45.3606 318.708 0 0.799773 
168.084 456.035 200.086 567.79 0 0.771232 
212.204 316.882 238.889 424.483 0 0.606933 
479.536 37.3416 493.874 87.5126 0 0.577054 
639.647 106.16 660.293 165.083 0 0.536125 
