191.061 628.972 239.1 904.683 0 0.990664 
140.905 737.215 189.913 991.242 0 0.987845 
684.774 457.293 735.611 631.858 0 0.971307 
239.071 601.403 286.409 804.363 0 0.964526 
185.061 10.9912 209.285 140.88 0 0.855999 
252.639 91.9384 281.358 212.495 0 0.838735 
321.094 668.432 383.31 883.724 0 0.806281 
266.739 552.507 298.038 714.537 0 0.798549 
958.427 318.343 994.586 468.478 0 0.795419 
600.733 95.4566 621.836 179.711 0 0.787542 
620.785 93.1758 643.409 186.317 0 0.785102 
484.698 158.448 524.468 274.193 0 0.75706 
31.2038 412.733 90.1063 611.475 0 0.708196 
322.096 560.087 382.917 732.726 0 0.69756 
218.322 98.8553 246.152 198.725 0 0.683014 
384.094 115.873 408.591 251.08 0 0.643284 
147.149 2.22201 179.736 55.8659 0 0.634031 
575.314 72.4584 600.07 172.339 0 0.618934 
440.945 42.554 462.704 132.336 0 0.613976 
377.885 21.0821 402.476 114.669 0 0.527145 
924.154 127.049 956.92 186.647 0 0.524892 
870.308 241.303 902.968 373.243 0 0.513228 
