170.005 295.597 193.835 369.357 0 0.962129 
829.62 320.028 853.332 391.162 0 0.930531 
261.004 701.534 304.566 811.541 0 0.9279 
715.373 404.114 741.069 484.472 0 0.90483 
576.612 809.995 612.344 926.935 0 0.86576 
505.993 355.155 531.098 426.031 0 0.85627 
435.336 519.201 473.102 608.282 0 0.849639 
571.312 532.685 599.985 615.223 0 0.842773 
334.905 483.432 363.672 555.882 0 0.82555 
620.604 691.672 649.087 794.419 0 0.746116 
714.847 183.73 731.285 207.022 0 0.55977 
684 270.055 703.098 331.947 0 0.521838 
