319.488 568.04 447.344 772.772 0 0.993254 
32.2154 451.482 123.618 701.429 0 0.978543 
853.416 267.463 900.03 498.541 0 0.963841 
770.58 468.796 865.375 723.074 0 0.954533 
975.291 112.184 1022.75 306.742 0 0.931176 
591.035 257.081 636.299 481.238 0 0.826943 
1002.24 316.913 1023.27 561.626 0 0.763492 
486.236 927.261 526.926 1023.23 0 0.740868 
303.415 26.5142 346.351 157.03 0 0.696555 
763.29 215.034 817.658 426.343 0 0.639615 
646.427 327.89 735.105 403.834 0 0.630326 
107 223.216 171.063 398.995 0 0.582269 
