20.258408 117.82642 242.80414 710.841 0 0.99956006
460.2125 158.09044 679.68146 664.98645 0 0.998784
178.17516 145.67096 372.95148 658.6209 0 0.9987576
774.89105 86.39783 1000.9794 616.9594 0 0.9967879
346.54993 254.46907 535.5935 622.46014 0 0.99452126
684.3226 34.866085 846.30206 291.07135 0 0.9937831
1094.9606 233.12265 1231.2062 399.03696 0 0.98677456
1156.5165 18.307577 1268.5309 218.06706 0 0.97697806
908.0874 4.9974365 992.098 85.46406 0 0.9649226
961.49445 190.07495 1035.2091 313.29092 0 0.9628114
1195.9258 218.23883 1278.72 418.9186 0 0.9302614
1067.8499 153.3313 1135.0754 330.87054 0 0.9112851
630.6108 207.79572 744.4875 431.7085 0 0.9101003
366.31766 10.141416 459.72818 95.69974 0 0.86657304
1171.396 154.18785 1256.6439 275.73386 0 0.8626524
973.89514 17.410059 1069.5582 106.279625 0 0.8444022
1079.2942 110.18005 1168.9143 248.39923 0 0.81431544
