51.545456 292.20428 221.2009 709.9559 0 0.9997458
786.1287 386.72577 984.9269 713.6624 0 0.99970055
571.7165 322.87338 735.8649 718.07996 0 0.99965906
257.26764 426.0963 444.12827 701.6861 0 0.9994418
170.43535 224.76851 314.94016 576.88446 0 0.9976897
932.78656 138.66052 1031.0066 276.34875 0 0.99258715
902.74457 285.32248 1177.1432 654.65826 0 0.9880514
772.60284 12.7061615 874.8405 196.04652 0 0.9842202
586.9092 11.482178 689.433 131.65079 0 0.9822848
849.96356 41.442 942.38855 205.78448 0 0.90582913
837.2806 133.02252 950.202 378.1204 0 0.9052483
456.24442 23.255966 517.97626 120.60126 0 0.86970145
1074.897 7.6762743 1170.1233 132.01015 0 0.83271116
1086.4675 231.88765 1174.9274 368.66788 0 0.8187585
