938.5783 32.270897 1278.72 706.9175 0 0.99950206
129.43953 68.038124 581.6166 718.07996 0 0.9990295
534.15314 48.350742 868.52094 718.07996 0 0.9980731
39.00288 91.814354 256.08194 606.2464 0 0.99463475
877.68335 41.21656 980.7221 178.75894 0 0.9925073
623.5547 0.0 744.8542 174.62914 0 0.98882174
429.09933 0.0 545.7971 174.89944 0 0.9740814
1171.3651 44.10058 1275.7079 178.36685 0 0.97176796
3.504917 17.451426 106.880585 404.27505 0 0.9405726
163.66333 74.01854 244.15974 158.22322 0 0.9352324
332.87848 57.43347 444.9165 183.51328 0 0.9210452
510.21518 0.6902832 585.1225 110.733086 0 0.91244555
466.47995 237.08604 564.6316 503.43018 0 0.89211327
709.6134 0.0 831.9134 163.53384 0 0.83057714
533.3301 16.65727 639.8897 149.22095 0 0.82490176
952.3828 6.033618 1027.4165 136.71873 0 0.81760454
