691.296 55.16756 782.904 213.79886 0 0.9911213
638.2504 72.3667 709.5397 210.1888 0 0.9642349
482.40475 34.04295 582.6993 201.2658 0 0.96397316
562.2452 41.844627 658.42126 207.21002 0 0.89556944
205.98355 253.14113 274.99893 328.862 0 0.89121866
277.67715 234.29478 509.0012 588.4496 0 0.8562804
134.64398 76.95364 207.84163 223.48074 0 0.8533155
481.34695 239.88504 558.5907 320.8143 0 0.8472124
406.26593 3.4631884 482.00537 114.25187 0 0.8408811
536.86395 8.740829 598.1463 106.58913 0 0.81846523
