1038.1007 487.9989 1190.7335 714.9389 0 0.99903286
286.44788 394.17178 413.8125 554.25977 0 0.9888553
27.009457 582.31665 176.02078 718.07996 0 0.9879987
675.76044 17.119946 745.7778 134.28265 0 0.9816642
127.81795 338.21277 194.70714 442.79626 0 0.98058426
418.30115 353.94644 525.76624 479.71814 0 0.96424174
915.72797 354.55795 1019.2659 521.1426 0 0.96332455
250.03163 93.23336 345.26746 200.96358 0 0.95885795
1232.738 368.4953 1278.72 659.488 0 0.95658743
518.8203 241.08775 632.3026 394.84467 0 0.9557974
724.0227 455.75226 797.5741 543.3826 0 0.8989346
716.82874 223.05234 798.32043 375.39835 0 0.8950197
961.11865 273.8493 1044.5991 385.4972 0 0.8886082
1092.9781 283.02725 1178.5936 430.80374 0 0.88744503
38.01423 331.5458 169.43187 483.2323 0 0.8865458
231.3556 459.65533 299.98282 542.534 0 0.8850229
447.3301 252.33324 537.70996 375.42038 0 0.88389415
959.64575 500.24985 1074.0538 653.1578 0 0.88322437
1014.59753 400.6794 1086.7703 529.23883 0 0.8755577
881.04694 557.1256 955.8877 696.92535 0 0.8749796
1113.153 362.00226 1194.2253 558.6215 0 0.8660963
165.30437 439.66858 235.63905 550.8538 0 0.8660573
389.6918 43.678677 472.59717 202.54277 0 0.86578524
576.2694 111.38035 636.13617 254.31206 0 0.85022646
613.4864 36.706226 689.6457 158.9269 0 0.8307111
413.2831 133.90088 489.44797 256.7871 0 0.8127881
1082.5354 399.81326 1144.9166 536.2197 0 0.8116489
80.85493 261.83014 142.3587 390.30875 0 0.81099695
785.1614 240.5678 853.5428 375.10547 0 0.80142593
