595.3699 154.55775 763.7747 533.4236 0 0.99927837
0.0 71.6643 176.563 649.5113 0 0.9990644
731.5115 131.47704 1179.4417 697.71765 0 0.99881613
250.05856 107.76221 447.39178 619.00134 0 0.99806064
384.64096 71.26018 665.1413 615.9616 0 0.99689794
561.32263 47.620155 669.6084 179.8399 0 0.9960051
1018.1312 64.622795 1278.72 674.51154 0 0.9954596
146.53575 164.51187 291.27267 526.43445 0 0.9924223
830.2822 0.0 925.43256 158.67238 0 0.99144506
642.84686 1.3632324 770.7411 197.3534 0 0.98874927
733.9259 0.0 860.434 152.28233 0 0.98874474
477.82388 0.0 569.52496 168.87978 0 0.9804288
363.31918 46.510345 442.53775 172.01067 0 0.9612054
1184.6244 0.0 1268.8481 118.79988 0 0.9342898
379.21365 0.0 497.98633 113.39371 0 0.92980677
128.22833 70.39946 234.67397 172.2443 0 0.92107546
4.115957 33.970066 91.494286 190.84933 0 0.9149243
898.4245 3.5366015 1013.5053 133.03828 0 0.9097163
545.6746 4.7793503 609.08777 101.66265 0 0.8929471
1081.0887 7.929521 1177.02 156.10223 0 0.8740468
1007.1485 0.0 1110.9734 140.94986 0 0.84852433
224.39711 84.31658 289.121 184.21516 0 0.84338045
