59.739735 315.57495 296.53125 718.07996 0 0.9996176
371.82904 306.7685 532.66516 698.21796 0 0.9987614
669.746 179.0153 968.99097 718.07996 0 0.9981336
459.65448 118.78105 594.5141 282.58884 0 0.9957385
224.01593 346.28436 391.70175 711.0944 0 0.99440336
479.1955 332.0924 720.7548 718.07996 0 0.9935175
1132.3931 224.43571 1234.5967 385.94882 0 0.98041886
0.9033203 390.68256 100.32444 718.07996 0 0.97885454
1165.7292 393.4749 1278.72 571.2085 0 0.97661066
1089.2692 377.76114 1191.5016 546.5993 0 0.96235853
571.53735 147.86267 640.50714 261.54147 0 0.94646937
697.4532 99.84763 752.93866 217.65182 0 0.911325
618.0478 99.54775 666.0036 190.19664 0 0.90297425
352.8521 173.58092 422.04303 267.21158 0 0.8692397
413.4269 179.37816 482.6901 269.66254 0 0.8682815
155.08003 194.4706 250.70265 282.44775 0 0.85909075
