123.0906 23.026093 551.84106 681.3379 0 0.99865544
910.16864 36.96867 1278.72 695.4085 0 0.99854314
522.1834 12.932148 799.97437 718.07996 0 0.9984855
0.0 59.62174 295.33453 591.2501 0 0.9983456
600.8146 0.0 734.23004 160.1075 0 0.9940725
862.7708 32.927795 987.17914 178.44537 0 0.9914084
399.54123 30.738222 523.562 187.65306 0 0.982346
695.69965 0.0 826.4337 133.06573 0 0.95674676
946.56726 2.1328418 1016.2935 119.07078 0 0.9497572
1161.3668 16.798891 1263.4308 178.97769 0 0.90884966
486.41135 0.0 564.191 110.15867 0 0.87491
447.78375 225.3022 544.34106 378.50726 0 0.86693996
