60.942497 96.9059 439.9664 646.2943 0 0.9986325
1040.6663 96.277885 1278.72 557.30634 0 0.9968617
514.88635 71.54987 624.04877 217.51936 0 0.9946576
12.440649 61.370373 126.19302 207.10614 0 0.9902901
652.77264 87.51515 740.23047 215.21014 0 0.97919536
289.4654 89.80285 350.52713 199.1416 0 0.9668296
845.1184 312.2576 915.2503 382.74017 0 0.9583737
733.25684 322.38428 828.02026 473.49344 0 0.9259168
780.5796 81.92907 856.0812 215.72551 0 0.9225155
588.7748 60.51771 663.4262 216.53166 0 0.91629595
735.9106 80.577866 804.57465 222.76936 0 0.9007739
934.47406 273.37408 1026.0775 366.20248 0 0.88531804
809.2305 0.62450683 886.0933 117.888885 0 0.8791507
1202.0653 72.89049 1278.72 200.07794 0 0.87155557
1147.1818 5.775283 1278.72 127.86572 0 0.8493813
832.7831 317.36 872.17017 359.5279 0 0.8264126
908.0777 94.70722 988.7582 205.98079 0 0.8125353
585.0679 322.359 654.80164 475.96408 0 0.80797493
