736.39795 240.62305 896.0419 614.7602 0 0.99903995
504.1023 242.55853 670.9403 604.12415 0 0.9983821
1166.5657 306.74435 1278.72 563.1042 0 0.9966318
184.85802 252.7309 305.47174 507.1259 0 0.98496604
285.51178 265.60822 521.7521 616.90845 0 0.97570723
272.1326 248.95145 399.17395 452.5097 0 0.97283894
979.1815 316.91678 1085.3607 480.84586 0 0.97066385
621.64087 284.0791 705.4144 434.84848 0 0.9552329
630.9021 255.95312 789.9768 592.6035 0 0.9543386
677.4518 268.7125 774.5782 393.00647 0 0.89249974
