905.5741 0.0 1255.665 714.5739 0 0.9988852
563.00903 0.0 833.7447 717.1103 0 0.9984004
0.0 25.644022 420.0198 699.89966 0 0.99817324
260.93942 49.664883 667.14716 693.1617 0 0.99098676
354.90112 0.0 494.71722 127.02181 0 0.98902553
317.78662 105.08922 457.34702 356.10098 0 0.96701217
254.91298 2.9407275 386.46805 117.99045 0 0.9351652
1091.9344 3.2784228 1195.7268 114.83361 0 0.93121433
749.6208 4.467109 849.5455 129.53731 0 0.9157724
830.79193 5.16187 967.2751 128.80269 0 0.88287073
939.002 10.360508 1036.1174 132.46129 0 0.8822151
