111.30112 342.52924 317.76987 718.07996 0 0.9996681
701.49335 401.90024 896.74054 718.07996 0 0.9995976
315.5924 372.32437 521.711 718.07996 0 0.9995883
883.1784 317.19327 1173.4359 718.07996 0 0.9993267
1075.3427 184.03494 1176.3998 337.58887 0 0.99932146
1196.9495 107.00968 1278.72 352.03745 0 0.9787931
164.8615 78.121666 243.62567 164.53923 0 0.9538768
895.9626 34.21992 993.62836 237.08379 0 0.9428214
787.5414 8.732871 861.60156 153.69038 0 0.9408947
40.618496 68.25578 102.735664 163.02994 0 0.93811935
631.35126 63.346653 707.71313 156.78442 0 0.9329675
0.0 465.66483 193.43947 659.6722 0 0.9255105
548.48206 33.301426 637.3356 154.95479 0 0.8920867
306.097 78.49639 378.8255 170.36996 0 0.8780306
278.78403 87.43085 335.05518 155.51184 0 0.87294376
89.13052 68.370514 179.74298 172.6002 0 0.86677915
703.4914 41.056522 790.3531 152.91301 0 0.86139506
1158.3582 79.417336 1213.5782 237.53418 0 0.85473216
840.67194 10.893018 927.92395 144.89272 0 0.82585233
