300.59857 236.8201 549.6217 718.07996 0 0.99673945
1107.7328 175.38158 1278.72 718.07996 0 0.99663866
30.917782 162.28648 273.5288 718.07996 0 0.99628335
457.52322 211.93085 756.7167 614.68164 0 0.991678
113.81823 36.363426 330.39386 279.1956 0 0.986922
383.1928 1.4832128 521.1881 197.19574 0 0.9866455
926.5166 122.98922 1205.5945 718.07996 0 0.98427385
655.8326 238.0338 820.6199 528.5176 0 0.98106927
261.43115 76.11902 449.74805 359.84103 0 0.97670025
4.3079395 9.037285 157.99657 359.62125 0 0.97585547
666.09973 0.0 856.9629 203.55367 0 0.9751281
991.8015 0.0 1161.2689 322.50754 0 0.97113055
563.5012 16.630487 715.62036 255.15642 0 0.95211
881.87897 0.0 1037.415 220.68327 0 0.94248503
743.0432 102.06837 860.5274 324.31094 0 0.93563473
820.2975 81.012276 956.1886 340.55792 0 0.92913777
2.0186815 161.35875 82.7565 385.1183 0 0.92274475
170.93976 187.47984 299.3478 466.30887 0 0.9173695
826.69446 0.0 900.61804 138.55904 0 0.9133896
250.43869 0.0 364.81732 136.48877 0 0.87488014
544.8109 0.0 660.2869 110.092804 0 0.86345536
391.74667 90.83301 598.6794 379.479 0 0.85326666
