312.20062 362.6981 513.88544 718.07996 0 0.9996561
83.79417 334.84445 319.15952 718.07996 0 0.99955326
875.2551 305.4267 1167.2893 715.0731 0 0.9995499
0.0 450.23047 167.23668 637.05646 0 0.9994703
707.82904 364.5733 862.2242 718.07996 0 0.99922466
1048.6685 170.64801 1152.2026 324.62305 0 0.99849
64.89783 55.210953 167.00522 173.73936 0 0.9810143
866.3749 27.14502 980.81287 231.58734 0 0.96464944
759.19904 10.346088 846.03094 139.64197 0 0.95298636
1174.0839 72.87168 1278.72 423.6393 0 0.95087683
523.1492 19.419868 623.9037 152.12582 0 0.93124217
681.31824 37.82429 767.1817 150.51451 0 0.9308543
1120.0671 48.39289 1195.3895 253.70189 0 0.9127527
13.971528 48.593597 84.84135 165.28543 0 0.90212435
950.5626 64.27403 1041.0881 214.65964 0 0.8915963
616.3712 58.329155 693.12897 145.93939 0 0.887024
1209.905 26.793348 1276.0906 126.99212 0 0.8355749
1166.9723 10.150283 1239.6713 137.5244 0 0.8074131
