56.106026 357.98038 291.41663 718.07996 0 0.9994117
356.17963 338.18835 518.04224 712.208 0 0.9993356
471.73947 378.0643 706.1934 718.07996 0 0.99768937
450.48572 163.4503 588.97015 322.40988 0 0.9924654
220.427 103.48846 337.95303 221.42697 0 0.99187016
1126.0309 258.18573 1235.9199 437.34848 0 0.9825012
1169.031 435.80975 1278.72 612.0456 0 0.97641784
1091.6843 128.82695 1190.7928 273.63644 0 0.972263
702.8328 185.96967 889.38574 718.07996 0 0.9706133
306.14813 102.75517 374.63818 211.65953 0 0.9672696
1084.2399 409.84235 1188.6417 602.1647 0 0.96509606
830.2297 313.46286 1102.7949 704.7398 0 0.9627546
211.78496 405.1861 392.42188 711.23505 0 0.9358683
404.34784 219.00027 475.7579 313.91226 0 0.8990065
149.1743 241.26083 239.82465 326.1738 0 0.86990255
184.7454 103.29552 251.74724 208.20058 0 0.8679957
573.9658 320.72287 674.002 466.99902 0 0.8601733
4.420569 148.16508 61.6404 319.51425 0 0.8273718
