675.1223 370.8198 881.0553 718.07996 0 0.99836487
1143.0077 424.18866 1278.72 718.07996 0 0.9951597
1061.3835 140.20258 1235.7743 531.1618 0 0.99219346
631.4534 103.633026 720.33954 224.14325 0 0.9900538
736.42914 88.346466 829.87585 213.10286 0 0.9825266
263.37524 0.0 388.34164 121.1405 0 0.9703544
533.4899 1.1137744 615.6212 97.05236 0 0.95581454
786.4056 410.28546 1278.72 718.07996 0 0.95181257
843.9157 102.29947 916.48895 215.70557 0 0.93495625
438.88025 9.953857 494.11252 86.41521 0 0.9265565
1151.076 13.877236 1213.3925 115.70846 0 0.90376097
982.25604 156.97858 1056.2522 217.28017 0 0.8938955
1175.0441 251.2481 1278.72 556.14124 0 0.88174
481.9257 11.30914 546.9207 99.002625 0 0.87665755
598.3022 0.26492187 679.158 122.062256 0 0.8684749
1094.872 17.247124 1162.5378 105.78709 0 0.8547726
215.75627 64.44056 269.55035 134.92467 0 0.8538795
397.49496 3.847407 444.9777 81.31992 0 0.8288583
1061.8257 148.78651 1132.2921 286.03778 0 0.8140106
