959.4346 408.18448 1260.376 718.07996 0 0.99653494
787.7504 287.4518 1085.9963 703.89185 0 0.98909575
391.80008 103.85052 502.13046 307.8424 0 0.96124285
292.8102 86.195496 401.6728 243.1539 0 0.9606986
1129.9751 6.917734 1246.9235 193.12744 0 0.9551438
262.88678 388.01273 434.7425 718.07996 0 0.9459425
871.95825 110.903786 978.15906 276.15045 0 0.9298914
162.20212 327.11978 347.00146 696.2103 0 0.8923903
227.95749 148.73058 355.6182 405.15283 0 0.89061505
729.20966 258.17688 865.0537 530.8817 0 0.88476187
22.501612 374.5683 238.98175 707.0026 0 0.88077015
957.61115 137.75189 1102.6561 298.21002 0 0.87052405
5.2832665 293.85852 102.6649 596.816 0 0.843965
370.29178 32.98173 495.63547 196.43379 0 0.8109087
418.33792 212.51921 593.2652 420.02972 0 0.8097193
