626.2092 86.102715 808.53986 553.8792 0 0.99862206
1057.9082 167.95958 1278.72 711.6979 0 0.998524
754.958 130.83722 959.7126 575.8176 0 0.99845886
842.7067 37.846043 948.6708 198.94296 0 0.99520195
534.42114 108.23802 688.2193 530.8647 0 0.9936185
110.628006 106.22853 664.88763 671.654 0 0.99167573
912.8341 187.39212 1001.1307 357.336 0 0.98281467
173.75592 62.56308 274.9121 182.30074 0 0.97026944
966.935 170.52011 1090.3158 358.8404 0 0.962591
41.773975 77.34143 119.196625 196.20546 0 0.95235884
393.39313 60.74435 455.15295 198.33951 0 0.93617374
495.36932 85.18535 573.47723 191.65245 0 0.9342174
349.27682 79.81737 410.77167 204.29314 0 0.9253089
1103.5411 272.17215 1169.7292 366.90472 0 0.9177831
424.14514 72.63391 525.3047 195.63828 0 0.8921532
412.33517 93.53506 609.48645 549.7567 0 0.8625662
254.33783 83.40318 315.67157 194.54356 0 0.8552478
735.41907 3.380586 817.65314 169.17433 0 0.8543554
129.21997 92.334175 189.59167 197.5369 0 0.83513856
928.40607 91.42039 1005.2295 194.60393 0 0.83005
442.54163 0.77714354 529.94684 121.225426 0 0.8055709
