282.31683 429.39758 402.68567 694.431 0 0.9989176
112.12623 414.5861 282.1142 695.5363 0 0.9972922
741.3192 489.4717 865.452 714.80646 0 0.9966396
35.821846 490.412 146.6719 673.71075 0 0.9956624
559.50824 460.92807 660.7588 718.07996 0 0.9942813
405.53058 432.70062 515.0036 681.5561 0 0.9788931
847.7585 469.46442 968.93945 717.8128 0 0.9737868
671.14197 483.68628 757.24384 650.62775 0 0.9650648
981.0957 495.3342 1072.4788 672.0411 0 0.9247343
1070.8219 480.11694 1203.9685 707.7445 0 0.9006181
223.75934 474.90445 323.5801 705.96423 0 0.85126466
