994.9146 31.67328 1278.72 718.07996 0 0.9993734
553.11163 74.30798 1015.2627 718.07996 0 0.9979705
134.40761 69.91857 584.5565 718.07996 0 0.9978701
471.18683 0.0 577.6205 186.5339 0 0.99290305
0.0 102.94201 113.23652 594.71387 0 0.9906053
551.6651 27.548588 673.00793 176.80391 0 0.9885499
744.5047 0.0 866.02246 162.07735 0 0.98812056
901.42395 57.69507 1005.92773 175.4477 0 0.96799403
658.14545 0.0 773.5608 175.99507 0 0.96687216
494.2436 232.81857 585.3616 503.35577 0 0.95925575
541.06934 2.5622704 600.6074 97.0539 0 0.9590526
381.20938 0.0 477.95865 172.40808 0 0.94988495
104.021324 83.46974 247.61293 498.32086 0 0.9450294
1038.4084 0.0 1119.9187 94.89533 0 0.9265342
944.91864 0.7540283 1013.92163 105.1999 0 0.856294
