5.4363475 533.311 176.96912 718.07996 0 0.99850214
170.33965 553.8675 332.65237 718.07996 0 0.9975074
272.1886 317.3846 383.66672 511.12802 0 0.9950971
1010.52106 588.0078 1115.6763 718.07996 0 0.9923145
1043.5737 432.57263 1198.1267 680.4906 0 0.9909142
99.15814 275.27042 183.0054 410.33963 0 0.9882775
958.20764 442.39053 1074.2289 603.228 0 0.9877237
609.95294 538.7389 743.635 715.1384 0 0.9808462
922.8508 299.79456 1017.55206 455.96292 0 0.98028404
503.36935 316.70374 582.20703 471.03342 0 0.9628388
526.4198 180.5029 616.88965 338.82254 0 0.9540694
22.254076 289.3555 125.38295 390.57043 0 0.9416782
519.67 575.0789 631.30316 718.07996 0 0.9343916
105.37744 73.24513 237.96892 273.8544 0 0.9214256
62.771893 198.29962 123.08062 316.34543 0 0.9194413
963.20514 222.20842 1048.3356 335.7707 0 0.91884243
200.67023 412.3307 287.84506 503.76953 0 0.9162155
759.43616 326.76367 840.12415 487.8978 0 0.9141994
955.41266 116.632286 1035.2809 237.62544 0 0.9062102
1008.91754 358.16782 1079.6129 494.48047 0 0.8949997
373.46973 4.7721286 464.92487 132.91742 0 0.8908822
803.25757 8.766406 897.56537 138.47398 0 0.87597215
371.56796 160.38399 425.63232 390.0313 0 0.8744083
391.73535 312.12534 482.82776 470.06174 0 0.8739155
436.32745 601.5752 541.67883 718.07996 0 0.86817986
1078.1134 375.18625 1155.8367 502.18304 0 0.8194272
