1.6850512 428.27524 59.4924 547.0555 0 0.9959991
109.02937 419.03046 167.5439 528.27606 0 0.99456984
543.0466 379.28116 612.68634 485.00046 0 0.9674741
350.35162 452.02164 411.6807 553.84296 0 0.95826364
610.30707 388.30362 671.9992 497.58127 0 0.9494521
765.79834 433.15182 808.30365 544.6634 0 0.94801354
231.96597 383.53262 270.8601 476.5077 0 0.9307535
481.7569 360.00076 522.07544 452.50406 0 0.8623741
447.3483 362.20743 473.73926 446.8435 0 0.8548198
592.11993 395.16776 624.5099 484.0659 0 0.81227416
