222.35191 423.6554 295.2592 541.2386 0 0.9968695
531.4528 397.49268 589.4745 512.01917 0 0.9959346
776.9763 292.04504 860.4074 455.84164 0 0.994787
702.11566 331.8946 783.8513 468.07617 0 0.9920129
603.61676 294.39224 680.4669 430.85214 0 0.9909649
535.83826 285.52475 603.2856 409.5211 0 0.9865541
953.93176 463.60608 1022.7985 595.1133 0 0.9257201
1168.422 378.49698 1248.4934 490.18777 0 0.8862282
874.10266 345.52377 952.20483 452.17346 0 0.8810309
663.9138 307.82022 702.4429 418.1571 0 0.85615504
929.62714 214.39241 972.3033 302.8484 0 0.8358728
