584.81604 304.19794 688.04407 483.15152 0 0.99975246
874.1399 439.5007 975.5843 712.6401 0 0.9995504
747.52075 321.2214 836.1409 514.86163 0 0.99946064
1195.469 370.8372 1278.72 561.7408 0 0.99805707
1004.4689 367.06696 1107.065 570.26154 0 0.9970521
425.39224 531.21356 526.00616 718.07996 0 0.9943152
1178.6255 513.34375 1274.0098 718.07996 0 0.99214035
281.3611 525.75903 419.31705 711.59216 0 0.98437667
580.87396 549.966 692.50287 718.07996 0 0.9801328
476.60538 356.66992 561.69415 469.65005 0 0.93321157
1.484834 103.74331 89.580826 198.67773 0 0.87270737
542.1385 2.7377832 604.92126 92.790245 0 0.83417314
