50.939304 403.53326 143.66327 557.7877 0 0.9998043
911.18274 385.70724 1007.404 583.03687 0 0.9991948
463.80753 443.5994 544.347 575.93164 0 0.99524635
640.63245 315.8938 743.0268 416.23883 0 0.99386287
896.29944 268.21817 990.09 377.1775 0 0.99329054
623.0619 469.259 703.3909 639.4234 0 0.99128026
535.8218 445.83334 615.4294 613.12946 0 0.9892384
125.91547 240.83745 204.64003 346.04382 0 0.9863805
600.2151 414.13382 667.44617 585.91736 0 0.98609877
376.00717 283.8816 490.07523 429.49277 0 0.9682626
237.513 265.7597 308.10855 397.90247 0 0.9420656
1119.2555 154.71457 1175.7118 223.49261 0 0.817965
