183.21207 515.9303 264.8474 718.07996 0 0.998979
243.00699 454.24985 335.09903 649.24445 0 0.99657995
21.975998 297.53537 96.63401 451.946 0 0.9963014
376.11578 373.67288 469.15475 663.7546 0 0.9956458
284.86682 396.81488 370.66003 606.652 0 0.98385435
843.43646 343.9412 952.67285 474.08862 0 0.96514
282.43817 70.09404 328.21832 166.6897 0 0.95075786
563.2434 12.817593 626.6284 120.63299 0 0.928087
323.64728 57.405052 372.1021 161.14761 0 0.85030663
1198.1887 220.04471 1267.0035 344.95898 0 0.83536357
932.031 210.9973 995.9569 287.9661 0 0.831091
472.37225 10.053491 528.80383 111.612656 0 0.8267986
909.04645 214.02704 958.9601 298.65372 0 0.8177086
522.1195 8.632866 565.4726 122.30589 0 0.8173913
