753.61 372.42508 858.4803 563.7364 0 0.9996909
1.8639599 391.20752 96.229355 613.4933 0 0.9996295
968.27997 454.45593 1114.6051 718.07996 0 0.99955684
659.3574 222.23273 768.19116 427.23004 0 0.9985917
1159.0851 501.88275 1278.72 694.2567 0 0.998142
838.5065 180.52504 967.1541 358.19156 0 0.9962256
106.14518 503.83783 363.7962 595.0518 0 0.9887212
573.9814 283.78583 679.6295 508.81003 0 0.97863215
54.06686 3.6510546 216.96722 154.06671 0 0.8951627
11.742876 98.01672 95.28914 273.05176 0 0.85102457
