517.1914 263.25027 573.27594 354.9431 0 0.99339455
1216.0391 422.6672 1278.72 544.64703 0 0.99322456
582.0063 176.32982 631.6447 263.20004 0 0.99048775
711.64386 208.84442 768.70374 311.3098 0 0.9892679
336.26495 201.99785 376.62793 297.58563 0 0.98351777
835.9506 397.61536 918.1695 515.8051 0 0.975228
1153.4352 432.89822 1222.8228 572.973 0 0.9735928
69.87519 323.496 140.55986 427.00452 0 0.9682883
628.3306 356.6981 687.9359 459.6316 0 0.95914024
950.5353 305.0092 1009.4378 418.85986 0 0.953128
356.827 454.01105 426.70346 583.01935 0 0.91280454
