455.16443 274.85287 638.87524 603.0294 0 0.99981934
0.0 159.24751 86.9742 385.10703 0 0.99853027
1108.062 180.12354 1183.3768 292.00595 0 0.9821774
1169.7079 162.26183 1242.1836 296.1758 0 0.9732878
852.6741 148.35838 906.0192 264.80222 0 0.9722173
311.46732 5.515454 391.44968 94.95664 0 0.96064484
1071.0564 174.8141 1133.911 279.30997 0 0.93063396
814.36 154.36073 851.4197 262.90512 0 0.9139532
766.281 165.91583 801.5347 276.5251 0 0.87505746
1070.692 14.858691 1110.3671 89.261765 0 0.8697617
1093.0137 12.888044 1129.3883 68.12517 0 0.8550843
903.4869 179.17203 1001.108 311.36917 0 0.8473353
999.5699 150.42581 1087.0148 227.85406 0 0.8169852
