303.9352 446.61224 401.3806 662.0636 0 0.99955887
1009.1254 251.37706 1095.0853 416.80408 0 0.99893254
1140.084 251.41011 1221.3931 416.609 0 0.99796593
635.17303 250.16284 715.5894 410.4301 0 0.9975157
554.7239 297.8082 665.4159 430.72656 0 0.9951556
1079.2932 186.71042 1152.1222 330.50705 0 0.9946296
866.23285 246.48993 949.5252 422.3935 0 0.98868364
774.0235 228.80254 844.3932 437.4434 0 0.98582315
97.51435 121.28056 167.1746 229.1942 0 0.9324736
70.23001 0.0 210.64125 104.15939 0 0.80392486
