890.9077 219.05577 989.56287 438.19092 0 0.9996997
985.1504 139.35135 1090.6443 466.2874 0 0.99965644
305.5794 288.46237 421.36847 480.71735 0 0.9996166
647.52545 197.99954 753.8625 380.7021 0 0.9995028
425.90512 451.6027 519.5444 696.84985 0 0.9994972
1073.0864 377.73422 1198.552 597.58844 0 0.9989079
1183.1366 248.59285 1270.2795 431.68073 0 0.9981912
734.4573 229.17722 816.01056 430.62668 0 0.9964837
402.35828 230.35654 509.77014 418.4714 0 0.99608445
519.8304 0.030114746 575.546 80.81683 0 0.84902716
