243.82861 401.8072 314.90918 531.4296 0 0.9991769
333.38254 356.10657 397.42996 460.70654 0 0.99906546
969.63336 362.0812 1041.0536 488.04526 0 0.998575
57.551933 367.1294 127.16111 487.49832 0 0.9979526
503.4749 417.48288 568.8515 539.1705 0 0.99737823
411.92474 330.20493 479.3317 427.00266 0 0.99541336
90.03618 492.7486 168.16566 614.7055 0 0.98062503
566.1532 277.16846 662.8239 458.84613 0 0.9605564
753.0907 341.05304 810.8174 439.1017 0 0.93563396
833.8611 309.14505 881.45544 397.48038 0 0.9159768
