439.29803 396.4465 523.8684 593.85565 0 0.9985905
521.9356 315.96625 607.785 476.8446 0 0.9975345
262.3759 228.99384 345.24197 406.33984 0 0.9954566
174.49336 487.8544 290.43042 700.879 0 0.9953394
81.64711 238.15475 159.65367 418.18225 0 0.9946273
347.19772 326.4419 437.1796 497.97906 0 0.9934936
588.5615 219.08665 663.41125 381.72366 0 0.9932626
1068.1205 319.8997 1203.8069 497.52 0 0.99039066
893.2599 369.0512 977.8238 551.679 0 0.98841363
1198.6849 141.00433 1267.412 250.18285 0 0.98518443
735.12146 578.00116 829.2538 718.07996 0 0.9380157
