1204.8794 417.0211 1272.9147 546.3685 0 0.9996271
1133.8503 442.9521 1212.0808 579.4032 0 0.9982425
341.61203 448.8556 415.04147 577.28314 0 0.99791545
464.2277 259.90924 520.84235 364.0153 0 0.98951143
501.39444 258.47235 538.17267 354.27356 0 0.9871308
950.68536 303.88754 1001.10004 411.59314 0 0.94921726
320.98325 205.87091 353.1641 299.57275 0 0.94134724
572.2397 164.48346 616.786 267.5676 0 0.94102
851.16656 400.65097 921.4292 524.5646 0 0.91873044
36.788876 318.02313 95.270966 427.10635 0 0.899504
699.8712 214.25043 744.9717 305.02805 0 0.8963572
170.03801 342.3219 231.51855 452.989 0 0.8460237
