591.99243 507.7652 667.5252 664.75757 0 0.9981505
346.20972 488.6941 419.049 631.7246 0 0.99717426
680.36035 480.8986 738.48145 603.17883 0 0.99608
1035.6252 452.20306 1103.3446 592.0396 0 0.9956398
854.1433 432.9146 919.30835 571.2266 0 0.9935148
1201.248 379.98553 1247.459 490.88522 0 0.9877094
1160.679 367.3039 1195.9254 478.73618 0 0.9861093
758.3895 445.60272 831.7479 586.5683 0 0.98112625
918.56903 409.37024 982.50995 534.26733 0 0.9741322
785.80206 267.72156 830.406 372.4981 0 0.96919876
1182.2136 375.55267 1218.0674 487.67215 0 0.8639616
