181.54617 524.2063 250.15457 667.48553 0 0.9986395
330.03918 328.95303 391.9483 431.11523 0 0.97275484
753.4403 319.1914 830.0029 430.30148 0 0.9620221
793.62897 508.74072 877.86755 663.8896 0 0.9531545
228.43053 101.87088 286.7943 206.0215 0 0.95031065
228.88185 454.32825 299.64462 575.4297 0 0.94688195
589.9755 326.87863 661.3784 429.68442 0 0.90232676
1147.7714 322.82077 1196.1168 437.56335 0 0.8829134
237.69048 189.9177 280.78613 278.23654 0 0.88071847
522.3486 286.80475 596.6315 389.4054 0 0.8732074
957.4134 247.9678 1047.3241 371.36703 0 0.80473584
