104.38358 319.21048 180.7028 498.45663 0 0.9977016
792.3067 431.0122 867.94464 613.8263 0 0.99721587
906.84515 434.93625 991.2595 591.4772 0 0.99694127
690.6897 10.174932 775.46515 135.72542 0 0.9923884
547.2664 195.48097 615.2164 334.25745 0 0.9878836
142.631 458.97256 223.88408 625.11475 0 0.98554105
0.0 562.2965 46.699078 697.1836 0 0.9733657
644.65094 178.14313 711.5753 286.2116 0 0.95783556
761.95294 8.610186 809.02356 120.483475 0 0.92222637
621.9984 312.86526 700.7789 461.3315 0 0.91490453
1135.1598 96.65905 1189.5358 195.16937 0 0.8018645
