1131.6549 392.81125 1207.3832 531.7333 0 0.9991239
352.45956 474.32156 445.59283 598.1942 0 0.99781585
909.3277 413.21793 969.5704 537.33386 0 0.99307853
610.07324 425.11615 682.49896 561.89087 0 0.9852409
998.3513 474.96924 1092.95 612.47266 0 0.9848831
848.57654 446.97867 933.6903 581.9114 0 0.98330194
434.9784 390.86676 509.708 556.5802 0 0.9826721
1015.8764 324.9924 1092.9149 464.9924 0 0.9551645
835.0544 366.95178 890.09247 477.0264 0 0.91239697
583.4906 194.14226 651.30786 302.5533 0 0.891288
792.18066 375.99924 837.76117 458.82535 0 0.8876518
8.953889 219.90991 60.06957 306.11703 0 0.83187306
