696.245 471.5777 784.8781 604.52423 0 0.99952555
588.33997 375.01514 661.09515 492.20078 0 0.99913967
283.4626 417.6496 367.19992 547.8149 0 0.9956678
350.90726 411.86166 429.0389 526.24316 0 0.99482083
802.90515 370.9858 872.4778 487.95816 0 0.9927147
905.8419 252.29857 961.37427 364.9584 0 0.99262226
475.43332 349.7931 536.5957 456.4534 0 0.9926196
448.11438 164.66856 513.7334 261.48987 0 0.9780983
853.0618 241.6289 913.13574 364.93698 0 0.9588062
682.7017 303.5797 740.27704 395.49283 0 0.9504799
1029.6152 167.40753 1064.1335 262.4377 0 0.92601645
664.04895 271.22037 698.87695 337.29605 0 0.92152226
444.82553 349.09894 483.75552 461.5169 0 0.92018056
796.57074 620.326 863.7454 718.07996 0 0.9066789
