106.30933 270.8588 164.37389 366.76724 0 0.99464935
647.27423 262.14432 707.6478 359.61218 0 0.98988193
706.0807 536.1155 834.74457 670.4741 0 0.98824465
665.555 493.4669 744.2598 615.6185 0 0.9871371
457.4262 215.50188 512.6191 322.99335 0 0.9824624
793.4116 347.865 854.0879 455.406 0 0.9785761
839.96985 291.70303 900.90265 391.02133 0 0.97729653
358.31476 279.79434 406.4946 372.8004 0 0.97074497
63.747314 234.02234 111.79096 343.5084 0 0.9614348
236.29611 346.16476 310.75317 470.07733 0 0.9291155
234.2025 242.92574 298.5507 336.55484 0 0.91419053
381.73984 166.91159 432.73483 268.5088 0 0.90727997
