866.94086 397.6868 954.87366 583.43536 0 0.98288226
961.9608 613.5381 1062.2535 718.07996 0 0.9700655
271.40762 83.00816 342.33545 238.55705 0 0.95885134
13.430115 137.5789 76.76641 258.72885 0 0.95792407
502.09015 14.52517 576.09906 128.55528 0 0.9337403
162.75128 104.896454 226.70566 274.4941 0 0.918043
441.80722 102.16111 526.95013 264.7212 0 0.8976108
944.453 8.008354 989.99054 79.27469 0 0.88860846
825.61444 6.3374753 879.75586 135.02602 0 0.87915385
645.4564 19.30333 706.4937 191.69179 0 0.8740475
246.08206 85.4316 295.8628 248.56718 0 0.86424816
200.28459 114.44336 251.46255 271.46408 0 0.8547329
739.6288 291.78998 817.793 410.59607 0 0.85363543
703.7281 5.6210885 767.5036 132.15508 0 0.8308733
24.1943 9.754828 83.488625 151.66887 0 0.82307345
905.6027 13.251362 951.55566 76.64643 0 0.8112894
405.77658 107.38215 455.08377 193.64508 0 0.8050806
