514.36145 345.39957 581.1505 460.63345 0 0.99950826
453.15158 397.13553 520.92456 515.97906 0 0.9960855
765.8734 477.66455 827.1989 608.42615 0 0.9944753
281.26974 485.2855 340.38602 612.13525 0 0.99385965
637.1368 372.0959 732.2601 475.13113 0 0.9937463
321.96313 473.52185 396.0617 614.22754 0 0.9668318
817.2456 359.15112 908.9797 459.9843 0 0.9562514
99.4703 202.24738 171.59648 288.8909 0 0.94754773
758.7186 285.34805 851.6988 419.29608 0 0.934766
1122.1289 629.1872 1191.1613 718.07996 0 0.8403889
