508.2107 408.06653 574.70435 541.936 0 0.99841535
981.35284 359.7744 1042.4998 487.95792 0 0.99810696
694.83496 271.68845 749.32745 359.37112 0 0.9910919
102.432236 485.2202 166.30441 615.77356 0 0.99063593
429.2202 331.21973 486.80295 426.96854 0 0.9887532
65.48062 358.15567 131.98056 481.00323 0 0.98513454
763.8909 340.4255 808.2539 440.71738 0 0.98182607
263.38568 411.35803 334.99872 523.771 0 0.97543925
1021.20844 301.13995 1078.2323 394.35416 0 0.95708764
849.0544 309.8527 898.15796 393.00143 0 0.95059025
357.4926 359.3395 406.167 453.88196 0 0.91298825
