926.70544 522.97955 992.63434 658.00256 0 0.99612457
867.399 351.07312 927.54663 460.14758 0 0.99573493
144.39658 473.01288 211.65181 596.05365 0 0.9867426
849.9643 269.98108 882.9435 343.35788 0 0.9835254
641.25275 465.23117 713.5096 574.80396 0 0.9826147
418.331 430.13605 492.3654 555.3989 0 0.9815606
379.60916 483.03033 462.56824 621.1054 0 0.97207505
745.59064 268.0356 810.41766 369.94098 0 0.96282965
1059.0778 204.90736 1115.0509 307.22235 0 0.96270204
319.20026 500.49973 386.05713 619.9936 0 0.93827045
1153.5065 235.81348 1199.7792 335.78458 0 0.9271611
714.7322 351.1024 768.2053 436.9548 0 0.909614
813.736 269.37338 860.8397 342.54272 0 0.862244
