616.89325 565.2713 705.264 718.07996 0 0.99973434
1195.0365 404.00018 1278.72 525.4537 0 0.99777406
1015.3474 369.91592 1086.1816 501.64624 0 0.98120224
1083.0602 487.34766 1172.9517 658.4576 0 0.9685356
582.1347 409.73166 627.0147 545.2387 0 0.9604695
831.2428 366.18893 902.7653 500.09082 0 0.96038187
669.75653 433.72232 738.1162 549.9933 0 0.9580697
723.1225 372.00607 774.3005 469.47232 0 0.9548441
376.89413 402.74176 463.10983 560.7012 0 0.9255105
480.32812 387.0147 532.60864 498.20822 0 0.9186677
