206.61148 405.59836 307.7853 620.8449 0 0.99875796
490.20273 347.7566 558.5497 531.53864 0 0.9970168
645.7264 545.3541 760.1861 718.07996 0 0.99530506
152.70554 318.49854 249.07394 469.15182 0 0.9901731
321.62558 379.53342 400.29175 579.87616 0 0.9890942
687.55566 254.39436 763.42535 371.52295 0 0.9874257
293.60657 233.08116 350.27557 420.33023 0 0.9866861
1195.2819 169.17331 1255.4998 291.10645 0 0.9798418
976.3864 380.89438 1055.7439 527.3557 0 0.9692142
253.54892 234.22743 310.48688 387.88937 0 0.96919537
0.0 244.91975 50.18686 432.4388 0 0.962336
783.2152 9.267129 819.2087 104.138756 0 0.8692312
730.54407 15.3566065 763.6375 80.87694 0 0.838728
33.608646 237.91902 95.44156 413.21045 0 0.82589245
