86.45236 249.2107 185.20326 422.44498 0 0.999371
641.33905 249.7979 733.00574 408.3833 0 0.99933714
736.33936 175.1191 820.7372 325.8586 0 0.9971316
1076.3483 245.0466 1161.2667 432.56378 0 0.99634117
394.23456 321.27057 476.3577 449.46964 0 0.99501795
854.13995 509.8328 1011.0092 693.6091 0 0.9931879
606.04877 435.97134 741.4626 605.08746 0 0.97840923
355.16858 63.377712 454.90115 170.853 0 0.949821
217.64323 383.21512 300.88776 461.17917 0 0.9025029
246.03195 82.326935 316.11243 201.83298 0 0.8486562
1243.2341 374.33655 1278.72 584.88727 0 0.8468205
