1154.7396 381.18353 1231.309 491.12744 0 0.9975011
923.3896 448.85828 990.2588 593.0918 0 0.9959824
668.1402 327.28598 731.67316 453.84558 0 0.992386
489.56342 397.29932 567.2857 510.57822 0 0.9876851
1174.6655 107.74299 1234.7626 232.67865 0 0.98611534
603.5361 299.217 682.41864 432.64172 0 0.96990144
878.5325 206.13824 931.8592 301.02304 0 0.9624264
742.9919 292.8738 813.45905 424.19907 0 0.8950194
501.52762 285.78674 565.38196 404.73596 0 0.8606995
81.446594 7.6499853 208.63533 90.79953 0 0.82052416
