380.42123 245.53183 441.54092 361.1524 0 0.99473804
1084.6819 453.60742 1156.166 594.4869 0 0.9924508
602.31976 343.42905 671.40454 459.8185 0 0.97982556
922.9775 299.572 970.5062 402.22488 0 0.9725654
642.5119 198.64093 710.7524 298.32535 0 0.9690902
867.41125 385.19687 958.7969 512.6825 0 0.96309316
1151.3485 447.05853 1204.7505 568.763 0 0.9617874
240.79085 188.13281 289.88754 285.20856 0 0.959582
440.0203 255.65312 472.61334 354.12866 0 0.9333369
267.80096 460.29062 322.0787 601.4082 0 0.9267847
407.15176 149.12071 455.5219 214.53114 0 0.81296897
