194.9946 491.0042 284.94238 622.5166 0 0.99947923
798.6594 374.36258 866.6863 486.3503 0 0.9990226
649.5666 440.54498 721.02747 568.639 0 0.99892837
46.779526 418.14612 120.112495 538.2608 0 0.9974744
889.84796 305.15067 945.8203 396.92252 0 0.9955843
832.8396 272.58725 888.30884 367.83987 0 0.9846236
343.96054 431.24127 430.2106 568.9841 0 0.98394406
1004.11835 341.97812 1066.326 443.4988 0 0.98236614
209.72588 387.2613 288.89117 526.5702 0 0.9760223
767.82825 295.4695 817.47656 391.85007 0 0.9664623
1043.2839 361.94455 1092.5614 454.1051 0 0.92659694
667.27765 364.91885 727.7989 477.88034 0 0.869235
