1054.702 463.77994 1129.2053 607.7541 0 0.99914515
228.00317 467.73203 298.52615 604.0458 0 0.9920785
1124.2993 441.06143 1188.2372 575.7984 0 0.9908345
352.54636 249.17386 398.25098 357.59256 0 0.9885783
903.7715 298.69928 958.6077 405.54187 0 0.9854961
623.0598 197.84283 683.51355 296.42215 0 0.98091125
210.5956 178.98831 266.10837 292.4349 0 0.9668103
1217.5636 502.86328 1278.72 637.02124 0 0.9494403
363.7912 144.20024 415.42432 216.25955 0 0.92839307
853.1409 390.76007 939.072 512.50555 0 0.927562
581.4552 336.50803 647.8678 459.16733 0 0.89880216
398.96527 254.59996 434.81754 348.78815 0 0.8743118
