322.88733 248.06085 395.5935 373.60815 0 0.9992285
633.2917 491.16547 737.4574 624.27435 0 0.99455255
20.674734 167.74873 94.03261 276.224 0 0.99318963
584.0696 295.38525 662.2366 437.1001 0 0.98739296
395.6626 352.6204 458.9745 475.22983 0 0.98323995
510.4452 269.31042 591.1305 408.25278 0 0.97918165
437.31473 260.6416 503.1023 386.93442 0 0.97739035
64.7339 384.94727 147.60912 521.0516 0 0.97736484
658.5448 276.90732 740.0725 401.4432 0 0.96687436
824.7591 362.2117 890.9072 478.78217 0 0.96519667
486.868 321.804 554.0173 442.366 0 0.9294361
711.9699 439.93124 774.99457 553.0991 0 0.90620106
893.21796 340.42627 960.792 471.4133 0 0.8971447
197.42648 215.77542 258.55917 338.46356 0 0.8248112
