90.02588 381.51965 182.27661 511.92377 0 0.9994523
480.12906 224.94023 538.4364 354.7578 0 0.9978398
1050.5945 473.26596 1131.869 608.17285 0 0.9971264
619.9357 268.74704 677.7648 376.64935 0 0.996766
544.90796 231.16875 610.77704 339.30063 0 0.996145
696.43 284.9463 774.1703 377.48306 0 0.9949634
632.8387 363.94382 698.2758 491.13672 0 0.9948087
782.961 436.55728 845.53894 571.8571 0 0.985666
817.9601 428.06815 906.6407 620.6196 0 0.9571594
250.27435 199.79361 305.755 311.6049 0 0.92406136
954.3888 210.56433 1023.43677 303.42062 0 0.910753
