13.737778 509.08774 102.188866 668.1904 0 0.9985518
277.76413 407.15613 364.47327 535.0551 0 0.99854255
598.31464 257.8082 652.86127 385.63672 0 0.9962633
416.30823 242.47563 487.1391 359.42358 0 0.9943488
434.11148 362.7863 513.6964 483.63034 0 0.9914595
2.5712328 163.132 54.136444 266.12686 0 0.989421
160.18076 196.55435 226.11174 300.58002 0 0.9744547
385.98102 225.04138 428.98648 341.16125 0 0.9743832
469.34976 236.66708 554.82086 348.54242 0 0.9724521
773.0397 307.61096 837.2419 437.91956 0 0.95558906
932.5648 259.666 1003.8731 366.1014 0 0.9239703
290.6605 276.58273 357.3033 368.04834 0 0.90540594
636.47455 302.36258 706.7219 449.29913 0 0.8222999
772.27356 361.87808 893.39386 533.005 0 0.80990374
