34.330357 273.4112 136.50592 454.06955 0 0.9987103
234.47551 451.50632 327.8827 644.97797 0 0.99869686
316.83102 59.17648 368.60336 164.13562 0 0.9950589
170.96164 515.08575 264.60446 716.11163 0 0.9948506
408.7548 390.30063 497.83676 643.85693 0 0.99288017
848.3726 331.8817 949.9095 467.50375 0 0.9879395
300.00052 410.9209 375.68533 572.5922 0 0.98780125
759.3746 12.225239 820.4249 151.15785 0 0.9478351
613.93384 12.578017 671.2116 118.14506 0 0.9079833
414.64517 6.6908836 466.93994 97.168335 0 0.8899495
941.39655 204.78104 1010.1669 284.16556 0 0.887724
913.6275 32.416977 959.4903 149.64865 0 0.8483958
522.8525 10.145259 564.94763 111.933044 0 0.8476516
544.532 10.105024 593.00073 115.710014 0 0.82170886
828.2426 12.273027 878.47327 115.031395 0 0.82007253
711.5611 43.480553 752.63184 131.84717 0 0.81797737
