38.640488 424.01306 129.6581 642.719 0 0.9994091
469.93582 353.8431 591.16455 533.1655 0 0.99894613
163.28638 239.8161 235.44708 401.35413 0 0.99817884
1.478833 512.081 82.20047 718.07996 0 0.9968888
204.01695 367.6094 301.892 567.2348 0 0.98685724
684.7511 270.93436 783.5917 411.98303 0 0.96357906
566.98596 380.93283 705.71277 590.1129 0 0.9409955
1185.7407 15.866157 1250.4028 148.55737 0 0.93686104
112.56728 8.103628 234.33708 98.81429 0 0.898332
1139.339 179.59972 1201.8402 271.91406 0 0.89751524
901.7717 42.84895 944.237 125.77338 0 0.8079093
1240.6508 39.01624 1278.72 175.9875 0 0.8036281
