415.58286 394.31113 492.86978 553.7946 0 0.9997192
234.6366 263.6123 297.9282 418.56403 0 0.99929905
731.346 552.69684 814.5388 714.2995 0 0.9950885
897.46356 343.18304 972.9864 521.88763 0 0.99192166
78.32309 386.1312 166.96382 566.6396 0 0.99078935
256.37033 481.72922 347.151 675.4512 0 0.98996115
138.62836 328.12982 208.72684 487.42554 0 0.98805004
394.71518 252.25554 470.3547 395.52963 0 0.9759486
1024.207 297.84424 1087.6655 436.81128 0 0.921216
680.13763 225.57045 764.9164 496.54132 0 0.9134769
498.0437 49.1018 557.63776 142.06635 0 0.8998056
437.081 49.026546 499.6507 137.88036 0 0.8268155
