36.72618 370.9278 321.29367 718.07996 0 0.9965011
456.2552 168.79654 592.9483 323.95474 0 0.9938207
1144.1625 428.1169 1278.72 604.78906 0 0.9897194
458.61035 346.20932 687.4335 718.07996 0 0.96808124
298.35983 101.9997 372.58514 209.70335 0 0.9621741
227.27399 405.98953 359.9594 683.5818 0 0.95074254
368.8985 361.6335 516.0653 679.68805 0 0.9221483
153.1652 232.08765 239.15787 323.131 0 0.9168176
695.6352 129.20622 800.00665 330.3728 0 0.90670216
1138.3489 243.58524 1222.9203 385.80035 0 0.8967235
230.80507 106.12767 315.94788 215.88379 0 0.8948446
1074.6674 431.35468 1169.3928 583.59094 0 0.8761769
567.575 169.6107 644.59595 303.64084 0 0.8745032
587.59827 318.32 708.6352 474.66086 0 0.8625781
685.8571 245.44771 938.3366 718.07996 0 0.86148804
394.48764 219.34456 469.16272 316.51862 0 0.8334429
540.5767 11.091865 617.8323 216.59456 0 0.82763124
15.241506 44.765053 69.52948 195.00873 0 0.8017952
