303.2045 374.2798 501.34378 718.07996 0 0.9971951
702.39014 390.6161 862.4834 710.22656 0 0.9971097
92.77446 353.03757 279.71387 718.07996 0 0.99631655
857.5689 358.64233 1129.4564 698.577 0 0.99534047
1046.8418 180.84299 1153.312 307.87216 0 0.9864659
1169.9535 84.632744 1278.72 380.34045 0 0.9640359
872.6223 37.134396 969.63965 215.0381 0 0.9414178
949.03394 54.24414 1027.9875 225.02637 0 0.93660134
604.15454 6.80207 709.61554 129.93663 0 0.83801097
922.0247 214.72458 1023.17694 339.42484 0 0.8338018
1118.4193 35.200615 1201.2665 226.43312 0 0.82999504
