1.0640429 149.72887 291.29654 718.07996 0 0.9971405
475.41568 180.9742 682.74805 655.7992 0 0.99518895
796.3956 88.34078 984.14874 652.2508 0 0.9914585
681.12396 63.018047 839.7921 316.5027 0 0.9886736
966.6232 140.72928 1046.4014 314.64627 0 0.9793596
1123.4257 212.45961 1219.2742 403.67444 0 0.9437926
160.01068 174.23283 381.8425 585.09906 0 0.93731946
1191.6676 212.71317 1276.8739 395.5482 0 0.93405676
349.37247 206.08644 527.0333 662.7573 0 0.9157972
0.0 168.08142 931.3673 643.4382 0 0.862934
1082.1233 149.56442 1146.782 269.50815 0 0.83470696
1163.9747 7.3484664 1265.3711 224.54968 0 0.8154853
