924.3253 31.806757 1245.8696 678.0178 0 0.9965616
89.43929 40.85656 560.22296 718.07996 0 0.99348444
0.2642871 59.54672 242.8855 562.9968 0 0.98752904
526.99896 11.876797 798.63586 718.07996 0 0.9734211
606.2477 2.46374 718.1365 167.93433 0 0.96394235
861.6628 39.777718 971.47 177.77853 0 0.9354421
0.0 42.36329 58.706394 159.36052 0 0.93197787
418.32303 26.870527 499.07077 175.4935 0 0.9125785
422.20706 221.88284 548.27466 476.37534 0 0.9089793
693.6602 0.0 809.2723 104.903725 0 0.884758
193.15976 67.04221 336.09103 343.87402 0 0.8733739
