664.6589 380.60242 857.29407 718.07996 0 0.9961725
635.26074 102.43834 710.65485 219.19803 0 0.99045396
838.9428 113.26466 922.53094 217.7206 0 0.9810923
988.91516 432.8808 1210.6038 686.3373 0 0.9679901
1068.2336 201.76663 1241.7474 496.55444 0 0.9591085
1152.4359 444.4173 1278.72 718.07996 0 0.95800054
296.2251 5.3483887 366.10455 121.89907 0 0.95418775
1186.9806 235.7046 1278.72 498.98297 0 0.94441825
17.893902 85.0595 76.38295 266.1049 0 0.899586
1093.6512 7.3815284 1166.0538 91.29189 0 0.8645153
921.1685 161.14108 994.9516 224.03445 0 0.85302544
