45.87023 75.29258 519.05334 622.6195 0 0.9934964
516.7981 67.419464 615.67334 208.59967 0 0.9799375
1033.6847 90.0074 1277.5692 573.9596 0 0.96892613
731.638 316.58908 828.80457 457.22214 0 0.9654647
590.21075 64.339836 662.5662 204.22307 0 0.9613257
651.6442 89.91033 736.677 211.9028 0 0.9577541
1141.1283 9.342051 1226.7572 161.28546 0 0.95324016
15.367969 70.475266 120.906845 196.31816 0 0.95208275
937.61334 276.79932 1023.019 369.04077 0 0.93897897
444.1411 94.28714 533.7203 214.21344 0 0.9262111
634.75696 336.6584 730.9665 450.65973 0 0.9072583
283.20627 91.187225 355.93317 211.37363 0 0.90512234
733.9457 77.28893 803.7143 216.308 0 0.8956656
380.0097 7.9479833 458.35184 154.65854 0 0.88693696
794.0791 0.0 882.19196 222.59007 0 0.87543845
911.932 65.4966 998.64514 223.81496 0 0.8668579
1042.013 14.662216 1109.6998 123.98535 0 0.8487574
596.76025 326.08542 653.8605 458.92947 0 0.823098
1209.0503 77.48778 1278.72 217.30203 0 0.8213682
