962.1517 457.4352 1225.8972 718.07996 0 0.9856824
764.8008 304.54575 1038.3317 718.07996 0 0.98520494
740.4716 286.43463 857.74304 538.5427 0 0.9596695
1090.1287 0.0 1268.3715 293.1377 0 0.9373827
322.4839 199.73668 425.13483 386.2091 0 0.92701316
682.82477 143.76543 786.7713 355.26312 0 0.9258062
163.83603 360.25702 443.941 718.07996 0 0.89608276
13.439941 423.51855 220.06107 714.2526 0 0.8696861
398.90695 310.06897 591.399 689.8735 0 0.8622886
642.64246 251.10257 739.5575 509.41196 0 0.85528386
615.0328 51.715946 696.09735 269.1962 0 0.829426
537.7042 267.82904 674.6389 604.969 0 0.80785435
