276.0131 352.4847 391.62936 502.62112 0 0.9747123
374.53995 380.36978 458.30908 488.5212 0 0.970416
521.71027 299.1555 612.64044 486.1023 0 0.9635587
93.259346 280.8175 178.63264 392.14243 0 0.9567379
349.26547 184.46175 432.69336 385.03183 0 0.9485213
956.4655 115.23429 1031.5963 237.95082 0 0.92473686
920.0936 302.99268 1004.0762 441.29254 0 0.9104083
1159.1857 189.89961 1242.1493 391.72144 0 0.9059486
444.0602 79.40333 536.56055 229.96938 0 0.8971475
872.98785 563.22235 931.69196 669.00024 0 0.8956545
890.5096 82.23111 972.6488 247.78365 0 0.88441896
25.830732 286.41412 118.04872 393.67953 0 0.88145757
61.790417 191.13284 126.17718 310.06354 0 0.87833375
968.6798 437.824 1047.1536 579.51434 0 0.87401944
422.39526 186.60835 524.9778 359.36823 0 0.8724326
1058.2595 401.63245 1185.497 698.3331 0 0.86466795
3.4855957 584.7433 179.06406 718.07996 0 0.85932106
1146.6886 14.599179 1208.3806 229.19624 0 0.84464073
516.0708 601.10046 633.2466 718.07996 0 0.8329964
718.08875 141.00658 803.96155 315.99426 0 0.83283997
630.7662 10.188173 704.60614 199.6085 0 0.8268667
1022.8075 524.1917 1125.8759 657.99695 0 0.8236796
374.39688 12.000215 445.36685 135.22928 0 0.81497294
