61.404804 66.337616 578.68304 718.07996 0 0.99709785
955.21454 31.92791 1258.9636 674.1338 0 0.9965802
545.664 20.315742 801.319 718.07996 0 0.9930153
41.993477 95.832596 224.82004 551.9587 0 0.98001146
626.1128 0.0 728.8909 169.54129 0 0.9458975
0.0 22.403486 92.9037 163.63873 0 0.9445452
471.09183 222.3508 554.22095 503.98578 0 0.9397822
348.83023 169.13213 499.86084 531.4004 0 0.9380794
1094.5502 0.72148436 1173.6135 161.88724 0 0.92407554
336.34964 88.874825 1243.2917 698.9979 0 0.9166522
872.1655 43.39787 979.00305 187.70807 0 0.911955
349.94937 73.52844 441.18375 192.2864 0 0.8923737
