50.76404 338.549 316.5127 718.07996 0 0.9967976
1175.0616 380.28397 1278.72 567.3296 0 0.9940241
388.17117 316.285 516.7421 651.1247 0 0.99072146
616.4328 188.46278 1002.15576 718.07996 0 0.9860698
471.90515 128.28804 589.85443 279.25104 0 0.9750107
479.36295 291.7513 714.13043 718.07996 0 0.9701414
221.20573 367.03992 372.69772 663.8644 0 0.9579516
236.97922 69.27508 326.96625 176.46088 0 0.91289455
157.37613 186.61322 248.79808 281.58627 0 0.9023977
1142.3723 203.29369 1224.942 348.84164 0 0.90067387
9.936902 30.412558 64.45658 165.41559 0 0.8978517
573.1957 149.61433 649.3517 261.11703 0 0.8897166
704.5671 87.70721 798.1927 254.36478 0 0.881216
406.38406 175.16853 474.0856 271.48093 0 0.8779636
586.01697 268.33606 715.9019 426.91464 0 0.8510265
605.9523 76.26297 694.015 222.14163 0 0.81309545
1086.2747 392.42633 1179.8008 546.51544 0 0.80477935
