767.0862 102.147285 934.36865 559.7247 0 0.99568826
75.36232 153.92773 648.243 601.93787 0 0.98443896
622.24133 89.47228 798.73975 582.40344 0 0.984245
384.5738 60.50202 457.54175 191.29956 0 0.9813098
848.41925 40.635956 948.9086 225.37169 0 0.9775604
410.79425 183.40251 596.0172 372.39648 0 0.9774045
1134.7673 82.85443 1207.778 199.6497 0 0.97187287
917.9936 182.2071 995.3678 338.08038 0 0.9571219
549.3585 121.6625 679.2655 498.66425 0 0.94581443
503.4778 90.15871 566.9264 198.49109 0 0.9232178
977.1966 165.7593 1091.4235 309.29785 0 0.9231029
178.97455 66.44927 269.94516 177.66377 0 0.92164326
131.44838 89.49691 189.897 192.66902 0 0.9203281
443.9338 72.37193 513.1733 192.82246 0 0.91207904
1072.6554 266.65424 1211.1179 541.4194 0 0.86590207
637.80853 51.371326 703.4294 173.36215 0 0.83570486
996.53937 283.54016 1096.6565 374.91342 0 0.81699634
95.52155 83.5501 151.49654 190.50066 0 0.8020046
