377.43167 0.0 516.94073 221.00531 0 0.9882934
925.01984 130.65587 1214.8014 718.07996 0 0.9864465
658.8239 120.41861 802.21844 314.40704 0 0.9849931
678.1147 0.0 845.5731 172.57932 0 0.9842927
292.4375 238.86392 555.77905 718.07996 0 0.9809048
753.08386 96.101715 863.09766 282.23315 0 0.978683
1117.2377 173.94911 1278.72 718.07996 0 0.9757697
570.1878 30.765673 697.6809 264.1162 0 0.96645975
27.702919 163.15251 296.65695 718.07996 0 0.9661962
271.0404 101.04452 435.01273 361.70404 0 0.95098597
818.5431 78.33155 933.8553 372.95148 0 0.92932624
411.68115 102.818924 749.64624 693.0628 0 0.9290673
406.0664 124.74942 547.8 361.61832 0 0.9219778
47.72963 180.84125 163.38884 367.8349 0 0.91683024
563.916 0.0 651.94916 76.52917 0 0.891484
123.56257 0.0 299.32687 377.13797 0 0.88315386
489.81732 59.58796 574.1784 241.54445 0 0.8663835
11.305512 33.541504 123.74781 240.00781 0 0.8532371
871.3366 0.0 1000.7146 256.37326 0 0.81564534
1.678147 147.10008 77.64231 372.05026 0 0.81199
