715.7801 387.7108 892.8502 718.07996 0 0.9980003
109.84714 349.64108 306.27847 718.07996 0 0.99798125
323.77863 382.63016 510.92856 718.07996 0 0.99571264
874.62396 365.84335 1091.3582 718.07996 0 0.9919768
1076.4558 192.93129 1178.9266 317.1193 0 0.9836765
903.2828 49.260303 993.95233 214.46027 0 0.9490715
0.5784375 478.8858 208.82129 644.8867 0 0.93824404
623.3482 7.417412 731.80884 135.45581 0 0.9137904
1200.1418 113.98581 1278.72 354.2712 0 0.87965184
1145.6808 52.84777 1221.6606 239.68835 0 0.87287855
908.7526 160.73305 971.70905 321.80496 0 0.81344724
