605.36633 157.64644 756.18695 511.5437 0 0.9976526
771.83545 160.838 1093.8376 668.1144 0 0.9974523
0.0 90.291115 152.63445 625.23926 0 0.9941047
149.77304 168.08488 276.17276 513.8755 0 0.9939049
1068.7648 49.405098 1278.72 657.2018 0 0.993374
224.75888 110.20072 432.95773 588.8662 0 0.9917983
743.5405 0.0 827.9002 121.4847 0 0.99008137
564.8456 52.375313 666.7995 191.96083 0 0.9835607
359.02258 60.024647 637.812 617.648 0 0.9818563
841.86847 0.0 909.0863 122.12966 0 0.96301234
1007.53253 0.0 1101.6411 113.97414 0 0.96269673
884.4353 66.49348 986.14374 191.63289 0 0.94544244
133.98839 75.59035 211.87395 181.86705 0 0.93672067
1092.031 7.2842917 1165.4177 158.17683 0 0.9354696
644.9943 0.0 768.14545 213.7423 0 0.9076411
541.9016 0.0 615.37915 129.45256 0 0.88733494
487.0014 0.0 572.2455 191.25749 0 0.85084665
909.7219 0.0 982.7227 127.27299 0 0.8347991
1207.0671 0.0 1270.4741 103.611015 0 0.82969123
