286.39194 406.7997 412.51242 546.34784 0 0.97807294
536.4701 359.60883 623.4904 535.723 0 0.96138215
126.845634 335.94565 202.05524 450.5724 0 0.94477475
675.015 12.749848 745.0523 153.86244 0 0.9422893
887.40405 91.57998 981.12 239.06197 0 0.92923486
45.093086 313.9423 144.62543 460.74567 0 0.91216224
889.52045 161.01323 980.422 358.6095 0 0.9082225
924.05475 365.09668 1002.30817 497.92075 0 0.9000229
957.93115 479.2323 1041.1204 630.92285 0 0.86286527
387.86975 142.65 485.63406 292.67288 0 0.85892254
66.10233 257.65912 145.30792 371.15305 0 0.8344663
1130.9794 60.142292 1213.5028 283.79114 0 0.82465124
450.72852 145.74254 541.9754 295.15573 0 0.8158963
