1025.3193 37.94219 1278.72 669.19196 0 0.9973411
75.6634 88.66301 606.5828 712.3198 0 0.99405307
587.26263 53.556366 857.1681 718.07996 0 0.9926253
505.2011 228.40643 585.22266 497.91785 0 0.97753143
656.84796 0.0 762.4464 149.87706 0 0.9665258
560.2374 28.121601 648.24396 162.6403 0 0.9599461
900.59973 37.084793 1009.3407 195.37335 0 0.92250043
405.94446 174.47076 517.1674 389.7707 0 0.8683438
4.298804 123.04183 86.12619 553.74133 0 0.8478098
745.8823 0.15339355 847.9233 105.66797 0 0.83069825
468.76483 19.244354 567.5047 173.01564 0 0.8072269
0.0 133.1712 74.60939 239.03711 0 0.8065216
