1107.6517 338.41043 1159.9364 456.74387 0 0.9674526
393.69287 407.65268 449.52225 551.61597 0 0.96085906
303.92914 353.2186 360.54443 495.57382 0 0.9503353
745.59875 431.2996 818.8714 614.7548 0 0.93473434
486.34894 249.35066 532.14496 366.90808 0 0.90817684
224.11353 305.1552 277.3503 442.2712 0 0.90316916
848.03046 219.24199 897.042 322.6347 0 0.8974402
676.6185 250.51788 719.1629 364.6607 0 0.88954645
597.49146 286.81644 648.5177 407.92136 0 0.8669809
880.7378 630.714 938.39844 718.07996 0 0.8286944
