19.720318 524.428 97.18949 654.23145 0 0.99815875
444.92886 363.07693 503.01697 477.8457 0 0.9953454
476.00195 235.97649 541.78076 345.15796 0 0.9932973
7.698789 157.4831 56.57634 264.6452 0 0.98474115
281.475 410.64172 352.03336 533.6732 0 0.9810059
161.71805 191.98901 213.45819 297.15936 0 0.9786435
601.5827 252.30984 657.27484 384.9188 0 0.9783625
772.8129 304.0314 837.51105 421.98984 0 0.9598043
650.369 252.88835 706.6131 397.91663 0 0.9585619
389.9453 221.49214 427.54163 319.97864 0 0.91906726
422.50534 235.4015 470.99707 348.56198 0 0.911117
941.29004 259.01163 992.85223 357.66965 0 0.8997406
