655.20074 543.9721 750.9294 715.1517 0 0.99522144
155.08363 316.8996 238.40152 477.4395 0 0.9950288
328.80292 383.6938 395.77753 573.6426 0 0.9929843
222.1651 404.7267 302.13058 604.53375 0 0.99242085
492.06537 354.04358 559.4643 521.35333 0 0.9911349
34.140182 241.42111 99.27162 400.02585 0 0.9766286
1201.5974 161.78629 1258.0231 287.8973 0 0.9730241
689.7821 249.5174 750.10864 373.82733 0 0.96477723
983.0154 382.3748 1045.2727 505.61215 0 0.9622861
294.4833 255.65025 347.2957 409.84045 0 0.94813037
3.6968677 244.4956 48.63665 400.62418 0 0.88701004
