176.08798 488.30093 279.48526 686.3934 0 0.9967969
898.76434 358.19714 975.9834 552.6389 0 0.9947508
522.93713 314.61612 604.60785 461.6716 0 0.9945229
87.83898 227.34169 151.33862 414.85638 0 0.99186397
271.86765 230.13605 344.83713 395.25058 0 0.98757344
740.91095 578.54254 816.6592 718.07996 0 0.98661464
1084.8425 324.91855 1170.8256 478.91025 0 0.9849459
441.68085 396.8948 512.2263 588.14606 0 0.923545
592.29126 218.52313 654.5502 371.1932 0 0.9228451
360.76953 342.8659 420.9028 484.53058 0 0.82142395
