663.665 284.2538 735.9159 402.51843 0 0.9896339
643.08344 481.37033 726.1048 612.5638 0 0.9853382
201.90112 227.0025 252.47621 328.41296 0 0.98423266
75.22427 384.06305 131.96547 507.3146 0 0.97586834
486.16107 326.40906 543.9433 438.51334 0 0.97281903
404.89987 349.91632 456.9769 457.3736 0 0.971179
519.18896 269.63132 580.97406 397.29883 0 0.97032535
833.1502 358.70395 888.2122 474.0468 0 0.9620124
588.88806 305.94733 645.40607 430.69742 0 0.9605082
333.32956 245.24525 385.2401 360.80508 0 0.955708
446.05603 262.45627 496.4465 370.80792 0 0.9502341
9.925713 276.66473 53.662857 369.89508 0 0.9381657
23.688185 165.9381 73.3885 270.45236 0 0.92068833
905.9674 307.39005 961.5816 480.2271 0 0.8710029
