1159.5792 233.25708 1216.9243 336.26785 0 0.9819052
331.24265 497.04245 386.2135 604.71 0 0.9663218
1059.955 209.01598 1109.5734 305.63663 0 0.96228665
421.30505 437.20444 486.0857 569.5667 0 0.95826316
648.9891 465.59863 700.45013 564.4858 0 0.95737064
144.00784 459.03824 206.90562 600.5224 0 0.93054116
760.2459 269.89008 798.83997 361.51437 0 0.9132604
718.6085 353.9278 759.56586 428.9225 0 0.9075763
807.36444 264.5475 846.04333 338.5886 0 0.9023567
383.16174 472.0885 452.49152 621.5698 0 0.89601856
931.39514 520.40936 989.6539 651.1042 0 0.8552072
871.787 353.52066 922.5411 459.5468 0 0.80832815
