1008.2755 481.92432 1088.9377 603.64496 0 0.98860615
857.00476 441.8674 927.0352 585.6149 0 0.9870767
365.59586 478.77448 437.35297 585.4011 0 0.97864234
1137.7997 396.4667 1202.694 533.6309 0 0.97568023
1022.86633 325.493 1082.1582 458.2742 0 0.9732719
783.8525 375.88202 833.96796 459.23788 0 0.96325064
838.2034 366.9078 885.8623 473.13123 0 0.94056547
609.3265 439.48557 676.30414 554.1718 0 0.93828475
441.73962 393.46158 506.5133 553.88654 0 0.93731767
14.996103 266.10513 69.77844 392.364 0 0.8009611
