1087.6736 455.57916 1153.7072 583.3122 0 0.99283135
922.11786 295.97223 976.0847 407.32285 0 0.99053496
605.74396 343.51898 659.5942 453.2511 0 0.97790647
868.41077 393.77594 947.1145 505.38007 0 0.97596097
650.7807 197.19328 703.0149 293.31403 0 0.96093905
425.83685 243.87267 486.2122 349.61093 0 0.94989854
269.8999 468.41968 323.512 589.0287 0 0.94739044
384.37057 249.18007 429.58072 351.7921 0 0.9280657
246.10464 189.25761 288.86188 279.13376 0 0.8494516
1155.6249 443.20776 1203.284 560.8054 0 0.80410904
