147.19705 487.5461 210.14742 611.0731 0 0.9762211
270.34186 403.38956 332.63455 533.2401 0 0.9742366
1027.7069 373.24667 1080.4388 479.65488 0 0.9713997
121.31022 371.8264 177.23996 493.84702 0 0.9713378
816.04767 326.5761 868.4297 435.39926 0 0.9371515
284.56757 281.5656 336.99133 356.13922 0 0.9150189
367.66644 353.3941 417.48105 446.9294 0 0.9021581
458.33508 331.13663 502.63318 417.02866 0 0.89919835
867.75305 311.02664 908.9613 398.69888 0 0.8912715
563.1617 408.81674 609.3046 531.63965 0 0.81298125
