856.3324 398.64545 935.23334 510.786 0 0.9935155
234.42833 466.9415 295.12595 593.9217 0 0.99303365
1060.0198 458.76886 1122.992 600.22864 0 0.98941714
583.60443 346.04773 643.84753 457.0221 0 0.97803736
348.9705 241.29063 401.54425 355.39273 0 0.9777045
907.69086 297.61472 955.92664 402.79828 0 0.97218
1126.1611 448.00964 1181.8458 572.23895 0 0.938451
396.864 243.99002 434.3918 348.70425 0 0.8553586
207.40926 177.75517 261.35593 288.6198 0 0.8514556
628.2002 197.71843 671.36017 291.33987 0 0.8166985
