1135.5065 392.7188 1197.727 533.3691 0 0.99415404
968.38434 484.63943 1052.2489 617.3017 0 0.99031574
534.79974 545.60864 604.38385 707.82684 0 0.98379135
843.5575 446.29248 905.1239 583.58405 0 0.9653832
584.04193 426.47382 643.5706 551.9464 0 0.962496
438.50098 406.5235 498.39713 548.3719 0 0.9579149
1029.1971 318.25568 1084.5525 463.7962 0 0.9566468
278.63882 478.28412 374.91885 593.7729 0 0.9542142
18.63782 273.03992 79.78472 392.41302 0 0.8618005
901.39105 403.4894 940.4797 531.9714 0 0.807195
