292.685 334.868 313.881 416.748 0 0.997885 
356.937 214.542 369.403 253.6 0 0.99116
247.058 218.684 258.859 258.435 0 0.988679
232.04 204.477 241.997 240.452 0 0.988187
98.0706 203.749 106.448 237.725 0 0.980804
282.231 202.986 294.302 234.098 0 0.972078
201.356 200.236 209.593 228.533 0 0.92183
153.649 186.464 160.117 207.459 0 0.856128
2.00599 225.81 15.0272 271.873 0 0.847263
1.98678 183.537 8.71232 205.654 0 0.75827
89.809 187.345 95.6178 203.264 0 0.677361
46.0324 192.12 53.4505 217.695 0 0.676678
39.5596 192.261 45.1184 215.784 0 0.575678
99.3376 182.757 104.172 196.952 0 0.509352
