357.972 213.824 370.288 253.738 0 0.994408 
287.688 202.014 299.191 234.973 0 0.992397 
293.732 334.153 315.173 415.78 0 0.992133 
206.914 197.949 216.838 228.204 0 0.977561 
100.629 203.72 109.613 237.393 0 0.965818 
5.08298 220.92 23.285 271.284 0 0.963044 
249.355 219.519 260.791 258.342 0 0.961022 
49.6407 191.68 56.4001 217.992 0 0.877724 
236.495 204.055 246.238 235.761 0 0.873082 
158.693 186.965 165.128 206.112 0 0.847144 
5.34786 182.523 13.9156 205.684 0 0.760434 
43.5458 192.915 48.9535 217.432 0 0.744795 
103.864 182.839 108.847 197.756 0 0.619489 
