359.603 216.227 371.359 254.919 0 0.9922 
296.461 334.198 319.461 414.843 0 0.990788 
14.2772 218.674 27.1391 270.17 0 0.976178 
252.702 221.849 263.864 255.679 0 0.973059 
0 229.286 11.5609 272.356 0 0.959347 
103.858 205.415 111.711 238.409 0 0.957895 
213.748 199.322 222.45 224.483 0 0.944159 
294.097 203.45 304.222 233.982 0 0.943552 
161.7 186.205 168.369 207.518 0 0.922746 
241.053 204.81 250.754 234.991 0 0.860987 
6.95211 183.09 16.2399 205.059 0 0.852672 
54.4225 191.991 61.251 218.419 0 0.774789 
47.7999 191.65 54.1487 218.021 0 0.765583 
105.468 182.866 110.766 197.125 0 0.698715 
96.7228 181.646 102.953 198.355 0 0.62061 
