298.679 335.057 321.633 415.701 0 0.994425 
360.429 214.354 371.917 254.733 0 0.990624 
253.797 220.495 266.205 256.522 0 0.99038 
18.1672 221.185 32.5236 269.027 0 0.983607 
1.6305 225.216 19.7693 270.9 0 0.97904 
105.646 204.764 113.165 237.138 0 0.944083 
244.825 200.377 254.566 233.611 0 0.933664 
218.233 199.826 226.004 225.254 0 0.898651 
166.003 186.949 173.495 207.339 0 0.895291 
56.7257 191.693 63.557 218.639 0 0.806291 
50.7219 192.082 57.0681 218.286 0 0.771576 
9.08723 185.284 16.4161 202.995 0 0.683013 
377.5 212.831 385.856 245.976 0 0.681284 
98.7101 184.914 104.235 200.354 0 0.675287 
107.354 182.949 111.975 196.526 0 0.625631 
7.81538 180.775 18.0622 206.894 0 0.541736 
