299.974 333.286 322.216 415.947 0 0.994721 
359.136 212.098 371.351 252.502 0 0.992554 
22.8928 216.667 36.3859 271.811 0 0.983762 
222.275 197.332 232.103 226.536 0 0.978824 
105.817 202.802 113.826 236.951 0 0.972111 
247.085 204.478 258.212 236.153 0 0.919437 
167.053 184.457 175.698 207.987 0 0.913271 
257.019 216.926 269.265 253.896 0 0.913126 
56.4642 191.693 63.3519 218.258 0 0.888719 
8.34359 226.044 22.2528 268.448 0 0.82245 
9.98156 183.07 17.287 201.951 0 0.763626 
304.079 200.182 312.213 232.648 0 0.677572 
