300.503 333.823 322.314 416.01 0 0.994118 
358.152 212.618 370.039 251.691 0 0.988106 
224.234 197.823 236.003 226.838 0 0.982467 
105.448 202.457 113.479 236.551 0 0.981406 
56.3437 191.301 63.803 217.902 0 0.953178 
257.604 217.044 270.429 252.21 0 0.946024 
24.623 220.286 38.2522 267.115 0 0.923964 
167.962 185.426 176.155 208.138 0 0.922767 
13.8734 224.621 26.7493 265.381 0 0.859906 
253.895 206.607 261.76 231.491 0 0.839096 
9.80607 184.097 16.2668 204.014 0 0.77057 
305.74 203.631 314.356 232.896 0 0.748861 
99.7948 180.905 105.913 199.978 0 0.635615 
8.60917 179.811 17.772 208.079 0 0.578789 
110.811 182.036 115.614 198.357 0 0.567098 
246.684 197.174 254.76 226.603 0 0.541001 
