299.977 333.328 321.864 415.737 0 0.99476 
105.031 203.933 113.429 236.861 0 0.976745 
356.486 213.45 368.12 250.528 0 0.961045 
260.049 215.649 272.463 252.392 0 0.955305 
28.4967 219.164 42.0236 265.953 0 0.951936 
229.379 200.615 238.161 225.215 0 0.923068 
169.794 186.619 175.94 204.673 0 0.912668 
56.531 191.243 63.596 217.958 0 0.900196 
247.5 197.536 255.164 223.271 0 0.810533 
305.369 201.314 315.489 231.597 0 0.794734 
256.489 209.18 263.139 229.263 0 0.782259 
0 211.922 4.99911 257.685 0 0.775349 
99.5095 181.061 105.523 198.705 0 0.745809 
8.43858 182.062 16.5848 205.757 0 0.732396 
16.334 223.086 34.3586 266.202 0 0.730214 
110.767 182.269 115.614 197.525 0 0.5799 
