299.429 333.625 321.068 415.546 0 0.992143 
103.25 203.468 112.575 235.702 0 0.973306 
56.5776 191.323 64.1543 218.098 0 0.957767 
231.649 198.377 239.291 223.286 0 0.957211 
353.443 215.661 364.387 249.494 0 0.952363 
260.149 218.419 273.065 252.803 0 0.919435 
170.165 185.241 175.978 204.741 0 0.914736 
26.5059 218.939 43.6488 266.722 0 0.90011 
246.809 196.284 254.396 221.988 0 0.886096 
308.71 197.837 319.471 231.899 0 0.799345 
8.29369 181.878 15.2614 202.125 0 0.730412 
99.1121 181.492 104.723 197.766 0 0.699203 
107.412 182.586 112.204 195.88 0 0.692155 
0 211.481 6.98673 252.761 0 0.635241 
