297.012 333.416 321.154 415.377 0 0.993816 
102.029 203.38 109.782 234.714 0 0.962783 
231.989 197.922 240.247 223.484 0 0.95578 
55.1159 189.438 63.7375 220.227 0 0.954991 
349.486 213.816 362.485 250.105 0 0.947155 
169.035 185.828 176.006 205.087 0 0.946806 
30.494 218.596 43.181 261.871 0 0.922577 
309.375 199.272 320.148 232.472 0 0.911397 
260.412 220.022 275.466 252.063 0 0.903842 
245.093 196.211 253.425 221.622 0 0.890819 
0.680093 209.967 7.83362 248.021 0 0.872448 
107.317 182.06 112.206 196.696 0 0.863986 
97.7505 181.359 103.738 197.884 0 0.853869 
7.1404 181.359 13.977 198.668 0 0.778863 
263.364 204.346 270.582 222.963 0 0.563118 
248.856 180.48 255.388 195.724 0 0.512628 
