295.737 332.692 321.152 414.977 0 0.993847 
310.134 203.905 319.022 233.713 0 0.945111 
346.868 213.273 356.773 246.814 0 0.93272 
99.3178 202.342 108.214 233.815 0 0.92701 
31.3393 218.553 44.6763 261.908 0 0.921818 
231.663 198.298 240.228 223.339 0 0.920735 
0.617158 211.762 10.0039 250.371 0 0.91845 
168.069 183.693 176.446 206.855 0 0.885361 
106.263 182.343 110.746 196.742 0 0.836672 
96.1417 181.232 102.129 197.584 0 0.832172 
53.9175 190.943 62.0411 215.581 0 0.727173 
264.706 205.41 271.605 222.839 0 0.715275 
2.72584 181.665 9.4429 201.707 0 0.676802 
35.347 216.421 47.2417 259.604 0 0.647417 
242.28 194.926 250.475 219.388 0 0.57342 
262.231 220.144 276.915 248.753 0 0.543716 
