293.319 333.741 316.159 415.871 0 0.994804 
95.8177 200.287 105.531 232.452 0 0.983933 
342.101 210.812 352.259 244.596 0 0.983362 
309.303 200.061 318.256 239.353 0 0.96672 
30.6218 220.233 45.02 260.765 0 0.938216 
231.161 197.693 238.988 222.989 0 0.901822 
104.128 181.763 109.58 197.104 0 0.898861 
265.346 215.898 280.48 249.363 0 0.863067 
167.035 183.746 175.424 206.193 0 0.858171 
51.5775 192.805 58.0195 213.956 0 0.848773 
37.5386 218.72 49.3059 260.707 0 0.810427 
239.552 193.549 246.455 218.24 0 0.765035 
1.4532 214.05 9.71591 250.823 0 0.75187 
92.1305 183.253 98.0674 197.095 0 0.618288 
