292.107 332.345 315.081 417.149 0 0.998309 
336.271 210.284 346.349 245.326 0 0.987249 
92.4914 202.631 101.914 232.01 0 0.977908 
230.713 194.167 239.837 222.122 0 0.931586 
308.393 202.211 317.619 237.475 0 0.929193 
89.887 181.514 95.7458 198.219 0 0.925023 
0.851867 210.667 9.72982 253.811 0 0.924101 
269.846 213.099 282.752 250.169 0 0.922905 
36.8424 218.679 48.5154 259.147 0 0.899885 
30.9637 220.101 45.5365 259.014 0 0.882831 
49.5765 192.827 55.838 213.25 0 0.861791 
100.368 181.353 105.331 196.348 0 0.753075 
264.813 206.612 272.132 231.238 0 0.747522 
166.852 186.667 172.642 202.924 0 0.737881 
102.651 181.928 107.77 196.401 0 0.666054 
