287.424 335.259 310.767 415.416 0 0.99806 
88.3289 200.906 97.5283 232.842 0 0.971304 
329.875 210.224 341.423 245.525 0 0.967531 
272.935 214.273 282.659 248.848 0 0.948776 
98.1575 182.304 103.078 196.969 0 0.924469 
36.906 220.383 49.5402 259.364 0 0.861344 
0 212.151 8.10406 253.89 0 0.86112 
266.03 207.867 271.916 227.249 0 0.850927 
162.291 185.676 169.014 203.925 0 0.789607 
229.621 194.164 238.934 221.669 0 0.787395 
307.257 204.592 316.186 236.667 0 0.775646 
87.4621 180.774 93.1532 197.47 0 0.741032 
161.369 181.002 170.596 207.854 0 0.735015 
47.0846 191.464 53.9311 212.482 0 0.672525 
44.6772 216.921 54.7382 256.053 0 0.664858 
226.317 192.626 234.99 220.93 0 0.54373 
