285.032 330.447 308.027 411.532 0 0.996281 
84.772 201.301 94.2842 231.699 0 0.962808 
47.4656 214.243 58.2737 257.728 0 0.959739 
273.513 214.642 283.001 249.531 0 0.9583 
326.409 208.784 336.441 241.429 0 0.957209 
224.165 194.205 233.839 222.419 0 0.930073 
265.325 206.32 272.567 232.478 0 0.891111 
36.4815 219.766 47.0067 258.784 0 0.885529 
160.116 182.544 167.868 205.896 0 0.878901 
0 211.436 8.6581 251.603 0 0.858849 
96.5626 182.229 101.756 196.163 0 0.856635 
43.2849 188.76 50.2745 216.473 0 0.817799 
83.3315 180.595 89.1494 196.333 0 0.796496 
308.705 205.493 317.876 230.56 0 0.68719 
