280.917 329.937 306.498 410.352 0 0.995732 
321.564 209.312 330.888 245.116 0 0.978251 
80.6709 200.475 89.7976 231.439 0 0.946825 
37.782 214.753 49.4391 257.271 0 0.922729 
264.374 206.178 271.734 230.919 0 0.918839 
48.575 214.431 59.7079 257.979 0 0.911115 
274.579 215.085 285.212 248.684 0 0.895933 
92.6571 180.792 97.6521 197.094 0 0.872863 
308.948 205.345 317.326 239.284 0 0.835491 
0 211.554 5.65021 250.939 0 0.705632 
221.727 195.764 231.689 223.381 0 0.66316 
41.0793 190.489 47.0155 208.924 0 0.621956 
159.419 183.185 166.034 201.628 0 0.608631 
158.107 180.651 167.474 207.781 0 0.585599 
224.193 202.014 230.638 218.908 0 0.580665 
80.9737 180.664 86.7643 194.732 0 0.575173 
