277.638 328.027 301.332 412.01 0 0.997862 
77.252 200.415 86.0621 230.624 0 0.970959 
90.0292 181.23 95.2368 196.412 0 0.926222 
38.5604 213.195 51.9006 257.245 0 0.92203 
273.975 214.566 282.586 245.54 0 0.89631 
264.494 206.55 271.058 229.133 0 0.890257 
312.859 209.816 322.059 243.079 0 0.888726 
51.2344 213.657 64.2383 256.981 0 0.85666 
276.334 213.853 285.946 246.837 0 0.812245 
215.168 191.654 225.456 219.071 0 0.779503 
35.661 191.548 41.7339 213.641 0 0.68039 
217.181 195.729 223.837 213.774 0 0.668709 
46.2947 212.597 57.4796 257.923 0 0.642055 
154.127 183.026 162.47 205.891 0 0.628369 
0 206.553 5.33213 251.663 0 0.605203 
76.5324 180.489 82.0537 197.191 0 0.53558 
38.5587 190.792 44.7361 212.948 0 0.519476 
