275.897 327.28 298.668 413.697 0 0.999126 
73.5013 198.533 82.0909 229.737 0 0.987035 
41.6917 213.007 51.6926 254.767 0 0.983122 
87.4073 181.574 93.5687 196.383 0 0.967184 
262.609 206.246 270.307 231.058 0 0.918088 
54.2527 212.878 67.4018 251.593 0 0.91737 
274.979 214.477 284.211 244.713 0 0.880938 
307.111 204.478 316.116 238.363 0 0.859074 
152.319 178.965 161.661 206.352 0 0.815396 
216.976 194.819 222.943 215.998 0 0.809579 
33.1063 189.023 40.2528 215.371 0 0.776877 
0 218.006 5.88874 251.517 0 0.747534 
73.3382 179.019 79.2264 196.926 0 0.697444 
209.077 192.325 217.279 216.29 0 0.603165 
152.991 185.602 159.698 203.792 0 0.543422 
