272.19 328.263 295.306 410.978 0 0.998291 
70.398 198.416 79.2279 228.731 0 0.958084 
261.727 206.074 269.588 232.473 0 0.921552 
150.813 178.168 159.956 206.646 0 0.901029 
274.002 215.208 286.272 248.512 0 0.898602 
301.543 207.756 315.098 239.625 0 0.892865 
59.9668 212.473 69.1332 249.803 0 0.869298 
84.1564 180.36 88.7855 195.168 0 0.86709 
43.4907 217.186 56.0307 253.332 0 0.837487 
213.862 191.87 221.268 217.228 0 0.830356 
30.6691 190.842 38.9569 214.254 0 0.668379 
203.149 191.481 209.72 213.495 0 0.659707 
70.9466 179.722 76.1004 196.166 0 0.646313 
209.32 193.657 215.402 213.976 0 0.509978 
