271.16 327.195 294.507 411.326 0 0.996251 
309.271 204.983 317.595 235.202 0 0.929613 
62.3032 212.342 73.8265 251.867 0 0.924424 
149.586 178.433 159.22 206.164 0 0.921634 
46.6208 213.89 58.7973 252.405 0 0.88754 
210.716 192.814 217.86 218.414 0 0.880091 
273.918 214.848 285.555 249.242 0 0.860523 
295.392 207.976 306.499 240.254 0 0.856877 
260.86 206.42 269.192 236.814 0 0.852979 
83.4776 181.03 88.1524 195.112 0 0.827932 
199.607 191.221 207.006 215.594 0 0.780295 
29.1581 187.319 38.2337 215.26 0 0.750977 
68.2188 196.363 77.661 225.782 0 0.635459 
68.1855 178.145 74.2974 195.06 0 0.559315 
