270.535 327.349 292.577 411.847 0 0.996633 
292.379 207.391 302.18 240.882 0 0.970198 
274.654 213.147 285.136 246.788 0 0.967081 
259.409 204.735 268.754 236.76 0 0.954301 
208.777 192.574 216.311 218.038 0 0.951604 
310.226 205.666 319.463 236.544 0 0.940213 
54.4179 210.64 63.75 254.151 0 0.938872 
82.9743 179.259 87.863 195.006 0 0.898093 
29.0384 187.326 38.5052 215.871 0 0.843055 
67.4798 211.507 80.5123 250.889 0 0.840753 
149.749 178.568 158.715 202.376 0 0.836815 
194.659 190.454 204.834 217.528 0 0.814208 
67.6131 177.981 73.8529 197.619 0 0.715381 
