271.041 326.951 292.284 412.31 0 0.997288 
289.242 206.147 297.963 242.455 0 0.976353 
310.631 205.295 321.052 236.755 0 0.975054 
273.756 214.911 283.172 248.418 0 0.952168 
206.767 190.471 215.901 221.883 0 0.95039 
75.178 209.472 87.1578 253.406 0 0.945844 
83.5094 177.996 88.6377 195.318 0 0.917736 
259.401 205.195 267.929 235.606 0 0.854284 
57.5428 214.747 71.2057 255.288 0 0.829641 
150.886 178.067 158.965 202.65 0 0.813934 
67.9706 177.886 73.7657 197.048 0 0.781907 
25.9748 191.531 32.2782 213.696 0 0.707019 
31.6224 187.281 38.8128 211.598 0 0.689105 
193.46 192.543 200.369 208.922 0 0.627735 
191.617 189.459 202.231 216.553 0 0.577422 
275.587 218.62 286.675 248.154 0 0.541686 
