271.163 327.154 292.869 412.197 0 0.997112 
312.276 204.326 321.846 237.84 0 0.981952 
81.9808 210.698 92.5088 250.843 0 0.943209 
84.0699 177.138 89.4061 195.983 0 0.936448 
206.868 192.774 214.643 217.672 0 0.930933 
273.978 216.269 285.262 249.089 0 0.928878 
286.217 207.432 296.044 240.831 0 0.92329 
190.617 186.582 199.716 214.968 0 0.912476 
260.045 204.389 267.988 234.559 0 0.90461 
65.5662 212.117 77.5088 252.009 0 0.836097 
151.376 178.49 159.868 204.582 0 0.800343 
0 205.419 5.32633 251.705 0 0.784453 
32.6611 187.433 38.8522 207.129 0 0.77023 
25.7303 190.919 33.0756 215.656 0 0.711699 
192.436 193.36 198.994 212.2 0 0.636665 
67.9892 176.843 74.3545 196.856 0 0.557755 
