270.821 326.654 294.092 411.792 0 0.997525 
313.051 205.718 323.726 242.378 0 0.953824 
274.003 214.207 283.612 249.15 0 0.944642 
87.1084 206.642 99.1373 250.145 0 0.941303 
260.097 204.882 267.876 236.837 0 0.937597 
206.215 193.755 213.795 220.158 0 0.904897 
152.344 177.515 160.155 203.114 0 0.899971 
26.2585 188.946 33.5203 215.703 0 0.882972 
284.09 210.943 293.725 242.808 0 0.880408 
188.748 188.954 197.455 213.689 0 0.839408 
0 206.501 7.01575 250.814 0 0.829351 
34.2369 188.652 41.1723 212.873 0 0.807045 
67.5647 195.651 75.0618 226.271 0 0.777929 
84.6252 178.197 89.7227 195.14 0 0.748155 
86.5952 178.477 91.9438 195.644 0 0.747029 
72.9919 212.079 83.813 253.274 0 0.732597 
277.693 214.896 289.807 248.071 0 0.71948 
76.1967 208.097 86.1345 249.743 0 0.66755 
351.228 206.991 359.592 236.987 0 0.534424 
