272.128 327.824 293.791 411.39 0 0.998333 
87.2934 177.872 92.5766 195.931 0 0.968099 
93.5231 210.603 105.697 251.174 0 0.963449 
314.403 206.909 325.356 242.19 0 0.935165 
0 207.926 7.92051 249.067 0 0.934526 
79.5673 213.773 92.0872 253.552 0 0.926257 
26.6652 189.571 33.9057 216.816 0 0.923657 
204.907 191.595 213.427 220.709 0 0.908103 
67.3746 196.688 76.3651 228.512 0 0.891609 
259.84 204.853 267.89 237.967 0 0.889062 
284.216 210.187 294.04 242.546 0 0.883744 
274.251 214.16 283.451 249.4 0 0.872914 
186.5 189.056 193.7 211.924 0 0.760121 
70.718 176.403 77.0811 197.354 0 0.728649 
152.976 180.581 161.3 205.037 0 0.68539 
279.116 212.028 289.789 247.863 0 0.65769 
33.3242 188.153 41.5919 216.081 0 0.616756 
35.3494 186.977 41.2708 207.715 0 0.558562 
