272.549 328.034 294.471 410.561 0 0.997924 
316.654 205.886 327.607 243.671 0 0.97165 
101.485 205.88 110.928 251.111 0 0.971103 
0.24536 207.472 10.2219 248.158 0 0.96583 
88.9499 177.671 94.1841 195.389 0 0.958696 
68.7237 196.299 77.3779 228.123 0 0.956933 
259.561 205.353 269.329 240.461 0 0.946904 
284.518 207.166 294.57 241.808 0 0.924146 
274.692 216.549 284.32 248.367 0 0.898091 
27.1473 188 34.9312 217.298 0 0.837024 
88.9238 207.751 99.1891 248.808 0 0.801261 
184.751 188.917 192.009 212.098 0 0.77728 
204.071 191.464 212.156 220.966 0 0.753676 
37.1315 186.953 45.5187 215.622 0 0.70641 
153.867 178.707 163.406 205.39 0 0.678262 
279.217 211.546 289.516 247.371 0 0.673311 
72.0998 177.172 78.0223 196.686 0 0.605757 
