275.036 327.709 297.023 412.575 0 0.998424 
317.505 207.109 327.902 243.295 0 0.981538 
1.08456 207.629 12.5033 249.057 0 0.981491 
69.7933 196.329 77.804 227.301 0 0.970617 
261.233 205.98 271.029 241.602 0 0.951372 
109.008 204.632 119.243 245.298 0 0.932455 
29.3134 187.777 36.8526 216.991 0 0.909456 
90.5871 177.821 95.309 194.793 0 0.888432 
275.054 217.52 285.022 249.801 0 0.861883 
183.216 187.205 191.109 212.331 0 0.85445 
285.686 205.756 294.378 242.259 0 0.824072 
157.488 177.509 165.686 202.884 0 0.808896 
39.1511 186.18 47.2936 214.022 0 0.795216 
202.593 192.24 210.606 220.652 0 0.738704 
96.2252 212.914 106.467 250.069 0 0.70674 
277.228 211.855 288.011 248.389 0 0.598165 
