275.81 327.614 297.876 413.543 0 0.999002 
319.09 207.776 329.524 247.542 0 0.990908 
285.651 206.1 296.542 243.869 0 0.972708 
70.2166 194.566 79.1552 226.726 0 0.952043 
114.961 204.823 125.758 248.254 0 0.940787 
262.752 206.709 272.457 240.777 0 0.931027 
105.072 206.009 113.464 245.649 0 0.919822 
2.81207 206.619 13.2708 250.406 0 0.917999 
203.453 191.612 211.134 220.838 0 0.905386 
274.54 215.27 284.704 250.277 0 0.882259 
159.861 177.126 167.257 202.774 0 0.867652 
91.945 178.491 97.1002 194.708 0 0.863781 
41.5573 185.407 48.632 213.483 0 0.815235 
30.3313 187.948 36.7645 216.07 0 0.782467 
182.6 187.943 189.664 207.764 0 0.5949 
276.954 212.471 286.534 248.957 0 0.540649 
