276.785 324.864 298.995 412.766 0 0.997416 
318.97 206.832 330.241 244.433 0 0.989462 
4.14572 205.17 15.8649 251.117 0 0.987449 
71.4041 192.098 80.159 225.765 0 0.975053 
284.997 208.561 298.051 245.717 0 0.96518 
201.633 189.431 210.316 221.409 0 0.961553 
30.4225 185.341 38.0497 215.252 0 0.955191 
122.069 205.938 130.996 244.384 0 0.946484 
111.405 207.123 120.097 244.331 0 0.908927 
266.288 203.786 273.595 236.421 0 0.819474 
43.0377 185.813 50.343 212.256 0 0.777571 
177.666 187.898 186.935 215.058 0 0.748266 
272.672 212.258 283.709 250.474 0 0.715873 
94.2401 179.165 100.275 194.784 0 0.714557 
161.268 174.759 167.659 202.126 0 0.670108 
92.7036 177.943 98.0469 194.651 0 0.661032 
276.535 216.378 286.399 250.08 0 0.574157 
