276.681 325.048 298.95 412.974 0 0.997021 
319.523 207.507 330.965 254.053 0 0.995849 
4.89224 205.594 15.9107 250.244 0 0.988673 
71.0977 192.433 80.2036 224.44 0 0.97449 
284.005 210.585 298.549 244.887 0 0.96823 
30.2247 185.286 38.0066 215.013 0 0.963863 
201.439 191.306 208.751 218.551 0 0.956569 
117.23 209.067 126.134 248.114 0 0.934359 
94.8781 177.828 100.827 194.196 0 0.896132 
265.824 207.186 273.632 239.318 0 0.8912 
176.938 185.661 185.333 212.39 0 0.853544 
126.278 206.556 137.046 242.654 0 0.825484 
273.652 210.558 283.205 247.601 0 0.719933 
43.4004 185.339 51.8611 210.299 0 0.712343 
161.91 175.524 168.795 201.701 0 0.650763 
276.917 213.522 287.41 249.624 0 0.631274 
