276.645 324.652 298.988 412.894 0 0.99665 
5.09447 204.894 16.2851 246.135 0 0.994584 
319.824 209.356 331.33 252.605 0 0.992169 
121.336 207.209 130.815 244.28 0 0.954845 
70.8961 191.938 79.5757 223.761 0 0.936144 
266.672 205.712 273.441 237.963 0 0.933927 
200.367 189.462 207.558 221.484 0 0.929722 
30.5487 186.425 37.5929 214.821 0 0.919863 
285.586 208.015 293.719 246.28 0 0.909989 
132.198 203.751 142.4 244.485 0 0.888701 
43.8898 184.447 52.4079 211.824 0 0.839406 
274.026 209.182 283.05 249.847 0 0.816582 
175.09 184.623 183.26 210.178 0 0.795398 
162.885 177.672 169.075 199.017 0 0.79136 
95.4162 175.68 101.437 192.164 0 0.767116 
278.513 210.48 287.304 248.401 0 0.705634 
