4.76865 204.852 16.7849 246.495 0 0.995622 
276.292 325.246 299.664 412.211 0 0.994038 
321.179 209.173 332.267 252.664 0 0.983688 
70.9356 191.376 79.733 223.791 0 0.979844 
125.9 208.279 136.236 247.652 0 0.963365 
199.498 189.028 206.315 221.366 0 0.949037 
45.4542 185.347 53.7173 211.783 0 0.933891 
137.456 204.403 146.473 243.932 0 0.916551 
29.8738 185.482 37.7093 214.805 0 0.888503 
280.061 207.626 290.245 249.951 0 0.778753 
96.2413 175.986 101.715 191.911 0 0.743401 
272.054 209.7 281.703 249.8 0 0.676791 
266.76 206.501 274.048 242.214 0 0.649557 
78.295 176.422 83.8586 191.885 0 0.562382 
