276.929 324.682 299.853 412.299 0 0.997518 
5.35111 205.355 17.7618 250.82 0 0.99565 
72.2 190.866 81.2057 223.421 0 0.989178 
323.05 210.587 334.886 254.305 0 0.989104 
198.871 188.589 207.216 221.089 0 0.975452 
46.9399 184.119 55.4186 215.256 0 0.972574 
97.548 173.493 103.253 191.119 0 0.955521 
141.915 202.043 152.619 245.081 0 0.949292 
130.233 207.881 142.506 247.953 0 0.931597 
270.1 206.484 279.88 249.904 0 0.897332 
30.1833 184.884 38.1907 215.022 0 0.884982 
280.862 205.666 290.179 244.763 0 0.872708 
80.5534 173.086 86.229 190.665 0 0.859401 
170.13 187.005 177.605 208.404 0 0.753906 
283.356 203.793 294.999 240.451 0 0.599909 
