326.927 210.225 338.53 254.777 0 0.997798 
281.008 325.342 304.325 411.773 0 0.996272 
9.11597 204.67 21.2472 249.841 0 0.992078 
199.48 190.237 208.43 219.792 0 0.967193 
284.041 203.82 295.062 242.876 0 0.940974 
135.5 205.856 146.226 243.97 0 0.928514 
150.193 204.41 161.627 243.235 0 0.925544 
272.362 207.693 282.204 246.502 0 0.898993 
50.996 183.505 58.223 209.775 0 0.89802 
278.894 207.806 289.879 249.143 0 0.87196 
33.806 186.682 41.4765 214.215 0 0.850185 
75.2795 191.229 84.7301 221.195 0 0.845045 
102.512 174.299 107.947 190.896 0 0.828343 
83.0224 172.852 89.5537 191.027 0 0.756987 
201.483 193.207 207.608 214.717 0 0.719466 
171.002 192.196 178.098 213.499 0 0.623695 
170.087 179.275 178.667 212.189 0 0.591497 
