287.208 326.147 309.831 411.754 0 0.996647 
332.382 209.443 343.967 255.409 0 0.99361 
12.4552 204.187 25.4078 245.642 0 0.991831 
79.3596 191.977 89.6152 222.266 0 0.981412 
143.288 206.522 155.256 247.376 0 0.981176 
278.167 207.186 289.204 251.257 0 0.95096 
56.4242 183.121 65.0454 212.638 0 0.922418 
288.732 202.498 299.311 245.771 0 0.920945 
107.222 174.216 112.852 189.517 0 0.920602 
174.218 175.613 182.829 209.814 0 0.915057 
205.374 188.991 214.21 221.072 0 0.914748 
159.192 206.749 170.191 241.542 0 0.867099 
90.2111 174.166 95.8725 189.836 0 0.850097 
38.7018 187.738 47.1785 213.959 0 0.808495 
