294.094 325.935 317.455 412.449 0 0.99554 
340.354 211.36 351.893 255.268 0 0.989628 
86.9439 192.006 97.0898 222.647 0 0.9862 
151.686 205.436 163.648 244.017 0 0.976228 
21.1717 203.899 32.5673 244.795 0 0.969257 
210.659 189.246 220.238 219.838 0 0.949643 
115.192 174.158 121.245 189.676 0 0.914222 
65.2837 183.756 73.0647 209.359 0 0.911839 
168.331 207.835 182.582 241.93 0 0.907854 
45.7809 185.779 54.4855 214.021 0 0.883994 
98.0539 174.695 103.894 188.997 0 0.875878 
295.306 204.532 305.472 243.061 0 0.789625 
286.506 208.743 296.099 248.768 0 0.77288 
0.0331371 173.083 5.06629 191.423 0 0.511998 
