306.381 325.177 327.023 412.868 0 0.998551 
349.503 217.621 361.832 262.132 0 0.990955 
31.2451 202.847 42.5633 245.481 0 0.968746 
96.6189 192.572 106.465 221.523 0 0.950265 
55.7507 184.624 63.4921 210.975 0 0.943351 
160.916 205.781 174.505 245.31 0 0.941161 
219.269 189.252 228.174 219.829 0 0.928061 
180.663 205.265 192.811 242.241 0 0.903683 
74.9636 183.123 83.8971 208.245 0 0.877595 
126.392 173.949 132.805 189.547 0 0.864763 
294.122 210.081 304.414 246.136 0 0.822673 
107.487 173.825 114.165 189.14 0 0.819118 
159.969 202.622 170.729 242.555 0 0.790105 
8.73356 175.16 15.2887 193.298 0 0.684072 
304.253 206.828 314.726 241.593 0 0.595274 
