318.562 325.099 337.374 412.667 0 0.99549 
359.13 215.817 372.535 263.431 0 0.984697 
41.7634 203.624 54.1959 249.434 0 0.979576 
171.743 203.385 184.505 244.622 0 0.97135 
66.8359 184.924 74.2783 211.357 0 0.924219 
119.87 173.321 126.823 189.87 0 0.924138 
137.066 174.061 143.334 189.671 0 0.915814 
229.356 190.881 237.924 220.529 0 0.893576 
86.6502 183.581 95.6003 207.123 0 0.874893 
107.946 190.128 117.28 220.266 0 0.855255 
314.904 202.002 325.068 240.546 0 0.84086 
303.711 208.117 313.883 246.646 0 0.802642 
21.2957 173.666 29.6055 193.75 0 0.790223 
193.739 205.633 205.829 241.254 0 0.781004 
311.139 207.961 322.039 248.006 0 0.731307 
194.586 187.505 202.522 205.247 0 0.590605 
202.241 178.928 208.79 195.838 0 0.532997 
