329.967 326.049 352.282 411.026 0 0.994447 
372.27 216.466 384.768 263.908 0 0.989102 
54.5366 202.469 66.3343 246.221 0 0.988323 
118.638 189.64 129.056 220.449 0 0.985769 
78.6477 184.124 87.7205 212.209 0 0.97106 
239.641 189.864 248.877 221.188 0 0.966556 
206.932 201.317 218.455 240.381 0 0.965987 
183.43 204.371 196.81 243.324 0 0.963129 
150.335 173.205 157.065 189.361 0 0.943096 
98.7268 182.46 108.938 208.488 0 0.935051 
214.814 176.868 222.26 196.884 0 0.850711 
132.467 172.53 139.575 190.185 0 0.806281 
34.3935 172.199 43.4152 191.734 0 0.77687 
327.847 202.096 338.013 245.346 0 0.760531 
317.27 209.252 328.678 248.485 0 0.606102 
