345.553 327.169 368.469 411.751 0 0.994377 
68.8043 203 80.3422 246.191 0 0.990042 
387.42 219.836 400.769 269.595 0 0.983596 
197.682 206.592 208.925 243.163 0 0.965626 
93.1532 185.302 101.891 210.418 0 0.942212 
132.35 190.952 142.388 218.787 0 0.922355 
252.411 191.744 262.315 222.542 0 0.917283 
220.979 200.683 232.683 240.05 0 0.908566 
146.954 172.803 153.605 189.258 0 0.89748 
49.1781 171.709 59.9857 192.989 0 0.825312 
114.32 182.251 122.514 203.43 0 0.761355 
333.731 212.32 345.689 253.943 0 0.751319 
342.595 203.049 353.319 238.225 0 0.736724 
164.582 173.586 171.288 188.661 0 0.733468 
329.25 209.719 339.151 246.045 0 0.599429 
216.636 186.807 223.982 205.574 0 0.582302 
229.793 176.988 236.7 195.502 0 0.511522 
