362.585 329.178 384.098 411.28 0 0.992595 
237.616 201.62 249.201 239.633 0 0.97212 
212.072 205.604 224.102 243.373 0 0.935051 
83.0431 203.221 93.8648 244.65 0 0.911457 
0 194.062 11.2021 225.763 0 0.884515 
266.247 190.032 275.152 220.677 0 0.879968 
403.972 226.229 415.485 270.862 0 0.859565 
162.763 172.614 169.654 188.154 0 0.855784 
349.343 210.831 362.815 261.381 0 0.842189 
107.694 183.274 115.67 210.12 0 0.808954 
147.237 191.653 157.776 218.612 0 0.789048 
129.92 182.247 137.848 203.262 0 0.781345 
67.4013 172.412 76.5298 188.709 0 0.684921 
359.344 202.076 370.633 239.797 0 0.68011 
181.557 173.073 188.45 188.289 0 0.646332 
179.624 173.171 186.178 187.097 0 0.641261 
147.926 203.785 158.419 219.59 0 0.61993 
344.341 209.93 355.276 247.103 0 0.6058 
229.232 188.433 237.085 204.671 0 0.520639 
