382.348 335.814 404.163 414.156 0 0.984639 
254.62 202.529 266.435 238.583 0 0.957718 
228.477 203.827 239.179 244.792 0 0.948723 
100.091 207.473 112.016 242.849 0 0.936116 
366.952 219.6 380.168 260.857 0 0.906901 
16.4928 193.274 29.7789 223.296 0 0.878845 
125.158 183.457 133.301 208.755 0 0.877403 
87.1872 172.479 94.8638 187.392 0 0.871977 
198.497 172.876 205.317 187.905 0 0.767218 
147.12 182.483 154.854 200.851 0 0.758489 
282.853 191.935 291.105 220.347 0 0.758164 
0 204.291 6.42166 238.693 0 0.628781 
261.421 178.184 268.914 194.996 0 0.58942 
164.047 196.449 173.1 214.918 0 0.514964 
