12.0343 204.461 25.8213 247.041 0 0.972627 
301.736 192.856 310.527 222.059 0 0.908285 
247.068 201.925 256.411 244.848 0 0.90639 
401.223 338.126 415.065 414.038 0 0.88168 
118.318 204.349 130.074 243.953 0 0.850444 
37.7675 193.105 50.2634 222.102 0 0.837035 
143.579 184.355 152.72 208.844 0 0.832026 
107.025 171.167 115.565 188.843 0 0.816035 
275.729 201.666 286.666 232.069 0 0.790719 
165.781 182.701 174.795 202.841 0 0.771811 
182.724 196 191.673 217.45 0 0.75088 
217.685 172.767 224.248 185.782 0 0.749444 
200.916 171.914 207.797 186.635 0 0.672524 
388.55 219.837 401.392 263.714 0 0.511174 
