35.7903 202.781 49.4099 237.856 0 0.935353 
60.3071 191.638 71.444 219.533 0 0.921583 
6.28298 202.72 19.6696 240.867 0 0.874293 
129.908 170.711 138.027 188.515 0 0.844925 
164.606 185.3 173.757 209.242 0 0.84384 
321.311 191.625 331.897 221.329 0 0.780296 
267.632 205.661 278.14 246.153 0 0.769442 
239.221 172.122 246.243 186.865 0 0.761159 
295.966 202.682 308.816 232.629 0 0.734426 
139.288 204.926 151.385 242.607 0 0.703476 
202.145 199.965 210.268 220.923 0 0.701034 
222.366 171.722 229.687 185.619 0 0.665149 
186.699 185.505 195.866 204.145 0 0.61074 
300.348 179.738 310.07 195.706 0 0.585995 
278.649 185.265 288.902 212.32 0 0.542405 
