59.2414 202.485 72.9751 236.47 0 0.963116 
82.806 190.431 93.2606 218.898 0 0.944117 
31.0247 201.968 44.6163 239.259 0 0.895021 
287.634 207.281 299.346 245.078 0 0.870218 
160.498 204.657 171.866 242.223 0 0.85613 
222.366 199.964 232.53 220.936 0 0.805117 
152.187 170.009 160.168 188.414 0 0.802965 
185.908 188.477 194.195 204.703 0 0.793481 
342.416 191.946 353.766 220.977 0 0.736723 
262.058 172.848 269.004 187.471 0 0.716741 
208.122 182.18 217.079 202.852 0 0.700131 
9.12371 207.373 21.5186 244.505 0 0.674487 
318.429 204.369 331.627 234.087 0 0.555883 
