309.683 205.641 322.009 243.91 0 0.960422 
30.7293 203.664 45.542 250.304 0 0.953628 
106.131 188.674 117.606 218.656 0 0.925049 
83.9237 202.709 96.5477 243.507 0 0.909343 
0.243582 305.23 13.1056 413.782 0 0.882776 
54.7456 200.222 69.9833 239.562 0 0.870285 
365.922 194.265 377.699 222.254 0 0.845963 
207.464 185.269 216.924 208.764 0 0.840847 
182.438 205.992 194.309 241.649 0 0.824123 
244.797 202.193 254.692 219.291 0 0.7873 
175.872 170.46 184.229 188.729 0 0.785387 
230.845 182.409 240.488 202.419 0 0.738852 
343.073 204.406 356.193 242.397 0 0.663576 
345.912 177.727 355.129 195.197 0 0.609604 
285.383 172.477 292.975 187.603 0 0.551644 
