334.126 203.994 346.316 244.629 0 0.925787 
255.061 180.859 264.64 196.18 0 0.882357 
130.531 189.616 141.009 216.777 0 0.88125 
231.129 185.213 240.958 208.34 0 0.875158 
109.017 202.393 121.518 243.456 0 0.863645 
82.8891 199.739 95.777 238.563 0 0.840004 
309.878 173.056 317.679 189.713 0 0.819309 
206.823 199.311 218.235 241.55 0 0.78971 
201.317 169.249 208.674 187.702 0 0.743613 
54.1891 203.97 66.3089 238.725 0 0.67987 
0.162884 195.726 7.19667 213.418 0 0.642209 
268.301 203.249 278.085 218.971 0 0.615737 
293.207 170.956 301.455 186.955 0 0.611253 
