158.285 197.951 171.731 238.369 0 0.980988 
99.24 205.017 113.558 244.711 0 0.948803 
76.9359 194.914 89.3717 225.47 0 0.915345 
279.765 183.951 289.618 211.929 0 0.908351 
303.778 181.18 313.196 198.445 0 0.825921 
345.044 171.462 353.335 189.308 0 0.808143 
360.997 173.458 368.955 187.611 0 0.720949 
134.3 197.062 148.038 239.951 0 0.685599 
384.331 204.613 396.057 248.174 0 0.656813 
74.1112 309.045 93.7273 384.679 0 0.617755 
316.503 200.414 325.77 220.852 0 0.542929 
254.113 202.823 266.248 237.769 0 0.506507 
