182.759 200.892 195.537 244.743 0 0.977825 
327.822 181.401 337 198.403 0 0.930811 
101.942 194.248 114.285 226.446 0 0.899032 
303.631 184.818 313.136 209.483 0 0.887579 
120.37 205.048 134.99 244.855 0 0.876674 
202.644 189.833 211.611 213.548 0 0.796201 
277.077 209.229 289.245 243.55 0 0.771879 
408.936 205.906 415.67 251.469 0 0.706299 
277.108 170.505 285.577 185.103 0 0.667368 
158.99 197.52 172.059 239.823 0 0.642688 
370.992 172.464 379.206 188.939 0 0.634813 
102.007 303.68 117.549 390.339 0 0.595181 
339.192 202.646 350.064 220.747 0 0.59213 
