204.276 201.21 217.186 245.217 0 0.984934 
139.324 207.219 151.676 246.266 0 0.923731 
298.01 206.139 310.336 242.075 0 0.888689 
360.103 194.64 371.186 222.037 0 0.851746 
350.023 183.103 359.524 205.596 0 0.849489 
394.79 172.842 402.782 191.634 0 0.803682 
324.587 187.491 334.38 211.015 0 0.802115 
299.193 170.33 307.023 185.709 0 0.639421 
125.848 195.006 137.612 221.627 0 0.631624 
181.075 197.862 192.261 234.706 0 0.622324 
121.984 302.424 139.495 392.981 0 0.572662 
412.315 171.73 415.553 191.51 0 0.502993 
224.246 189.793 231.17 206.624 0 0.500457 
