260.606 194.777 270.962 237.504 0 0.993335 
284.07 199.694 295.293 252.223 0 0.988511 
367.998 201.841 377.874 245.929 0 0.972787 
208.222 191.872 216.882 224.348 0 0.969413 
384.398 171.976 391.352 190.695 0 0.964359 
193.422 319.567 224.192 409.362 0 0.94989 
396.716 186.45 405.886 217.413 0 0.942852 
193.48 198.353 199.631 208.187 0 0.691678 
293.314 188.847 301.064 215.17 0 0.661321 
0.255802 379.686 19.5295 415.175 0 0.617017 
24.7724 380.243 45.79 415.213 0 0.573382 
146.081 272.681 163.797 312.469 0 0.548459 
