207.683 300.94 227.538 408.025 0 0.995434 
341.109 205.286 351.939 249.42 0 0.99527 
279.241 211.537 291.703 264.621 0 0.992282 
254.926 201.757 263.998 245.771 0 0.988924 
215.25 199.803 224.732 231.798 0 0.988583 
380.609 192.563 390.636 224.159 0 0.922397 
392.998 173.875 399.776 191.405 0 0.841012 
407.813 201.012 416.012 235.791 0 0.840987 
175.09 204.157 186.253 246.658 0 0.808313 
22.3762 381.928 51.453 416.556 0 0.597163 
278.247 195.6 284.133 214.275 0 0.572883 
275.842 200.907 281.982 221.03 0 0.50842 
