206.963 303.423 227.831 413.799 0 0.998266 
338.51 205.195 350.028 248.632 0 0.994112 
278.668 211.756 290.739 265.08 0 0.992937 
215.239 199.306 225.14 232.924 0 0.980844 
253.464 201.411 263.339 245.999 0 0.97283 
406.262 201.643 415.919 237.201 0 0.935743 
380.172 194.187 390.083 225.055 0 0.922571 
174.976 205.273 186.262 249.104 0 0.847006 
275.134 198.883 281.6 224.156 0 0.758012 
393.686 176.66 400.614 192.898 0 0.731241 
165.976 275.048 180.626 323.134 0 0.625708 
21.2834 383.954 51.531 416.495 0 0.54595 
