207.617 299.803 227.052 409.513 0 0.998862 
251.938 202.57 262.946 245.372 0 0.987468 
277.892 211.965 289.747 266.108 0 0.985226 
215.119 199.384 225.801 232.811 0 0.977864 
338.886 205.513 348.671 248.981 0 0.96984 
394.531 177.406 401.076 196.982 0 0.891639 
174.604 207.134 185.458 250.245 0 0.891308 
406.717 201.567 415.004 237.911 0 0.820264 
275.493 201.191 280.985 221.196 0 0.796835 
379.508 194.513 387.821 224.881 0 0.781487 
20.0664 386.327 51.7328 416.247 0 0.59362 
2.36572 367.262 18.368 406.364 0 0.550231 
