207.484 302.326 226.955 409.689 0 0.99839 
215.511 200.108 226 235.006 0 0.994483 
277.266 211.87 288.748 266.788 0 0.988497 
337.558 206.238 345.839 248.675 0 0.988067 
251.034 204.053 261.873 245.747 0 0.98735 
174.1 206.544 185.011 250.253 0 0.947473 
379.092 195.129 385.932 228.53 0 0.899892 
395.465 175.779 401.723 197.282 0 0.882726 
405.883 203.406 414.016 237.01 0 0.81176 
273.865 198.435 280.341 223.556 0 0.747664 
20.3314 386.654 50.2214 416.355 0 0.606629 
2.21577 367.651 18.0592 406.708 0 0.600303 
13.3336 381.386 28.709 413.401 0 0.537609 
