206.761 304.625 226.812 408.042 0 0.998171 
335.085 205.863 343.789 250.149 0 0.98987 
215.858 200.733 226.427 234.026 0 0.989682 
276.527 210.568 287.915 268.99 0 0.985578 
250.177 204.373 260.425 245.634 0 0.974142 
378.327 194.622 385.718 227.148 0 0.945788 
272.263 198.189 279.614 225.96 0 0.929302 
173.935 207.258 185.092 250.714 0 0.913401 
20.831 387.359 49.7606 416.18 0 0.794479 
395.584 179.207 402.137 195.535 0 0.793121 
13.3916 381.17 28.3443 413.858 0 0.743763 
403.238 200.427 412.849 237.73 0 0.664501 
2.90079 369.125 17.6405 405.973 0 0.646897 
0.368631 392.669 18.7373 417.02 0 0.529481 
