206.648 304.352 226.522 408.322 0 0.998553 
216.126 200.682 226.118 238.423 0 0.997259 
331.64 208.075 342.71 252.504 0 0.993315 
248.795 203.708 258.825 245.377 0 0.990541 
276.09 210.52 286.405 269.356 0 0.961589 
377.178 194.553 385.663 227.156 0 0.952611 
400.389 201.93 411.7 237.581 0 0.947055 
174.112 208.547 185.277 253.489 0 0.945103 
271.131 197.41 279.209 230.717 0 0.842397 
20.3967 387.228 50.7086 416.303 0 0.728957 
13.0576 381.057 28.8104 413.924 0 0.67163 
397.462 178.984 404.822 195.449 0 0.559865 
2.8191 368.977 17.8195 405.86 0 0.5572 
