205.818 304.788 226.621 415.302 0 0.998455 
217.133 200.946 226.061 238.959 0 0.997817 
247.94 203.849 257.18 245.065 0 0.991362 
330.509 207.137 341.523 252.102 0 0.989584 
376.104 193.7 384.771 230.166 0 0.973556 
399.29 203.244 411.771 237.06 0 0.937799 
175.037 208.286 186.281 254.868 0 0.886395 
274.251 213.686 284.736 266.267 0 0.858299 
399.227 178.458 405.917 196.839 0 0.822489 
270.194 201.226 278.621 232.11 0 0.808668 
20.3602 386.816 50.2757 416.502 0 0.766452 
12.8569 381.306 28.0292 413.779 0 0.615409 
2.19703 368.426 17.5516 408.232 0 0.517875 
