204.967 305.681 228.163 414.757 0 0.997697 
216.263 201.368 226.311 238.614 0 0.995949 
246.491 204.921 256.739 245.361 0 0.995485 
329.607 209.495 338.856 251.649 0 0.99018 
398.981 203.904 410.692 237.518 0 0.976784 
375.735 193.92 383.787 232.221 0 0.975273 
272.157 214.737 283.761 267.317 0 0.965494 
20.5062 387.628 50.2635 416.47 0 0.857194 
399.808 178.601 407.084 196.538 0 0.845541 
176.498 207.837 187.099 251.151 0 0.712315 
12.7861 381.992 27.8385 413.827 0 0.660149 
269.373 200.675 277.939 232.256 0 0.62351 
2.46255 368.594 17.2977 406.876 0 0.566647 
170.08 260.885 191.299 324.949 0 0.527022 
