205.247 306.305 228.531 415.271 0 0.997577 
217.337 203.415 226.658 239.272 0 0.996002 
242.655 210.121 254.261 250.136 0 0.993781 
268.49 222.141 282.992 270.644 0 0.977576 
325.995 210.221 334.715 253.747 0 0.969223 
397.616 201.606 406.656 238.49 0 0.886599 
373.931 196.218 381.636 229.378 0 0.884316 
20.7497 389.073 49.801 416.57 0 0.77642 
171.129 262.359 192.579 325.432 0 0.761664 
13.1464 383.706 28.5758 412.982 0 0.626728 
400.568 179.23 407.708 196.84 0 0.51238 
267.166 203.924 275.377 232.735 0 0.502992 
