202.358 305.004 226.711 415.702 0 0.995974 
238.399 207.189 248.393 250.483 0 0.995835 
218.988 204.825 228.151 239.089 0 0.980309 
261.914 220.113 273.165 272.046 0 0.979405 
370.596 197.908 378.474 230.409 0 0.970831 
318.8 210.918 327.618 253.441 0 0.966112 
391.36 207.324 402.418 239.926 0 0.89173 
176.246 255.867 197.968 319.916 0 0.754368 
20.3303 388.889 50.4375 416.232 0 0.746216 
264.867 204.585 271.41 221.875 0 0.588721 
410.627 191.617 416.008 225.196 0 0.573089 
0.407896 373.723 18.4808 414.615 0 0.537257 
402.922 180.853 409.88 198.812 0 0.51603 
