284.87 219.58 320.873 308.436 0 0.998086 
49.6866 189.73 73.6484 277.426 0 0.993677 
356.658 188.857 377.29 254.642 0 0.987485 
81.9388 161.285 100.602 222.097 0 0.986198 
188.571 203.58 210.974 274.292 0 0.978764 
375.066 200.581 403.922 279.009 0 0.974584 
104.989 122.086 119.524 184.916 0 0.968736 
28.852 114.949 46.4812 182.913 0 0.939554 
278.302 172.483 295.319 229.721 0 0.925035 
240.292 151.823 254.836 201.809 0 0.778184 
405.575 134.619 415.696 195.065 0 0.594763 
104.602 128.091 117.368 171.237 0 0.562907 
