273.627 223.666 302.878 313.133 0 0.99506 
178.173 200.444 199.727 279.264 0 0.994904 
35.821 195.885 59.8912 282.582 0 0.993646 
82.5228 121.964 97.579 183.108 0 0.983935 
353.255 217.533 381.056 292.748 0 0.981655 
61.5553 157.616 78.4456 225.217 0 0.978698 
381.07 134.266 396.47 197.239 0 0.963177 
397.215 167.418 415.439 249.303 0 0.960518 
326.561 186.403 347.848 257.05 0 0.960447 
262.411 170.613 281.757 245.077 0 0.950109 
3.65233 117.497 23.5137 180.821 0 0.780838 
217.123 150.154 231.703 198.886 0 0.762004 
