27.0067 194.452 53.8218 284.702 0 0.998527 
268.48 226.364 305.057 313.368 0 0.997362 
330.666 206.921 369.074 291.716 0 0.993604 
256.129 172.172 276.411 245.285 0 0.99184 
175.567 199.767 194.51 280.922 0 0.989341 
370.566 129.309 389.663 193.821 0 0.980036 
316.179 187.554 336.55 257.276 0 0.974831 
52.9954 157.721 69.1235 218.82 0 0.971221 
73.0683 123.263 88.5324 180.414 0 0.965862 
389.766 167.194 410.961 247.56 0 0.96051 
203.147 143.633 223.036 203.102 0 0.959622 
0.369816 271.124 16.6092 370.251 0 0.924345 
0 113.533 12.4449 178.022 0 0.87702 
