263.811 227.228 298.522 311.549 0 0.996787 
25.2048 193.53 57.9607 284.687 0 0.996679 
361.847 127.024 381.428 193.804 0 0.991338 
250.643 168.501 271.362 247.081 0 0.983005 
383.1 168.002 406.15 247.846 0 0.977412 
166.766 200.298 186.022 278.058 0 0.967778 
193.251 132.611 211.412 201.186 0 0.967298 
64.4251 120 78.6243 178.803 0 0.962474 
2.66883 259.481 30.9069 372.051 0 0.960078 
44.103 156.839 61.4448 219.232 0 0.959182 
306.798 184.711 325.594 253.495 0 0.93788 
316.415 203.785 353.675 288.742 0 0.937533 
