149.772 188.648 172.077 273.452 0 0.993457 
335.216 115.401 349.824 184.114 0 0.992977 
234.792 212.623 270.259 302.967 0 0.988549 
354.785 155.671 375.54 233.805 0 0.987269 
39.4007 235.153 64.2706 341.91 0 0.985978 
226.162 165.506 254.6 231.203 0 0.964567 
284.547 172.781 302.804 245.14 0 0.961197 
36.5481 106.898 50.9555 165.602 0 0.958349 
20.8784 189.127 51.6709 275.438 0 0.94632 
17.9009 149.741 33.9206 203.831 0 0.920913 
263.977 199.246 289.546 279.726 0 0.915371 
159.618 123.493 173.906 181.573 0 0.831191 
