143.23 188.086 175.638 272.022 0 0.996619 
272.643 171.071 294.776 245.91 0 0.995315 
46.0973 226.308 85.9255 325.513 0 0.990612 
321.431 111.541 338.581 177.6 0 0.988086 
342.464 153.579 362.588 230.555 0 0.986292 
11.4667 144.69 29.1514 203.385 0 0.973136 
219.042 163.071 247.35 223.348 0 0.96419 
20.1515 184.797 47.8746 267.336 0 0.960499 
224.902 210.361 252.049 293.727 0 0.931483 
31.3574 106.53 45.3487 163.382 0 0.922378 
242.006 198.059 265.142 286.303 0 0.895945 
149.283 126.268 164.267 182.142 0 0.85713 
