64.7666 222.582 100.079 316.535 0 0.997366 
27.5458 103.084 40.6719 157.246 0 0.995228 
140.756 192.024 167.995 265.943 0 0.994442 
22.5636 179.519 49.0346 267.954 0 0.994349 
265.686 170.298 285.044 244.267 0 0.992094 
329.669 149.325 351.178 233.378 0 0.989627 
212.907 212.254 238.802 293.164 0 0.972703 
309.264 110.349 325.482 176.21 0 0.971408 
139.966 124.189 156.249 178.763 0 0.940972 
7.63891 139.536 24.0407 204.632 0 0.845118 
225.068 194.566 248.117 269.904 0 0.767693 
210.456 162.947 242.022 224.743 0 0.633692 
