93.04 204.707 117.94 288.18 0 0.996545 
19.1437 177.184 52.947 264.767 0 0.994841 
250.397 163.326 267.822 241.464 0 0.988447 
308.153 149.165 326.613 221.204 0 0.986231 
286.648 104.919 300.496 170.49 0 0.98155 
203.609 153.631 223.12 231.435 0 0.976607 
174.159 207.688 211.086 287.816 0 0.975732 
17.1603 101.645 29.7138 157.657 0 0.975248 
134.833 188.626 153.854 259.993 0 0.97135 
2.54731 138.09 16.3202 201.26 0 0.915888 
123.59 117.272 136.01 170.637 0 0.837045 
0.750416 141.171 10.6082 198.722 0 0.608717 
