18.1922 173.745 43.8735 258.589 0 0.997346 
96.9192 201.729 120.597 279.623 0 0.996883 
127.342 189.41 150.174 257.06 0 0.99311 
192.934 158.995 212.951 228.3 0 0.992164 
241.665 165.079 258.692 234.226 0 0.987275 
270.641 106.133 286.27 172.095 0 0.985072 
160.516 215.694 192.3 287.11 0 0.982043 
294.144 148.536 311.962 220.937 0 0.969004 
9.96367 103.053 23.7687 155.383 0 0.922831 
111.385 120.048 124.123 169.001 0 0.866229 
0 137.243 10.0761 201.56 0 0.829098 
169.218 181.566 189.741 228.118 0 0.770529 
