37.9227 154.644 50.1213 212.281 0 0.998267 
93.6027 111.476 103.87 144.035 0 0.978878 
291.081 287.921 310.831 365.611 0 0.956074 
96.6892 154.435 111.241 199.788 0 0.894073 
350.194 166.496 358.841 204.265 0 0.844908 
148.507 237.633 174.581 273.982 0 0.842977 
399.161 329.379 416.524 416.956 0 0.81958 
58.6021 160.711 72.9679 225.896 0 0.816826 
293.991 386.355 323.484 416.617 0 0.804082 
57.5211 145.681 67.6684 201.393 0 0.782436 
106.218 138.845 117.344 175.374 0 0.760993 
372.541 393.19 402.117 415.919 0 0.622417 
292.313 387.2 309.246 415.955 0 0.503389 
