38.3785 153.35 50.2688 208.656 0 0.997942 
288.452 292.329 308.57 364.19 0 0.945143 
93.8061 112.267 103.873 143.742 0 0.941671 
147.697 236.209 173.857 272.235 0 0.924022 
95.5791 152.237 107.733 200.052 0 0.909378 
104.864 138.699 114.169 175.367 0 0.816945 
58.3901 159.815 73.1538 225.477 0 0.81046 
348.439 164.627 357.694 204.664 0 0.787715 
398.519 328.741 416.738 409.278 0 0.731865 
332.859 160.717 341.323 199.884 0 0.597063 
291.1 386.983 308.531 415.313 0 0.590776 
294.634 384.414 321.121 416.649 0 0.559818 
372.894 391.962 401.358 416.753 0 0.553045 
