39.1147 156.902 51.3681 208.541 0 0.997413 
283.674 294.129 306.337 360.837 0 0.976631 
94.1983 151.216 105.696 200.523 0 0.968989 
56.0954 163.405 73.6983 224.365 0 0.930241 
148.201 228.534 173.655 272.057 0 0.922048 
267.048 394.449 290.953 415.866 0 0.912841 
292.192 378.355 320.161 416.674 0 0.8629 
94.3625 110.939 105.124 145.814 0 0.776749 
395.445 330.027 416.244 392.815 0 0.7672 
375.319 387.594 398.873 416.14 0 0.740123 
61.1024 148.642 71.7902 182.546 0 0.62803 
362.353 327.842 390.337 392.92 0 0.528916 
