38.7681 154.985 50.5155 206.592 0 0.9956 
282.603 296.542 305.548 360.021 0 0.976427 
149.058 225.204 172.593 269.61 0 0.952502 
92.0888 153.022 105.809 199.283 0 0.944837 
56.178 164.995 71.9389 225.44 0 0.880288 
266.508 391.971 289.31 415.851 0 0.872072 
292.307 377.651 319.734 416.123 0 0.827177 
395.064 331.787 416.128 400.892 0 0.818446 
376.58 380.497 396.959 415.274 0 0.681159 
61.8412 148.675 73.0453 182.502 0 0.675214 
291.324 381.785 310.169 414.567 0 0.641261 
345.216 160.906 353.635 202.762 0 0.641098 
94.9394 110.163 105.128 153.035 0 0.61668 
101.178 136.323 109.621 176.165 0 0.518858 
