37.9338 155.326 50.0293 209.963 0 0.994889 
285.339 294.741 305.292 360.169 0 0.982878 
149.097 219.094 171.884 268.982 0 0.98127 
54.8951 160.87 72.2573 225.598 0 0.957662 
88.5663 151.954 100.869 199.331 0 0.914534 
91.8675 152.668 105.734 199.83 0 0.867047 
291.796 378.002 317.097 415.724 0 0.857692 
266.755 391.337 289.457 415.84 0 0.845209 
344.978 161.534 353.47 202.473 0 0.691683 
394.623 328.802 416.099 391.889 0 0.676688 
94.7825 111.131 104.643 141.968 0 0.60863 
376.692 381.206 396.536 414.797 0 0.542037 
