149.714 214.384 172.331 269.684 0 0.991966 
37.7497 156.536 50.0124 210.173 0 0.991799 
284.449 287.8 304.099 357.74 0 0.974074 
87.3764 151.574 101.264 199.131 0 0.956606 
53.2343 157.134 71.9031 223.601 0 0.89837 
291.387 376.82 316.652 415.333 0 0.885856 
267.141 390.232 289.508 416.077 0 0.816736 
394.597 325.422 416.239 395.775 0 0.71352 
95.2908 111.244 104.828 145.628 0 0.671392 
93.1623 149.847 107.21 195.725 0 0.667991 
377.095 381.599 397.288 415.025 0 0.658919 
344.643 159.802 353.194 202.145 0 0.536 
