150.234 216.636 173.514 267.575 0 0.991816 
87.2463 151.095 99.1504 199.648 0 0.986745 
283.839 285.802 303.552 357.929 0 0.981374 
37.5135 157.252 49.6248 210.407 0 0.977443 
52.5645 169.07 69.8458 223.59 0 0.886029 
60.8372 148.74 73.0659 195.514 0 0.87062 
292.262 377.055 318.813 415.869 0 0.85291 
95.0218 110.692 104.829 147.458 0 0.8272 
267.434 389.955 290.151 416.089 0 0.80309 
290.1 379.33 307.81 414.404 0 0.797163 
375.152 378.137 399.897 415.623 0 0.781094 
394.524 331.526 416.67 402.412 0 0.741354 
365.082 375.168 395.011 414.803 0 0.681884 
344.336 159.875 353.199 201.714 0 0.639202 
361.15 338.47 386.724 386.78 0 0.549921 
