150.133 215.844 173.564 267.609 0 0.989205 
86.2471 152.159 97.2329 197.714 0 0.987176 
283.574 282.302 303.467 357.775 0 0.980709 
37.1832 155.958 49.2237 211.307 0 0.976387 
53.0485 169.979 68.2325 227.291 0 0.963819 
61.6019 147.523 71.9345 191.283 0 0.905575 
374.52 376.103 399.771 416.173 0 0.883353 
292.235 377.931 318.811 415.672 0 0.871484 
394.192 335.524 416.15 404.173 0 0.818219 
290.138 378.971 307.17 413.949 0 0.765035 
268.466 390.694 291.318 415.609 0 0.753344 
95.1813 109.531 104.488 147.501 0 0.732225 
94.3361 135.124 102.345 177.81 0 0.688048 
344.573 159.709 353.382 201.317 0 0.576639 
396.253 294.048 416.201 363.576 0 0.505917 
