150.198 212.451 175.818 268.251 0 0.987374 
51.4084 167.893 66.9258 225.697 0 0.985691 
284.212 279.341 303.355 356.743 0 0.984166 
35.7205 157.535 47.8502 209.638 0 0.983283 
83.82 153.867 98.1481 198.151 0 0.952384 
61.5032 148.96 72.3916 196.573 0 0.921928 
94.4927 110.62 104.447 146.524 0 0.902531 
394.128 344.237 416.188 406.447 0 0.88291 
291.98 378.467 318.879 415.841 0 0.867554 
372.008 373.998 397.966 415.669 0 0.828292 
395.312 295.842 416.432 362.565 0 0.755944 
268.883 391.613 293.186 415.515 0 0.747362 
290.525 379.651 307.794 413.699 0 0.715586 
344.609 159.444 353.78 202.788 0 0.62867 
55.7578 152.646 62.23 172.568 0 0.564781 
