151.407 211.334 179.666 267.61 0 0.994924 
285.015 272.192 304.049 351.594 0 0.984799 
61.78 147.236 72.3948 196.338 0 0.962412 
94.5549 110.902 104.782 145.348 0 0.961819 
49.4001 169.347 65.7758 225.702 0 0.94449 
34.5815 158.343 46.0607 208.976 0 0.943161 
80.6974 153.725 92.5154 197.049 0 0.910728 
393.681 345.314 416.083 405.977 0 0.862701 
291.486 378.695 317.649 415.438 0 0.845684 
273.572 393.205 294.704 415.675 0 0.778131 
396.019 296.13 415.832 363.165 0 0.730846 
89.8708 140.675 97.8907 171.637 0 0.684245 
368.392 371.986 397.853 415.48 0 0.648656 
350.411 267.552 376.286 331.853 0 0.592354 
82.6851 160.713 97.1768 197.188 0 0.57833 
345.738 159.577 354.479 201.854 0 0.562193 
378.221 381.461 398.725 414.937 0 0.521326 
