152.033 208.492 179.183 269.116 0 0.992316 
47.244 168.878 65.6073 225.444 0 0.991026 
284.368 273.151 304.064 350.389 0 0.977572 
62.013 144.752 72.6919 199.63 0 0.974877 
79.6834 151.733 92.0803 199.158 0 0.96959 
94.4925 111.192 104.749 145.151 0 0.946981 
33.6221 159.469 45.6305 208.68 0 0.927592 
394.314 347.404 416.179 407.121 0 0.831487 
345.727 161.648 355.104 201.948 0 0.829784 
291.953 378.693 319.816 416.156 0 0.798193 
275.547 394.222 292.583 415.645 0 0.779136 
375.658 377.407 400.378 415.636 0 0.740698 
291.464 380.405 309.927 413.975 0 0.700172 
395.512 296.584 416.105 365.28 0 0.658482 
352.52 268.485 375.146 331.37 0 0.572147 
86.9831 148.178 97.7741 193.967 0 0.541544 
329.017 161.185 337.717 199.004 0 0.501523 
