284.04 272.178 303.746 347.706 0 0.989451 
153.96 203.912 178.267 268.079 0 0.98795 
46.0624 173.187 63.7448 226.71 0 0.987765 
78.5398 148.416 89.6669 197.61 0 0.978592 
33.5019 159.452 44.6214 210.898 0 0.978427 
62.6786 143.74 72.9766 195.274 0 0.968723 
94.6428 112.059 104.644 143.956 0 0.92129 
395.24 345.021 416.172 411.005 0 0.882546 
292.093 377.643 319.922 416.217 0 0.844327 
86.1423 144.511 96.4775 192.494 0 0.815575 
273.043 394.813 294.787 416.092 0 0.802615 
395.199 296.898 415.877 365.77 0 0.800207 
352.124 269.156 375.886 332.341 0 0.749667 
290.866 380.451 310.467 413.833 0 0.727753 
377.049 377.76 400.608 415.826 0 0.713726 
0 156.192 5.13289 201.22 0 0.681903 
348.691 161.195 357.722 202.676 0 0.602036 
