44.2607 176.143 63.0439 226.769 0 0.988726 
155.879 201.612 176.61 270.425 0 0.988641 
284.242 272.38 303.048 347.083 0 0.988273 
78.1215 147.3 89.3035 198.761 0 0.988008 
32.337 157.271 43.5501 212.581 0 0.987774 
63.2733 143.682 73.8233 196.375 0 0.983272 
94.9027 113.147 104.937 142.974 0 0.871472 
395.793 346.275 416.147 411.238 0 0.871128 
349.417 162.826 358.974 205.408 0 0.849368 
292.451 377.859 320.484 416.528 0 0.834967 
377.404 379.445 401.433 415.646 0 0.737021 
47.1577 156.966 59.0225 187.796 0 0.706024 
395.841 294.749 415.875 368.425 0 0.69109 
350.843 266.638 376.572 334.499 0 0.657537 
273.438 395.24 295.708 415.759 0 0.657502 
85.8294 141.923 94.1359 189.135 0 0.605575 
291.649 380.305 310.589 414.389 0 0.570348 
0.200015 156.496 6.57126 200.512 0 0.521645 
