159.399 200.532 176.284 270.674 0 0.991319 
64.0818 145.431 76.2934 199.768 0 0.990507 
76.9813 153.285 89.0985 197.438 0 0.989161 
41.8131 170.729 62.3595 228.716 0 0.988378 
283.976 269.337 303.237 342.993 0 0.983379 
31.9755 157.968 43.3928 210.77 0 0.979087 
293.431 378.152 321.997 416.513 0 0.921516 
94.4345 112.675 105.473 143.72 0 0.888929 
350.618 162.634 360.533 205.011 0 0.872071 
0 154.623 8.8137 197.413 0 0.798532 
397.779 352.461 416.624 414.347 0 0.789821 
46.2658 156.857 58.0315 186.811 0 0.58914 
277.217 396.836 295.462 415.385 0 0.551962 
351.522 268.951 375.721 330.199 0 0.526799 
397.622 295.641 416.03 367.393 0 0.510404 
