162.567 201.066 178.07 270.784 0 0.991286 
66.8583 147.333 78.6231 198.828 0 0.980638 
283.779 271.846 303.749 341.887 0 0.979742 
0 154.97 11.7951 196.914 0 0.965617 
40.8577 165.59 57.7987 227.24 0 0.963764 
78.4385 149.236 90.1853 197.07 0 0.944208 
31.9466 158.624 42.8174 210.954 0 0.940925 
95.0125 115.117 106.16 144.049 0 0.924722 
295.791 377.739 323.339 416.241 0 0.914157 
353.564 162.512 362.575 201.499 0 0.883658 
383.355 381.147 403.976 414.957 0 0.775965 
282.3 396.784 299.253 415.919 0 0.733777 
404.553 352.923 415.334 423.863 0 0.711421 
400.073 297.232 415.627 389.512 0 0.70064 
333.411 155.874 342.484 197.07 0 0.667349 
399.004 360.431 417.764 414.994 0 0.555184 
