165.212 201.626 181.524 271.366 0 0.989209 
70.1201 151.7 83.5958 198.028 0 0.976456 
284.385 270.753 305.108 341.261 0 0.966809 
94.8341 113.234 106.678 143.889 0 0.956156 
38.5579 164.332 59.0512 228.16 0 0.948663 
31.8803 161.17 44.1927 217.242 0 0.914768 
78.3207 149.299 91.1172 194.936 0 0.912133 
0.688319 155.308 14.4688 196.597 0 0.897727 
379.417 375.603 406.443 414.871 0 0.815657 
299.381 379.418 324.561 415.313 0 0.807605 
356.992 162.554 366.534 204.756 0 0.801049 
281.287 396.284 303.119 416.009 0 0.681532 
400.24 298.985 415.788 386.573 0 0.661608 
335.632 156.812 344.967 195.93 0 0.606419 
