168.825 200.702 184.324 270.944 0 0.99011 
3.59742 153.167 18.569 198.865 0 0.987732 
285.623 274.147 306.919 345.23 0 0.982577 
71.2251 151.102 85.2151 200.105 0 0.968537 
300.737 378.239 328.51 416.289 0 0.962963 
36.9005 167.287 58.7073 230.565 0 0.961613 
96.4981 114.915 107.236 144.449 0 0.938262 
376.355 373.288 411.702 415.182 0 0.884418 
79.3155 148.239 90.2239 197.99 0 0.852836 
359.338 163.56 369.169 205.315 0 0.825754 
32.6006 165.804 44.2747 217.5 0 0.675391 
83.7328 144.915 94.2775 195.434 0 0.655133 
337.643 158.455 346.943 200.252 0 0.533902 
278.189 396.911 305.026 416.249 0 0.517593 
