182.787 202.614 201.216 275.736 0 0.990318 
17.3709 158.782 30.6817 201.974 0 0.986333 
78.6694 148.75 91.2569 203.714 0 0.976873 
102.334 119.318 111.979 151.227 0 0.961263 
35.7638 169.529 52.4213 234.363 0 0.940642 
293.511 288.388 313.545 357.419 0 0.874581 
312.947 386.955 336.184 415.509 0 0.744364 
348.839 157.336 358.463 189.896 0 0.720066 
33.1348 170.673 43.4888 229.243 0 0.706469 
376.631 169.494 384.069 206.536 0 0.647376 
42.2519 180.136 56.74 230.377 0 0.571956 
380.499 388.546 413.859 415.403 0 0.52342 
299.708 404.322 312.769 415.337 0 0.52 
