162.376 251.751 182.079 349.844 0 0.994803 
93.3292 217.627 113.8 293.474 0 0.994247 
116.356 98.0493 127.91 157.167 0 0.988571 
119.591 181.775 137.823 249.028 0 0.980008 
275.309 116.277 286.059 173.89 0 0.979159 
308.631 167.547 323.98 240.338 0 0.978089 
206.927 148.914 225.43 214.432 0 0.975317 
389.296 162.306 404.696 223.823 0 0.965902 
174.543 148.727 186.918 212.093 0 0.96441 
264.125 167.994 279.795 242.399 0 0.934542 
319.5 138.772 334.636 200.273 0 0.738823 
324.905 123.734 336.5 157.346 0 0.598311 
