118.023 99.2572 129.349 154.52 0 0.997134 
160.748 241.988 179.2 348.374 0 0.995215 
98.6236 210.377 126.718 286.31 0 0.993933 
387.973 162.201 405.551 231.226 0 0.978674 
178.831 148.892 196.617 212.708 0 0.974285 
275.364 115.226 286.083 174.631 0 0.969546 
309.974 173.214 326.349 240.498 0 0.961214 
262.864 168.129 278.795 242.152 0 0.954868 
322.694 140.924 337.929 198.954 0 0.853917 
217.573 148.575 230.639 212.976 0 0.849004 
126.397 181.54 139.486 240.113 0 0.83327 
325.492 123.211 335.8 157.773 0 0.604896 
