154.154 243.674 176.398 351.351 0 0.996652 
109.237 204.617 137.199 279.553 0 0.994066 
118.668 92.055 130.855 156.576 0 0.991623 
388.66 161.796 406.107 231.673 0 0.988072 
260.592 169.414 278.063 245.216 0 0.985635 
185.66 148.277 203.061 215.053 0 0.985586 
223.739 148.047 238.796 211.165 0 0.983627 
309.357 170.977 329.432 240.255 0 0.982532 
273.258 117.575 286.967 173.288 0 0.976758 
132.293 178.249 146.065 229.568 0 0.960397 
325.034 121.122 336.344 151.933 0 0.843291 
323.358 141.038 338.616 195.266 0 0.827443 
