119.789 94.8423 132.843 146.482 0 0.994232 
151.602 248.143 172.6 352.529 0 0.993395 
258.725 166.47 276.596 246.179 0 0.990631 
119.722 202.237 148.23 277.843 0 0.989962 
309.092 170.231 328.625 242.886 0 0.989862 
228.891 146.129 247.571 207.548 0 0.98908 
387.547 160.067 405.478 228.865 0 0.983211 
193.704 146.414 208.365 209.218 0 0.978073 
323.137 138.376 336.794 195.958 0 0.947229 
274.182 116.377 285.132 171.648 0 0.905068 
324.307 119.058 335.715 149.445 0 0.820082 
138.866 175.946 152.358 216.688 0 0.655438 
