271.017 112.942 282.403 173.83 0 0.995385 
131.193 198.168 155.653 271.283 0 0.993753 
147.961 247.831 172.846 350.781 0 0.993718 
257.124 166.97 274.349 247.272 0 0.987744 
386.881 161.305 400.799 226.898 0 0.966046 
307.806 173.66 326.593 242.285 0 0.942079 
199.634 140.27 211.888 211.01 0 0.940834 
121.754 95.7271 133.336 147.269 0 0.939654 
235.833 145.095 250.686 205.67 0 0.925109 
141.767 177.217 156.781 215.218 0 0.762914 
320.177 123.036 335.025 195.218 0 0.679232 
322.476 143.083 335.833 197.518 0 0.520343 
