148.231 239.344 172.205 348.544 0 0.991915 
252.018 166.625 270.291 242.339 0 0.975846 
384.961 203.643 415.155 292.576 0 0.968681 
123.945 96.9769 134.537 145.141 0 0.960923 
239.995 145.995 254.155 202.532 0 0.954576 
268.247 116.762 280.755 169.159 0 0.944732 
204.207 143.688 218.627 207.633 0 0.93483 
305.195 173.956 322.768 240.217 0 0.898955 
139.994 205.768 161.496 259.777 0 0.872818 
145.9 175.911 162.06 211.698 0 0.758175 
319.003 136.111 334.091 193.5 0 0.726984 
381.967 162.447 399.461 220.373 0 0.720944 
317.285 118.762 330.551 148.028 0 0.618812 
