153.868 239.72 179.276 336.616 0 0.994344 
365.396 203.02 387.86 289.045 0 0.99109 
126.407 99.2853 137.411 147.883 0 0.985499 
214.537 143.546 227.556 209.281 0 0.978194 
162.457 192.458 185.533 258.966 0 0.975071 
302.594 178.998 317.757 243.884 0 0.966188 
155.249 172.394 170.882 215.711 0 0.943785 
249.978 171.99 266.138 242.934 0 0.936718 
250.433 141.013 264.696 183.526 0 0.863949 
264.102 115.867 276.141 158.911 0 0.827693 
314.693 137.915 329.229 192.984 0 0.784638 
374.572 163.389 390.582 221.203 0 0.579509 
311.621 119.173 325.083 164.049 0 0.558225 
