348.689 200.047 379.124 282.822 0 0.997181 
152.785 238.835 186.592 337.673 0 0.994757 
299.069 176.961 316.974 248.019 0 0.990416 
127.697 98.252 139.982 148.362 0 0.981457 
371.27 162.173 388.993 226.463 0 0.962858 
218.246 145.724 233.189 206.254 0 0.955866 
249.299 173.071 265.09 243.876 0 0.940127 
172.074 189.142 190.909 258.304 0 0.939836 
263.081 114.985 273.407 156.294 0 0.918333 
160.732 175.194 175.416 225.004 0 0.859261 
310.354 119.629 322.999 162.48 0 0.846804 
314.243 146.497 326.538 193.815 0 0.822644 
255.449 145.711 268.095 190.152 0 0.807461 
