154.877 240.99 189.186 332.213 0 0.99601 
317.373 200.054 346.652 279.47 0 0.989488 
242.867 175.434 262.183 250.293 0 0.988535 
127.833 104.725 139.912 147.9 0 0.987934 
364.933 161.641 379.98 225.425 0 0.983097 
189.213 185.087 204.091 250.976 0 0.970702 
223.264 145.651 237.383 206.674 0 0.970023 
259.277 140.725 273.068 200.6 0 0.960467 
293.121 181.215 308.124 247.6 0 0.930308 
164.503 174.516 180.477 231.274 0 0.928551 
310.108 140.278 321.809 195.628 0 0.833638 
303.172 117.496 314.89 177.488 0 0.765491 
256.685 115.87 268.192 150.395 0 0.756011 
