161.193 233.917 190.358 325.983 0 0.996969 
302.237 197.915 340.006 268.724 0 0.98965 
126.716 105.828 137.615 148.56 0 0.983584 
223.038 144.723 236.016 206.721 0 0.982456 
259.194 141.611 271.729 203.474 0 0.968263 
163.851 174.59 178.359 228.817 0 0.961758 
240.298 173.299 256.761 241.901 0 0.95734 
194.057 186.475 207.906 248.737 0 0.956131 
286.837 183.729 300.318 254.307 0 0.934072 
252.196 117.947 263.32 157.345 0 0.90855 
304.928 145.909 318.129 195.421 0 0.904436 
295.629 120.197 308.975 176.586 0 0.890868 
358.988 161.958 372.774 224.024 0 0.884419 
