163.816 230.459 188.311 316.597 0 0.995439 
194.852 186.597 214.767 250.939 0 0.988083 
245.836 119.708 257.013 165.802 0 0.987431 
160.657 175.238 175.869 232.349 0 0.984623 
234.87 174.489 253.37 240.987 0 0.982654 
300.013 145.046 314.665 197.744 0 0.978074 
123.329 104.242 134.031 147.672 0 0.971097 
257.833 146.834 270.081 198.379 0 0.962321 
289.238 200.852 318.454 262.748 0 0.949848 
220.155 144.901 235.683 205.392 0 0.934697 
351.014 161.748 365.655 221.983 0 0.917703 
277.953 185.731 294.203 244.173 0 0.756299 
288.783 122.026 301.041 176.839 0 0.648259 
