162.163 229.457 190.994 316.082 0 0.997364 
253.525 140.543 267.905 204.051 0 0.991127 
119.038 101.722 129.024 146.042 0 0.990232 
239.346 118.14 250.853 163.449 0 0.98464 
156.91 171.628 171.43 231.459 0 0.982429 
294.699 145.85 308.605 195.868 0 0.978087 
195.013 187.971 211.6 244.873 0 0.975157 
282.422 120.219 295.107 169.301 0 0.955842 
343.138 160.932 357.671 222.153 0 0.914979 
217.573 149.28 231.942 196.473 0 0.907049 
274.949 201.322 298.267 260.96 0 0.901627 
269.704 192.173 284.481 233.632 0 0.821825 
229.689 175.303 247.696 237.469 0 0.787965 
268.536 184.465 287.697 251.353 0 0.504676 
