160.972 233.168 191.497 312.404 0 0.995529 
193.392 181.629 207.447 242.971 0 0.980693 
401.621 192.685 416.534 268.381 0 0.965824 
232.98 116.413 244.584 163.738 0 0.964124 
114.871 103.074 124.87 145.245 0 0.958317 
215.069 147.608 228.386 196.8 0 0.935814 
333.219 162.837 349.254 221.964 0 0.922803 
151.001 173.403 166.402 228.527 0 0.899241 
251.107 140.727 262.057 197.415 0 0.863366 
225.258 173.265 240.174 240.442 0 0.836758 
256.83 196.469 279.608 253.152 0 0.823093 
289.91 147.497 302.59 190.954 0 0.822301 
275.397 120.566 287.593 167.324 0 0.804058 
261.862 192.642 274.474 232.408 0 0.539974 
