159.823 236.435 191.32 309.726 0 0.998387 
111.048 103.417 120.829 144.625 0 0.990825 
190.326 176.614 206.128 240.118 0 0.977474 
267.36 119.462 280.832 168.211 0 0.954959 
284.541 141.333 298.729 195.46 0 0.952896 
385.851 192.653 407.297 270.299 0 0.927893 
247.09 143.415 260.117 186.102 0 0.924627 
326.011 162.036 340.95 220.657 0 0.91927 
145.925 174.09 161.837 226.86 0 0.919012 
228.189 122.179 238.887 164.144 0 0.901207 
211.197 143.405 222.538 189.508 0 0.847968 
243.558 206.398 267.831 255.079 0 0.837725 
220.587 171.29 235.177 229.703 0 0.788703 
