160.206 237.043 187.033 305.529 0 0.99676 
109.037 102.177 119.032 144.647 0 0.991727 
374.444 192.392 393.482 271.64 0 0.983643 
189.148 177.006 206.631 238.703 0 0.975624 
223.117 118.874 232.955 161.311 0 0.970289 
282.098 142.443 295.129 192.13 0 0.951348 
208.204 144.221 219.809 183.037 0 0.948305 
262.379 120.473 275.119 167.124 0 0.944696 
245.455 142.901 257.353 193.108 0 0.936321 
142.078 172.375 157.724 227.454 0 0.934463 
214.084 168.006 230.533 233.726 0 0.909251 
321.64 155.973 332.759 213.52 0 0.904784 
236.276 192.827 254.065 246.322 0 0.69232 
