157.75 237.395 185.709 304.466 0 0.997862 
109.463 103.249 118.873 144.997 0 0.990412 
361.722 192.323 387.133 272.882 0 0.982648 
244.904 139.396 257.153 196.424 0 0.978105 
259.57 120.794 272.39 166.244 0 0.973406 
316.655 156.625 330.448 213.883 0 0.969319 
190.216 176.976 207.117 237.827 0 0.960201 
281.59 144.009 295.179 190.337 0 0.954993 
221.462 118.489 231.946 160.573 0 0.946462 
138.621 172.791 154.75 227.751 0 0.93563 
211.538 165.711 228.813 234.394 0 0.884387 
207.613 144.837 220.461 184.39 0 0.870495 
235.49 196.493 250.261 225.669 0 0.568058 
