158.247 232.419 190.972 297.133 0 0.998872 
111.011 100.735 120.508 141.879 0 0.991726 
353.816 193.811 375.699 275.327 0 0.987557 
192.362 174.108 209.362 234.034 0 0.982298 
315.982 159.009 330.5 212.953 0 0.977345 
285.15 144.212 296.78 190.561 0 0.970859 
138.5 177.477 156.608 225.966 0 0.967693 
259.521 119.272 272.18 161.801 0 0.957062 
246.66 143.695 258.462 191.709 0 0.946778 
222.199 117.717 230.968 155.948 0 0.813633 
215.277 163.934 228.378 229.236 0 0.767138 
209.928 143.718 222.07 186.173 0 0.716421 
