168.671 221.102 192.782 289.094 0 0.991246 
134.736 108.991 144.933 144.154 0 0.980816 
350.716 200.766 370.766 277.095 0 0.944376 
327.723 158.235 343.628 216.779 0 0.920628 
304.974 146.326 318.166 190.117 0 0.904484 
220.958 166.732 234.748 227.231 0 0.895646 
239.568 118.07 249.791 154.262 0 0.890292 
154.024 179.061 168.841 227.793 0 0.843552 
265.312 145.224 279.15 189.931 0 0.744173 
233.424 223.244 264.821 251.241 0 0.699268 
231.261 163.72 244.7 226.439 0 0.644278 
274.965 123.278 285.147 155.589 0 0.633093 
