177.766 216.227 200.128 287.46 0 0.986481 
336.078 158.218 352.089 217.294 0 0.946662 
160.044 176.922 174.348 225.426 0 0.916471 
351.264 200.469 370.869 278.205 0 0.901017 
315.425 146.911 327.412 190.396 0 0.893098 
146.938 109.444 156.564 144.122 0 0.873039 
248.001 119.035 259.071 154.239 0 0.85988 
274.719 145.796 289.162 190.58 0 0.819518 
281.03 123.334 294.445 155.004 0 0.757211 
232.043 168.926 244.216 215.215 0 0.585741 
237.677 222.193 265.093 252.059 0 0.543374 
243.127 168.459 255.153 208.927 0 0.503315 
