189.718 216.243 207.488 285.993 0 0.979599 
325.924 149.543 338.823 189.519 0 0.977671 
354.768 196.845 376.583 279.729 0 0.969348 
166.391 175.319 180.913 234.015 0 0.962643 
4.77328 130.546 20.0682 171.265 0 0.959295 
159.318 108.371 168.073 141.062 0 0.941718 
347.214 159.542 362.888 211.422 0 0.898189 
258.378 120.417 269.827 152.558 0 0.777303 
286.159 145.373 299.702 190.509 0 0.763243 
249.943 219.584 275.28 250.867 0 0.734899 
292.049 122.621 303.201 156.05 0 0.663422 
249.084 151.59 266.586 220.929 0 0.527746 
