208.442 215.418 228.81 281.816 0 0.986011 
350.362 151.698 363.832 192.946 0 0.971765 
187.392 108.956 195.962 142.237 0 0.971281 
183.778 182.538 201.376 228.751 0 0.887954 
367.647 198.1 394.013 279.653 0 0.866261 
312.237 145.329 323.947 192.161 0 0.84931 
40.3119 132.246 55.3755 170.688 0 0.823546 
272.133 223.609 298.883 249.047 0 0.684039 
283.981 121.748 294.449 151.931 0 0.670278 
276.512 168.075 290.703 208.15 0 0.653467 
269.39 167.858 281.86 208.435 0 0.58348 
315.069 124.961 327.099 154.929 0 0.549567 
371.949 161.133 384.595 211.785 0 0.524693 
