222.046 172.578 241.081 219.6 0 0.986914 
151.158 128.183 161.925 161.56 0 0.975877 
271.642 112.518 281.153 142.401 0 0.970222 
278.742 208.527 296.99 272.515 0 0.930195 
364.403 178.332 378.612 235.316 0 0.89846 
390.238 125.601 399.863 155.303 0 0.813942 
362.212 129.841 370.5 149.918 0 0.797833 
349.445 168.984 360.448 210.971 0 0.792315 
153.577 94.5453 160.521 117.05 0 0.757452 
346.397 168.098 355.679 211.733 0 0.741593 
0.129227 190.262 6.2166 265.563 0 0.715227 
394.512 149.62 405.142 190.5 0 0.669024 
356.472 168.442 367.127 209.36 0 0.621147 
355.423 147.638 367.692 177.419 0 0.589494 
