8.39445 163.804 31.5304 218.674 0 0.9891 
46.0129 161.259 62.4785 219.21 0 0.96938 
130.12 175.356 148.618 244.588 0 0.962885 
381.366 161.998 407.147 214.383 0 0.942438 
233.964 198.482 268.905 221.811 0 0.915912 
84.6139 159.169 95.8203 194.214 0 0.861596 
241.464 158.551 251.676 192.183 0 0.783784 
286.553 193.631 313.554 217.637 0 0.709901 
135.113 159.136 147.184 185.987 0 0.57236 
252.42 196.413 271.036 222.076 0 0.570482 
299.372 196.756 317.015 215.774 0 0.557737 
146.249 163.378 160.96 197.952 0 0.523152 
