222.351 262.282 233.927 312.924 0 0.984205 
399.414 253.368 411.254 299.095 0 0.982411 
183.696 319.011 200.975 413.7 0 0.980853 
324.427 261.382 342.126 309.831 0 0.975447 
318.254 237.379 328.385 269.35 0 0.968133 
363.756 256.985 380.286 300.205 0 0.952863 
289.548 239.784 297.988 280.409 0 0.948187 
189.631 264.74 201.83 312.131 0 0.943209 
241.554 261.984 254.689 313.947 0 0.932158 
255.363 264.646 268.59 309.483 0 0.924546 
109.229 263.536 121.129 298.824 0 0.918824 
159.187 293.833 174.091 349.799 0 0.868512 
204.239 240.569 214.843 270.669 0 0.824801 
185.534 261.943 195.347 314.677 0 0.814261 
358.877 220.818 367.331 250.65 0 0.758576 
3.05685 372.333 24.1243 415.707 0 0.73687 
201.912 264.127 213.551 308.551 0 0.723837 
237.12 233.478 244.876 262.657 0 0.68976 
87.3441 260.042 100.915 292.529 0 0.549847 
