187.964 261.424 201.796 314.282 0 0.992447 
222.568 260.238 233.992 311.795 0 0.989762 
398.905 254.411 411.037 298.671 0 0.989714 
183.774 319.051 201.065 412.957 0 0.987552 
289.711 239.588 297.394 280.533 0 0.97976 
365.95 258.798 378.717 299.343 0 0.976181 
320.872 262.472 335.543 307.969 0 0.969193 
253.443 265.346 267.13 308.824 0 0.959592 
109.356 262.374 119.659 299.885 0 0.959177 
201.231 261.922 213.982 309.646 0 0.936005 
2.63207 372.047 26.277 414.902 0 0.893256 
240.881 261.931 253.823 313.618 0 0.892101 
205.041 240.985 215.334 265.445 0 0.861519 
359.193 220.417 367.311 251.316 0 0.846983 
159.058 293.93 173.71 348.749 0 0.762593 
237.165 232.974 244.804 262.793 0 0.739249 
86.2295 260.589 100.804 292.375 0 0.689548 
322.401 236.482 329.857 268.623 0 0.668688 
243.118 268.104 255.604 310.393 0 0.569665 
