366.655 254.543 381.337 300.03 0 0.992484 
399.095 253.882 410.889 298.064 0 0.986744 
184.045 318.937 200.241 409.747 0 0.984258 
288.756 239.11 297.122 279.847 0 0.981984 
240.152 262.999 253.91 310.53 0 0.980649 
189.057 261.198 201.701 314.205 0 0.979283 
222.417 256.449 234.206 304.253 0 0.978262 
253.417 265.619 267.887 308.797 0 0.974468 
319.612 258.508 331.458 304.504 0 0.972504 
109.85 265.664 121.312 301.045 0 0.92986 
2.57069 372.049 24.2602 415.333 0 0.922443 
199.998 262.294 211.4 311.772 0 0.914078 
359.004 220.29 367.226 250.57 0 0.84437 
159.202 291.291 174.013 351.402 0 0.831587 
82.937 266.682 89.3711 285.181 0 0.710175 
206.418 240.018 215.262 266.223 0 0.671835 
237.182 233.248 245.79 262.694 0 0.631142 
