238.394 258.678 252.506 309.077 0 0.994793 
254.298 262.525 268.528 308.016 0 0.993667 
221.52 257.553 235.085 303.792 0 0.990945 
287.782 238.629 297.035 279.766 0 0.98431 
398.919 249.382 409.677 296.243 0 0.981152 
184.28 317.2 200.191 411.73 0 0.980573 
314.272 255.034 327.607 306.671 0 0.967626 
188.939 261.933 200.892 311.937 0 0.962278 
369.383 253.186 382.702 300.068 0 0.953598 
110.313 264.572 123.697 305.184 0 0.943633 
326.193 236.213 335.276 269.698 0 0.93146 
358.93 219.094 367.561 248.953 0 0.894448 
237.162 230.587 245.938 260.395 0 0.852414 
197.877 265.331 210.019 310.156 0 0.762947 
1.10617 371.939 24.0471 414.702 0 0.712193 
88.6751 257.622 99.7564 286.355 0 0.603793 
159.607 288.294 173.761 346.803 0 0.602172 
