255.992 261.037 271.129 306.806 0 0.996183 
310.51 256.66 323.461 305.707 0 0.993403 
237.386 258.312 250.694 303.892 0 0.990977 
184.233 319.468 200.997 411.397 0 0.99004 
287.056 237.455 297.351 277.136 0 0.989576 
221.146 258.059 236.927 305.881 0 0.980919 
372.005 248.653 387.506 300.285 0 0.978465 
398.499 249.381 409.055 295.165 0 0.975871 
326.79 239.562 338.878 270.11 0 0.961233 
358 219.239 367.888 249.262 0 0.919086 
187.581 265.693 201.029 310.102 0 0.908381 
111.076 264.79 123.922 297.768 0 0.864279 
198.843 265.857 211.372 310.372 0 0.791624 
159.679 292.789 173.952 347.021 0 0.772789 
0.686635 374.308 24.6614 415.245 0 0.76622 
237.431 230.456 246.293 260.501 0 0.666729 
87.7861 255.622 99.2276 288.803 0 0.577849 
