286.534 237.311 296.784 277.044 0 0.993841 
236.026 258.522 249.814 305.659 0 0.991001 
183.9 318.218 201.484 413.428 0 0.987362 
223.279 256.803 237.017 303.987 0 0.980817 
305.688 255.811 318.89 309.49 0 0.977228 
376.767 250.414 389.837 299.109 0 0.97469 
256.931 261.296 270.58 304.02 0 0.973047 
111.483 265.86 124.443 304.906 0 0.958594 
398.007 250.503 408.165 293.653 0 0.94357 
358.21 218.822 367.53 249.813 0 0.935432 
330.088 236.641 341.319 268.064 0 0.890811 
158.398 290.095 174.531 350.558 0 0.861243 
195.049 255.243 211.054 313.474 0 0.859932 
237.834 230.387 246.286 260.548 0 0.846566 
0.371195 373.768 23.5271 416.057 0 0.831698 
87.9045 254.746 100.818 284.552 0 0.620915 
186.279 273.473 203.309 311.472 0 0.618065 
