302.365 254.187 315.611 307.02 0 0.993587 
236.668 258.151 249.446 303.942 0 0.99113 
285.928 237.029 295.811 276.109 0 0.990744 
183.45 317.71 201.585 412.529 0 0.981672 
379.923 251.013 391.529 300.349 0 0.970763 
225.427 255.633 236.974 303.014 0 0.965023 
198.106 252.988 211.678 314.83 0 0.943882 
110.628 265.589 123.824 309.439 0 0.937569 
396.364 251.406 406.435 293.507 0 0.935966 
257.791 260.201 271.457 302.685 0 0.928863 
334.145 235.65 342.135 268.404 0 0.900666 
86.8019 254.617 98.2929 290.601 0 0.89234 
357.679 219.814 367.19 248.042 0 0.888295 
0 373.435 22.7472 416.244 0 0.837031 
157.211 289.179 173.464 349.04 0 0.827863 
209.644 241.081 218.578 266.171 0 0.819255 
183.377 284.333 196.616 313.598 0 0.775178 
237.987 230.051 245.237 258.009 0 0.768609 
