284.206 236.023 295.137 277.791 0 0.991814 
235.798 255.463 247.843 305.672 0 0.979755 
381.664 251.619 393.974 299.907 0 0.975209 
336.371 234.661 344.08 270.362 0 0.970369 
297.049 254.534 310.812 306.298 0 0.962182 
183.438 313.309 200.394 410.78 0 0.940732 
226.757 252.645 237.281 301.926 0 0.932932 
109.506 265.485 122.377 309.632 0 0.923306 
257.277 262.496 271.02 304.162 0 0.921857 
156.874 286.581 173.358 350.651 0 0.901351 
394.081 251.985 405.044 295.986 0 0.878312 
357.312 219.113 365.944 248.207 0 0.860853 
0 373.735 19.5202 417.664 0 0.781661 
197.283 257.727 211.056 309.472 0 0.642853 
228.901 255.859 240.338 306.787 0 0.60287 
209.207 239.074 218.571 267.807 0 0.552692 
180.678 294.195 197.45 315.712 0 0.535918 
86.628 254.934 97.8991 286.096 0 0.524574 
