292.859 253.449 305.396 307.14 0 0.990085 
179.699 318.419 197.842 406.439 0 0.985052 
282.706 236.89 292.975 279.077 0 0.966405 
337.135 235.418 346.415 270.449 0 0.96095 
258.243 255.324 269.559 303.699 0 0.939413 
382.47 251.62 397.606 300.429 0 0.930198 
234.022 249.822 245.149 304.232 0 0.899854 
225.099 250.011 234.906 295.543 0 0.89751 
107.875 262.625 120.816 304.691 0 0.894779 
155.781 289.417 173.061 349.158 0 0.863787 
85.2321 253.512 97.6645 296.751 0 0.845665 
392.79 249.54 404.283 295.38 0 0.840385 
0 373.46 16.9686 416.56 0 0.778618 
355.775 220.072 364.373 248.686 0 0.681099 
197.328 256.401 210.249 302.476 0 0.606199 
