287.726 254.854 300.595 305.225 0 0.984287 
176.556 316.94 195.242 408.26 0 0.980657 
223.158 247.683 234.497 299.142 0 0.973626 
257.314 247.132 269.28 297.52 0 0.96703 
338.267 234.873 346.317 271.301 0 0.951363 
384.582 247.892 396.163 298.535 0 0.941735 
280.935 236.35 290.046 276.52 0 0.923426 
154.666 286.991 169.134 346.51 0 0.868789 
105.729 261.743 118.887 307.191 0 0.853759 
0 373.585 15.0411 416.37 0 0.815833 
197.282 255.107 210.289 303.16 0 0.802463 
389.971 248.729 399.619 295.674 0 0.771127 
354.441 219.887 361.829 245.93 0 0.724679 
234.742 244.22 245.026 300.085 0 0.653998 
84.2229 257.318 96.0797 294.937 0 0.647297 
234.714 232.417 241.316 251.266 0 0.629213 
