174.352 316.01 192.623 409.025 0 0.99498 
254.991 248.342 268.661 294.048 0 0.99228 
283.429 254.875 296.674 303.477 0 0.975676 
233.328 239.442 244.293 289.346 0 0.967541 
352.827 213.966 360.176 245.4 0 0.941244 
337.962 229.832 345.806 267.378 0 0.91198 
221.258 251.349 230.909 296.327 0 0.911236 
104.061 261.168 115.817 307.158 0 0.898087 
386.981 245.233 398.099 297.051 0 0.897657 
195.08 252.622 209.387 292.626 0 0.886061 
278.263 236.878 287.668 275.497 0 0.827267 
0 373.256 13.2822 415.926 0 0.762535 
150.349 284.503 165.111 344.98 0 0.754674 
232.601 227.828 238.942 247.388 0 0.653379 
84.1478 255.028 94.9818 283.509 0 0.645234 
70.1261 257.34 79.6809 287.186 0 0.643942 
205.653 235.952 215.304 266.618 0 0.641554 
