172.5 313.088 190.67 410.092 0 0.99217 
253.944 240.214 266.095 288.778 0 0.991211 
231.846 238.609 243.073 286.853 0 0.981972 
337.07 228.352 345.939 265.165 0 0.973516 
277.174 248.567 292.018 303.594 0 0.964952 
386.49 244.163 397.48 293.082 0 0.942213 
101.765 263.52 113.85 310.142 0 0.873345 
217.335 245.661 226.289 291.551 0 0.836013 
349.908 213.851 356.683 241.736 0 0.792561 
190.808 253.673 203.693 299.865 0 0.748209 
230.245 225.919 236.569 245.899 0 0.700805 
203.768 234.869 213.867 262.034 0 0.667486 
0.081389 371.352 11.6541 416.491 0 0.586158 
194.82 253.209 209.188 301.682 0 0.572935 
83.32 249.604 94.9069 286.795 0 0.564285 
