167.672 312.707 187.074 407.102 0 0.996282 
253.79 239.616 264.069 289.856 0 0.987232 
213.65 244.394 224.368 296.905 0 0.983049 
337.122 226.63 345.365 263.144 0 0.977516 
231.033 237.391 242.345 289.515 0 0.976855 
276.205 246.337 288.391 299.481 0 0.955626 
386.481 246.072 400.68 295.94 0 0.901306 
227.442 224.688 233.173 249.857 0 0.890758 
189.19 250.846 204.892 303.832 0 0.889029 
101.635 263.037 113.441 305.745 0 0.816312 
272.383 232.778 280.685 270.923 0 0.815526 
384.097 248.089 393.939 288.446 0 0.762553 
346.497 213.271 353.081 241.4 0 0.717216 
166.652 287.192 180.971 311.953 0 0.551328 
143.48 282.991 156.668 333.232 0 0.540413 
