230.575 233.791 241.037 301.874 0 0.990484 
166.087 309.86 186.401 406.723 0 0.989012 
271.719 246.842 284.038 299.493 0 0.983654 
335.975 230.025 347.195 264.528 0 0.967321 
253.838 247.021 265.637 296.744 0 0.949868 
210.375 240.237 221.901 295.817 0 0.923119 
387.444 245.579 403.237 296.315 0 0.872401 
83.9824 252.791 93.6055 282.494 0 0.793499 
382.485 242.642 392.286 285.81 0 0.760019 
189.486 278.304 205.226 306.56 0 0.711786 
270.422 229.701 280.11 262.64 0 0.69152 
343.712 208.112 351.948 239.038 0 0.685675 
225.691 225.207 231.266 248.94 0 0.658174 
101.212 265.058 113.678 303.942 0 0.652896 
138.949 281.383 155.271 337.997 0 0.594363 
185.789 248.132 194.163 286.38 0 0.592034 
190.81 250.904 202.498 292.039 0 0.587747 
