229.081 240.61 240.71 295.986 0 0.992063 
162.258 308.808 182.692 401.88 0 0.988002 
206.9 239.226 217.287 289.875 0 0.976755 
335.389 230.843 346.747 264.548 0 0.938522 
379.774 240.924 390.097 284.223 0 0.897912 
268.151 251.564 280.961 294.543 0 0.87243 
386.223 244.292 405.62 297.226 0 0.856044 
183.209 246.153 194.24 296.967 0 0.830775 
251.265 253.828 264.635 296.844 0 0.782203 
266.89 228.018 277.612 263.83 0 0.762877 
186.78 278.291 202.885 305.256 0 0.742446 
99.1454 266.425 113.046 302.775 0 0.718127 
222.487 223.572 229.514 249.204 0 0.675395 
191.397 248.145 202.529 294.921 0 0.60649 
82.4884 252.816 93.2924 284.872 0 0.590917 
68.1421 253.327 78.4022 295.419 0 0.588087 
