381.515 241.582 392.572 289.736 0 0.991955 
366.037 235.811 376.944 278.34 0 0.991946 
149.629 302.735 166.162 402.939 0 0.991212 
236.565 244.401 250.185 292.179 0 0.989228 
252.047 254.136 266.877 296.497 0 0.976524 
217.634 243.316 230.408 292.917 0 0.970003 
59.7619 249.013 73.3895 285.754 0 0.921256 
253.378 227.17 263.212 259.996 0 0.904923 
191.591 238.59 202.027 287.799 0 0.89846 
325.524 225.969 336.041 262.234 0 0.897251 
93.5832 262.882 105.63 313.88 0 0.858284 
169.562 245.272 180.302 291.998 0 0.769154 
75.2946 249.692 86.6165 287.345 0 0.684933 
208.79 221.866 216.683 246.632 0 0.663303 
