373.643 240.31 384.766 288.57 0 0.993167 
138.416 304.883 154.513 401.146 0 0.988234 
209.032 244.269 222.771 291.718 0 0.986124 
353.277 235.543 367.238 276.456 0 0.981767 
52.424 253.628 65.1008 290.424 0 0.934279 
226.304 240.688 240.495 287.623 0 0.929416 
242.351 254.622 259.027 296.419 0 0.909195 
243.707 226.034 254.733 256.09 0 0.87684 
160.396 242.616 170.668 294.587 0 0.871543 
317.863 223.483 328.208 261.96 0 0.840869 
181.12 237.34 191.382 289.172 0 0.830743 
67.9845 247.5 79.1962 281.325 0 0.797139 
84.985 263.799 96.9691 311.487 0 0.720698 
200.079 219.612 207.856 244.62 0 0.677577 
113.737 275.634 128.985 339.364 0 0.666279 
