333.1 229 345.769 269.385 0 0.993143 
115.725 301.901 135.184 403.018 0 0.990248 
354.493 237.981 374.177 285.75 0 0.966922 
192.037 236.71 204.336 288.982 0 0.963125 
222.562 222.868 233.187 257.956 0 0.95275 
205.74 239.568 217.434 288.239 0 0.948061 
96.014 270.578 108.422 335.197 0 0.861985 
301.36 224.4 311.862 256.03 0 0.86067 
229.912 255.976 243.307 287.889 0 0.848555 
69.9841 265.737 81.5412 311.96 0 0.789965 
179.361 216.758 187.132 242.286 0 0.736646 
52.7653 242.318 63.5217 278.011 0 0.619242 
157.968 232.872 169.917 272.691 0 0.61379 
151.411 252.899 164.414 284.471 0 0.590429 
141.173 243.562 151.391 284.782 0 0.582508 
