103.388 299.508 123.259 403.277 0 0.991421 
182.777 237.795 194.659 287.543 0 0.983746 
322.99 228.198 336.693 267.782 0 0.983467 
194.887 238.214 206.497 287.557 0 0.982616 
222.805 252.883 238.954 288.729 0 0.879289 
45.526 245.612 56.5155 280.046 0 0.842748 
87.32 264.841 99.7967 336.136 0 0.842282 
169.282 215.433 177.463 241.039 0 0.834285 
345.768 235.104 364.186 278.572 0 0.81931 
213.312 221.701 222.542 252.62 0 0.814993 
292.842 224.459 302.63 255.038 0 0.806543 
30.8017 250.013 42.8099 301.013 0 0.801719 
62.0498 262.147 73.6473 298.219 0 0.729081 
148.552 231.124 158.853 273.694 0 0.659315 
129.763 240.78 141.693 285.771 0 0.636454 
143.461 250.968 155.858 284.741 0 0.541561 
