93.593 298.442 113.14 404.944 0 0.986679 
313.274 228.129 326.551 266.086 0 0.963575 
185.875 234.746 195.725 287.1 0 0.943114 
159.381 213.763 168.306 239.281 0 0.926717 
175.172 239.393 186.392 287.592 0 0.895197 
342.162 232.43 354.583 263.771 0 0.887307 
284.903 220.004 293.571 253.336 0 0.87233 
118.889 240.026 131.016 286.844 0 0.843303 
53.7764 261.519 65.1537 311.654 0 0.833056 
217.483 248.101 236.872 292.68 0 0.820158 
133.198 253.442 145.127 284.582 0 0.815605 
203.672 222.092 213.784 256.832 0 0.794829 
23.8743 255.209 36.1212 304.902 0 0.751362 
78.611 271.396 90.3183 335.306 0 0.746656 
136.825 227.918 147.525 263.129 0 0.637307 
37.4156 246.897 49.0121 281.299 0 0.627844 
