84.7516 298.183 103.484 405.553 0 0.98878 
304.838 224.869 318.218 264.773 0 0.971355 
175.232 233.452 187.673 285.265 0 0.964673 
277.296 217.796 286.031 254.286 0 0.955884 
333.876 229.373 348.526 269.391 0 0.952652 
166.41 233.983 179.027 286.363 0 0.924344 
149.065 212.29 159.441 239.67 0 0.900153 
195.006 221.562 204.928 258.288 0 0.862258 
217.878 250.162 231.777 286.574 0 0.832873 
124.518 253.767 138.12 296.215 0 0.758837 
110.948 237.567 121.839 277.553 0 0.734584 
126.615 226.606 138.76 268.949 0 0.669028 
29.8955 243.398 41.9794 276.871 0 0.580397 
