73.8032 298.753 93.9566 404.671 0 0.987715 
296.702 224.535 309.192 263.273 0 0.983257 
210.44 246.14 232.57 289.657 0 0.98185 
165.39 234.194 176.82 282.804 0 0.94997 
268.765 214.019 279.19 251.026 0 0.939419 
138.993 212.477 149.329 238.43 0 0.92794 
185.83 220.658 197.608 257.613 0 0.885761 
159.412 234.284 171.874 283.94 0 0.881459 
325.964 228.494 342.166 276.514 0 0.760821 
9.26028 250.815 22.5438 293.409 0 0.675516 
100.691 238.329 113.174 282.79 0 0.664722 
118.691 224.8 130.905 272.031 0 0.658127 
255.44 196.518 265.592 225.74 0 0.610968 
251.201 196.705 259.26 225.376 0 0.559367 
331.238 230.696 345.779 272.268 0 0.533583 
