65.2538 302.3 84.0244 400.585 0 0.986016 
288.092 220.95 301.1 260.227 0 0.977654 
179.54 217.57 189.379 256.097 0 0.967702 
260.802 218.134 272.415 251.048 0 0.952774 
320.771 229.422 339.213 280.743 0 0.933164 
130.815 208.44 140.231 235.901 0 0.885107 
155.136 231.294 166.287 282.216 0 0.86646 
215.451 243.672 232.163 285.312 0 0.772918 
103.704 250.447 114.868 286.632 0 0.745851 
4.27188 251.019 16.7357 295.941 0 0.734089 
91.299 241.343 102.802 278.528 0 0.532682 
111.264 223.634 121.845 266.434 0 0.509642 
