55.1304 295.508 76.1542 403.937 0 0.993165 
317.417 230.682 330.677 279.891 0 0.99009 
147.608 229.207 159.257 281.438 0 0.980158 
174.134 216.254 183.818 255.67 0 0.978364 
280.371 219.118 293.577 259.507 0 0.969813 
254.099 213.944 265.782 249.657 0 0.963941 
122.269 208.833 131.595 235.32 0 0.940622 
216.033 240.903 235.567 284.978 0 0.928964 
94.6641 250.83 105.877 292.412 0 0.79456 
103.906 222.292 113.885 274.194 0 0.711753 
79.082 246.088 94.0221 290.025 0 0.623376 
14.1149 239.932 24.3389 280.326 0 0.595081 
0.16968 248.005 10.7712 306.179 0 0.55691 
241.673 192.479 247.533 216.056 0 0.547325 
