48.8658 299.823 68.2594 401.012 0 0.994852 
210.938 234.16 237.219 285.58 0 0.993543 
142.045 226.442 153.549 284.941 0 0.992518 
167.453 216.466 178.203 253.625 0 0.990359 
312.774 229.244 326.719 275.043 0 0.986421 
273.796 217.46 286.818 255.662 0 0.981149 
248.849 209.946 259.567 247.259 0 0.96339 
114.494 206.45 123.712 233.18 0 0.906411 
96.78 219.538 107.68 276.948 0 0.85262 
72.7531 245.186 87.6877 291.41 0 0.707864 
86.8163 245.697 97.8232 283.989 0 0.69984 
236.857 190.751 245.408 219.221 0 0.600119 
231.248 189.283 239.595 218.943 0 0.584665 
226.903 191.369 235.381 220.071 0 0.517355 
