41.8155 299.832 61.9108 399.612 0 0.994896 
135.176 229.308 147.509 281.318 0 0.987567 
244.101 208.448 254.509 246.814 0 0.983071 
268.675 214.731 280.447 252.097 0 0.982529 
217.466 235.894 238.101 283.122 0 0.97046 
162.618 214.117 174.182 252.007 0 0.967767 
308.314 228.752 326.572 281.335 0 0.967004 
106.757 204.694 117.315 233.57 0 0.875751 
78.8535 246.527 91.6633 296.455 0 0.860232 
90.1964 215.939 101.907 271.471 0 0.849565 
223.226 189.787 231.098 220.588 0 0.827813 
231.914 191.248 238.461 218.225 0 0.692649 
48.0112 263.144 58.857 306.977 0 0.614761 
67.0519 237.69 79.0937 274.965 0 0.546832 
