132.452 220.923 144.134 280.198 0 0.985733 
302.059 228.733 317.778 274.793 0 0.985305 
159.253 209.456 168.295 253.754 0 0.982386 
239.511 204.893 248.093 241.928 0 0.98051 
36.2783 290.325 55.6591 399.657 0 0.978813 
261.125 212.978 273.608 251.791 0 0.97856 
224.256 234.412 236.007 280.378 0 0.976292 
84.0228 217.867 94.7482 275.687 0 0.870103 
128.149 225.565 137.775 275.618 0 0.818944 
101.281 202.354 110.121 230.208 0 0.804916 
60.1139 232.505 70.776 278.405 0 0.759288 
226.327 190.581 233.595 216.304 0 0.719131 
216.556 187.05 224.242 217.048 0 0.702925 
401.69 354.41 415.702 414.649 0 0.696735 
71.2866 246.41 86.0094 290.168 0 0.62866 
46.2472 261.221 58.5838 309.137 0 0.545662 
2.76053 262.015 16.6161 306.597 0 0.539812 
