26.4721 292.304 55.7801 399.474 0 0.993534 
257.379 210.52 268.834 247.588 0 0.981941 
154.355 208.467 165.622 247.904 0 0.981232 
392.713 353.457 415.395 413.268 0 0.963265 
128.727 221.461 138.857 274.928 0 0.960461 
295.247 225.686 310.975 271.408 0 0.940175 
94.881 198.273 103.592 228.765 0 0.937752 
120.022 221.185 130.146 269.462 0 0.936927 
42.0189 257.224 63.9271 318.692 0 0.933678 
77.0342 214.953 88.8756 266.964 0 0.912148 
234.41 202.801 242.349 237.635 0 0.909262 
221.561 191.228 228.366 214.231 0 0.907529 
225.108 241.502 239.389 278.75 0 0.899429 
52.2147 227.743 63.9982 269.115 0 0.850355 
64.3088 244.264 80.0363 307.394 0 0.793237 
68.0731 243.517 79.2685 293.13 0 0.603381 
210.687 186.111 217.192 208.419 0 0.56412 
