388.363 345.096 412.265 413.548 0 0.988157 
150.536 208.113 161.709 246.353 0 0.98748 
252.349 207.21 263.632 244.38 0 0.982353 
20.7282 288.911 47.2858 398.503 0 0.978232 
290.419 223.374 307.251 272.337 0 0.951538 
124.276 221.197 134.948 274.112 0 0.923079 
114.696 218.05 126.416 271.178 0 0.917731 
229.384 202.22 237.624 238.162 0 0.904058 
71.0941 212.479 83.1701 270.44 0 0.89369 
89.639 198.251 97.079 225.335 0 0.889846 
216.138 191.607 222.152 212.075 0 0.841001 
226.931 238.421 248.401 279.342 0 0.835678 
60.0282 245.522 75.343 308.648 0 0.776654 
46.5349 225.592 58.3102 270.191 0 0.754543 
42.0161 256.162 61.8553 317.173 0 0.706272 
