108.142 216.162 120.383 265.436 0 0.992575 
381.33 340.388 408.676 414.878 0 0.98633 
248.158 204.607 259.199 244.385 0 0.977563 
230.406 228.77 247.906 276.794 0 0.975437 
149.036 204.971 158.945 243.491 0 0.957571 
285.192 224.317 303.99 278.176 0 0.955685 
19.2141 286.991 38.3196 394.737 0 0.947059 
120.109 221.754 131.547 269.098 0 0.94063 
84.6029 194.956 93.6644 224.826 0 0.936863 
225.619 199.662 233.82 233.601 0 0.935123 
62.7492 212.38 79.4556 278.382 0 0.74992 
200.896 180.737 207.901 211.037 0 0.687421 
212.194 192.632 218.014 212.086 0 0.558833 
210.549 180.912 217.07 211.77 0 0.530684 
208.11 177.938 212.957 197.228 0 0.528146 
