381.661 340.318 406.873 414.54 0 0.9949 
14.8764 284.547 35.2873 392.341 0 0.988305 
235.383 219.838 248.795 278.288 0 0.986684 
105.411 214.709 117.447 267.125 0 0.976765 
148.626 203.144 158.745 244.266 0 0.969982 
275.113 224.829 302.148 274.846 0 0.966083 
117.409 223.288 128.977 270.863 0 0.965948 
246.635 203.916 257.472 242.47 0 0.965872 
224.487 196.985 232.113 230.221 0 0.96567 
209.753 182.353 215.592 209.92 0 0.869136 
81.738 193.756 90.1452 222.347 0 0.849221 
199.354 181.641 205.847 208.138 0 0.749169 
39.3857 230.645 52.9268 280.492 0 0.701824 
44.5609 252.428 64.9552 313.996 0 0.576634 
63.1937 213.222 76.5718 266.681 0 0.53322 
