382.835 340.464 410.014 414.16 0 0.985921 
15.2977 285.2 36.3064 391.193 0 0.979853 
105.482 214.883 117.177 266.365 0 0.97656 
151.128 202.951 160.974 245.12 0 0.975304 
225.791 198.144 235.007 234.857 0 0.961789 
117.776 222.374 129.887 273.693 0 0.94711 
247.975 203.716 258.435 237.577 0 0.926028 
241.885 218.611 256.832 283.579 0 0.898722 
282.248 223.55 299.729 273.147 0 0.879999 
58.9111 242.369 75.9025 317.233 0 0.860996 
199.821 181.107 206.813 208.246 0 0.801101 
210.716 182.035 217.282 209.675 0 0.783542 
40.0045 231.651 53.555 282.338 0 0.713813 
82.9308 193.816 90.8403 222.173 0 0.704657 
45.9738 259.813 66.3335 320.187 0 0.591334 
