157.395 205.115 168.445 243.493 0 0.979109 
21.3912 288.69 42.9251 395.706 0 0.977297 
109.507 214.773 121.25 265.425 0 0.960906 
230.604 199.409 240.136 239.399 0 0.958204 
393.836 342.358 414.872 415.399 0 0.947929 
47.403 229.324 59.8072 284.648 0 0.934367 
121.694 225.127 135.386 273.965 0 0.933737 
88.5 193.444 96.7267 223.147 0 0.887721 
253.25 204.674 264.759 238.184 0 0.867339 
289.437 224.384 302.257 272.754 0 0.835139 
253.976 225.53 268.215 284.824 0 0.815518 
215.624 181.747 222.153 209.263 0 0.813496 
203.041 181.333 210.411 207.951 0 0.810001 
69.2041 211.418 83.4878 255.645 0 0.714326 
60.5707 256.806 80.2403 317.871 0 0.583542 
