33.6393 287.75 52.7863 388.143 0 0.986284 
118.638 217.255 131.021 263.787 0 0.976908 
265.395 225.692 288.332 286.08 0 0.969436 
169.593 206.568 181.527 246.651 0 0.968687 
132.563 221.947 144.737 273.542 0 0.941001 
241.225 201.311 251.86 237.831 0 0.932618 
298.267 221.288 314.043 279.14 0 0.926376 
263.86 206.314 275.009 235.546 0 0.869211 
98.6744 197.052 109.003 224.838 0 0.810819 
68.7562 260.762 82.8007 321.145 0 0.792907 
81.896 258.6 97.6173 307.376 0 0.712671 
59.3905 237.221 71.9736 277.37 0 0.639275 
84.0105 209.144 97.4913 254.465 0 0.581237 
215.131 184.801 221.619 206.864 0 0.563086 
