50.7976 287.145 72.0421 388.527 0 0.967659 
149.39 222.159 161.951 274.696 0 0.962666 
317.374 222.132 333.722 278.014 0 0.957331 
290.637 232.68 309.253 287.951 0 0.954988 
187.966 207.54 200.646 243.37 0 0.953609 
135.478 216.701 147.926 264.156 0 0.932182 
258.735 203.412 269.483 239.104 0 0.899406 
281.938 208.83 293.559 240.184 0 0.771032 
76.9761 239.84 89.6635 281.221 0 0.690655 
99.3779 257.419 114.982 308.782 0 0.644671 
79.0513 246.14 100.342 318.298 0 0.612324 
98.9518 215.021 114.202 256.94 0 0.5946 
231.412 185.629 239.534 207.618 0 0.592643 
240.926 180.937 250.529 208.79 0 0.517372 
