75.9839 285.019 96.4925 387.479 0 0.965025 
212.46 206.562 224.797 242.563 0 0.929735 
304.442 207.444 318.42 236.469 0 0.904605 
158.192 217.655 170.683 263.379 0 0.881691 
171.478 223.4 185.293 272.832 0 0.865277 
341.848 223.496 360.209 275.148 0 0.820354 
121.848 210.489 139.346 248.689 0 0.725178 
281.865 204.191 293.932 237.244 0 0.706681 
100.575 235.913 114.848 277.153 0 0.70138 
107.778 257.399 126.361 309.282 0 0.672015 
261.154 180.39 273.357 207.783 0 0.626547 
122.74 250.253 137.693 303.073 0 0.604653 
320.455 230.776 339.06 280.477 0 0.595152 
