161.467 257.639 180.309 307.747 0 0.884636 
269.997 206.405 283.708 242.267 0 0.854846 
362.966 207.538 375.951 241.418 0 0.820519 
318.112 180.483 331.08 207.858 0 0.784281 
390.842 236.365 406.59 276.572 0 0.780789 
212.968 218.199 224.209 262.507 0 0.763866 
339.83 204.068 352.569 236.589 0 0.7592 
157.29 230.835 174.381 270.737 0 0.668049 
227.127 221.978 240.978 272.692 0 0.638874 
177.509 209.381 194.469 245.846 0 0.597135 
53.2953 234.227 68.5316 268.031 0 0.556828 
309.668 182.862 321.675 208.406 0 0.525116 
