233.881 259.238 253.06 308.85 0 0.97552 
208.138 282.781 226.189 374.744 0 0.946543 
351.085 206.865 363.654 250 0 0.943801 
302.539 219.174 316.422 275.474 0 0.841527 
283.854 215.743 296.928 263.225 0 0.803921 
236.318 227.221 249.721 262.243 0 0.724746 
41.9569 388.221 62.5266 416.252 0 0.691892 
2.71046 377.619 33.7002 414.886 0 0.605024 
252.789 209.414 267.469 245.277 0 0.601421 
34.2996 332.3 54.6218 395.783 0 0.574728 
397.178 181.69 409.101 210.27 0 0.56425 
127.044 227.19 141.617 277.083 0 0.557502 
268.992 193.831 277.329 213.821 0 0.555138 
181.778 242.712 194.923 280.36 0 0.515124 
