221.152 283.154 239.061 378.742 0 0.992109 
367.163 206.972 380.108 250.892 0 0.954065 
246.946 255.781 263.178 308.894 0 0.912367 
13.8609 363.256 40.3749 413.188 0 0.899886 
317.464 219.06 329.767 276.452 0 0.895755 
43.9514 320.672 72.4314 396.176 0 0.877377 
225.359 215.927 237.903 263.822 0 0.864134 
297.967 216.233 310.254 264.505 0 0.838706 
283.131 191.401 292.83 219.778 0 0.665496 
266.03 206.568 281.85 246.592 0 0.649328 
0 339.607 19.9823 413.144 0 0.632223 
401.502 182.469 412.05 210.916 0 0.61211 
251.148 225.416 263.884 266.022 0 0.608463 
43.1077 373.209 72.46 414.951 0 0.522052 
