230.394 279.254 249.111 378.808 0 0.991566 
375.709 208.411 388.693 254.276 0 0.986685 
0.0666389 229.634 9.09603 290.348 0 0.956374 
325.557 219.049 336.893 276.045 0 0.94611 
254.559 254.009 269.764 306.933 0 0.937601 
50.0882 310.71 79.0767 371.195 0 0.876964 
258.469 225.626 269.587 263.693 0 0.864709 
306.231 213.925 317.646 265.409 0 0.86109 
234.323 214.809 245.449 265.41 0 0.823541 
24.1978 351.572 48.4455 407.937 0 0.797236 
273.798 206.992 286.875 246.56 0 0.757016 
142.12 229.758 163.133 279.766 0 0.711974 
62.5277 199.847 69.3827 219.961 0 0.657301 
205.036 245.268 216.073 290.161 0 0.541437 
270.285 235.274 282.447 301.665 0 0.534878 
