238.38 213.767 249.72 266.8 0 0.986154 
381.095 208.8 392.882 254.966 0 0.98067 
233.114 277.37 247.638 380.908 0 0.973375 
327.254 216.154 339.597 279.216 0 0.969572 
256.676 247.571 271.135 306.2 0 0.963925 
308.826 213.711 320.202 266.297 0 0.961955 
2.28968 234.57 12.5521 283.813 0 0.918554 
295.113 190.69 303.387 220.715 0 0.900409 
65.698 202.474 72.403 221.071 0 0.877917 
271.566 244.293 284.333 300.602 0 0.811552 
277.515 208.839 289.332 246.988 0 0.79414 
262.028 225.305 273.555 263.803 0 0.793791 
207.413 242.01 219.796 293.109 0 0.788747 
144.242 233.581 158.099 269.413 0 0.69958 
53.3541 310.905 85.9214 367.925 0 0.69354 
57.4987 365.484 85.8786 415.052 0 0.565089 
