382.763 206.976 393.91 256.789 0 0.984021 
308.647 211.443 320.499 268.435 0 0.982353 
232.674 276.773 248.507 381.153 0 0.982272 
327.332 217.22 339.5 277.966 0 0.977498 
239.734 214.356 251.66 265.631 0 0.949207 
256.329 248.881 270.659 307.708 0 0.939151 
296.61 191.407 303.964 218.851 0 0.934579 
67.1337 201.058 73.6344 222.059 0 0.808632 
30.7765 365.001 56.7465 414.065 0 0.796879 
277.999 207.42 288.517 256.079 0 0.736684 
3.09768 233.185 13.2213 280.995 0 0.686471 
207.564 244.293 219.941 289.898 0 0.677332 
141.778 235.212 155.676 276.223 0 0.67422 
271.756 227.656 285.779 304.986 0 0.607678 
9.03257 365.603 35.4405 413.417 0 0.51295 
139.24 231.933 160.315 285.287 0 0.512125 
