232.445 274.846 248.958 382.121 0 0.982423 
383.88 206.77 394.33 257.072 0 0.979945 
309.374 214.677 320.685 265.333 0 0.979249 
255.683 247.655 270.03 308.649 0 0.946835 
326.881 217.476 338.452 277.939 0 0.945533 
297.293 191.055 303.906 219.928 0 0.878202 
240.89 213.908 252.168 265.994 0 0.870819 
135.947 235.923 149.054 276.577 0 0.771524 
271.868 234.992 284.205 304.263 0 0.705705 
2.97848 232.338 12.5538 280.76 0 0.64603 
261.591 227.643 273.153 262.345 0 0.628728 
25.7057 365.838 56.4555 414.61 0 0.608986 
70.549 206.232 75.8529 221.929 0 0.579686 
277.432 207.799 288.232 248.865 0 0.538743 
208.669 243.392 220.41 299.719 0 0.538561 
