309.443 214.414 321.467 265.592 0 0.979957 
232.389 270.236 249.579 385.272 0 0.973853 
255.026 243.951 269.454 308.685 0 0.965488 
326.187 216.556 338.814 278.24 0 0.953278 
384.246 208.366 396.227 255.163 0 0.951629 
297.872 192.442 304.819 221.344 0 0.944162 
132.347 234.873 143.361 277.202 0 0.84305 
272.464 227.632 284.567 305.317 0 0.836466 
241.225 212.419 252.246 268.152 0 0.780186 
3.0124 233.331 12.2624 284.249 0 0.711995 
206.815 244.282 223.274 307.165 0 0.675705 
260.752 227.71 271.581 259.844 0 0.589994 
277.035 209.19 287.472 245.857 0 0.583926 
71.9022 205.857 77.1743 221.803 0 0.55162 
