231.38 274.427 249.964 384.325 0 0.992473 
310.327 215.542 321.88 265.063 0 0.982707 
255.022 248.514 270.48 311.83 0 0.980945 
385.621 210.429 397.176 255.424 0 0.967894 
297.363 193.047 306.091 222.773 0 0.960115 
326.197 217.5 337.172 278.174 0 0.953316 
72.9752 202.88 78.9901 221.532 0 0.922074 
273.732 231.644 286.203 300.992 0 0.903757 
125.812 241.238 136.925 279.56 0 0.891354 
241.634 216.873 254.163 269.087 0 0.88179 
276.33 208.073 288.489 245.62 0 0.807346 
1.722 231.743 11.6284 287.713 0 0.78366 
260.28 227.498 271.785 259.907 0 0.760803 
24.7097 354.451 51.1258 413.725 0 0.704256 
0.766582 356.619 11.4304 419.856 0 0.562915 
