231.813 268.502 252.671 388.6 0 0.987804 
255.978 232.567 273.431 313.325 0 0.98407 
326.54 217.187 337.25 278.398 0 0.973161 
312.409 214.039 322.867 264.714 0 0.971762 
388.514 210.891 400.363 254.888 0 0.967564 
277.707 228.649 291.704 299.306 0 0.965248 
298.934 194.812 309.56 224.744 0 0.92901 
246.693 215.486 258.268 271.171 0 0.91188 
116.711 253.361 130.795 284.566 0 0.901013 
77.556 200.239 85.6993 222.856 0 0.853282 
277.042 207.655 289.252 246.157 0 0.743136 
25.122 366.754 54.3527 414.816 0 0.658223 
74.9238 201.449 82.5019 222.048 0 0.620556 
0.0956631 344.465 21.7973 412.9 0 0.61863 
