230.678 268.691 251.113 386.166 0 0.993442 
312.825 214.85 324.324 264.738 0 0.96729 
390.629 209.524 402.325 255.045 0 0.958474 
79.4928 202.786 86.857 221.609 0 0.95445 
256.817 236.071 275.432 309.442 0 0.950077 
326.54 216.494 336.996 279.24 0 0.947575 
279.237 228.639 293.49 298.386 0 0.890589 
247.151 215.941 258.089 265.918 0 0.88618 
302.427 193.514 311.492 222.563 0 0.796722 
3.16425 232.232 12.6043 285.26 0 0.680784 
22.981 363.994 49.7101 414.83 0 0.658333 
0.0633049 335.544 19.2605 414.915 0 0.640126 
58.4055 343.784 83.4197 413.823 0 0.599696 
116.441 253.297 129.86 286.321 0 0.531222 
