230.477 271.804 252.036 386.851 0 0.994061 
390.994 209.643 403.268 257.059 0 0.985405 
259.556 252.214 276.787 309.036 0 0.947667 
326.317 219.346 336.881 277.562 0 0.930631 
246.885 214.961 258.423 272.157 0 0.929768 
314.436 217.908 325.271 261.863 0 0.91819 
278.888 234.969 295.672 297.162 0 0.896604 
303.972 193.044 311.496 222.52 0 0.828894 
81.9326 203.104 88.8594 223.477 0 0.804698 
277.71 207.293 289.936 246.908 0 0.747131 
116.725 252.735 128.847 286.224 0 0.693886 
4.2414 227.715 13.0433 289.905 0 0.634053 
0.388176 330.829 21.6368 414.7 0 0.52976 
