228.28 272.58 256.379 385.2 0 0.986902 
391.087 210.093 404.123 260.047 0 0.97642 
325.935 218.207 336.125 279.005 0 0.954298 
246.754 215.586 258.238 273.823 0 0.949357 
259.975 251.277 275.859 310.069 0 0.875626 
279.386 234.904 295.892 289.779 0 0.870232 
314.553 218.622 325.196 261.671 0 0.844768 
277.168 209 289.64 246.685 0 0.817599 
0.192488 334.66 19.3709 413.713 0 0.803062 
58.6105 335.03 82.5855 414.372 0 0.729492 
27.1181 361.284 50.6692 414.14 0 0.727038 
116.031 251.927 131.172 284.071 0 0.720073 
85.9943 204.282 92.7852 221.918 0 0.554039 
304.026 194.604 311.423 225.01 0 0.519771 
