230.105 271.727 249.526 385.61 0 0.984718 
390.174 210.635 402.041 256.13 0 0.964963 
244.056 217.899 257.284 271.116 0 0.951087 
322.525 219.821 334.04 278.834 0 0.924355 
278.98 230.53 293.56 296.054 0 0.910191 
258.651 251.699 274.258 308.431 0 0.884465 
301.345 192.83 310.863 223.241 0 0.861188 
0.210499 325.563 17.5341 412.595 0 0.805889 
274.068 207.054 285.938 247.286 0 0.805762 
313.503 219.81 322.518 260.624 0 0.801256 
26.6579 367.405 55.5688 414.922 0 0.729767 
113.834 246.046 132.818 285.158 0 0.659865 
83.122 200.545 90.9725 222.931 0 0.53527 
