319.34 218.051 331.572 280.541 0 0.995545 
386.286 213.236 399.049 260.548 0 0.974044 
225.011 280.171 243.072 380.487 0 0.956153 
276.777 229.226 293.509 294.269 0 0.930849 
298.925 196.129 308.361 226.094 0 0.877556 
270.891 209.334 282.569 248.312 0 0.863764 
311.22 219.618 321.984 261.576 0 0.834275 
255.094 241.106 275.484 303.85 0 0.789586 
84.0085 202.631 90.8117 223.548 0 0.729888 
23.8793 365.776 53.1397 414.199 0 0.657344 
55.2464 337.001 78.3169 414.499 0 0.646877 
241.024 219.69 252.655 261.143 0 0.586486 
