316.377 220.157 329.71 284.162 0 0.986469 
223.691 283.235 242.182 384.624 0 0.968654 
386.229 212.689 397.599 261.831 0 0.961181 
239.125 220.781 249.943 267.338 0 0.950371 
296.075 194.784 306.038 224.534 0 0.946527 
276.373 232.124 291.487 290.268 0 0.875034 
254.897 243.614 271.338 307.633 0 0.868704 
83.6693 201.608 90.7367 225.66 0 0.80239 
310.04 221.358 321.028 260.822 0 0.771312 
269.097 211.403 280.635 253.854 0 0.764796 
14.4329 360.501 40.2426 412.946 0 0.71206 
216.373 239.175 227.808 312.56 0 0.703389 
117.865 241.009 133.162 284.009 0 0.644531 
407.058 193.177 415.597 220.141 0 0.566775 
44.2636 336.928 68.6728 413.806 0 0.531441 
