220.982 284.757 237.622 384.294 0 0.985791 
385.353 213.626 397.129 258.911 0 0.982971 
238.527 218.584 248.666 266.362 0 0.968572 
294.55 192.665 303.025 224.923 0 0.958385 
252.668 237.141 270.817 305.642 0 0.931013 
274.24 230.587 289.646 292.598 0 0.917624 
215.689 243.857 226.977 303.155 0 0.863502 
122.314 241.381 134.386 278.963 0 0.8002 
265.883 208.647 278.072 255.428 0 0.78363 
315.389 221.52 327.22 279.87 0 0.724259 
309.494 228.546 322.822 275.644 0 0.670147 
81.2757 200.108 92.4013 225.068 0 0.566925 
45.2241 338.857 69.7341 414.736 0 0.527758 
12.4259 352.52 40.2696 414.208 0 0.52509 
