216.534 282.865 233.517 384.679 0 0.992677 
383.366 214.363 396.314 260.551 0 0.990306 
309.254 219.749 322.304 283.924 0 0.989387 
272.911 228.313 287.54 293.239 0 0.965071 
251.965 233.978 268.535 309.341 0 0.92406 
11.8663 362.898 39.5967 413.252 0 0.889866 
235.399 221.824 245.304 271.297 0 0.873023 
124.897 242.897 136.684 279.57 0 0.82622 
292.168 194.934 300.188 225.224 0 0.785068 
263.004 211.176 274.204 253.998 0 0.747928 
214.47 246.761 225.816 303.348 0 0.669478 
309.431 217.18 318.944 235.361 0 0.541318 
