208.096 279.675 223.984 384.995 0 0.983137 
300.524 221.823 313.747 281.035 0 0.980017 
375.623 216.835 388.039 263.086 0 0.97154 
244.558 239.603 259.484 309.395 0 0.963694 
266.839 232.907 281.599 292.609 0 0.951849 
283.538 196.063 291.5 227.754 0 0.924842 
394.174 196.248 402.452 225.836 0 0.729613 
228.324 219.493 238.091 271.487 0 0.678465 
124.525 238.808 141.162 288.917 0 0.62492 
406.758 192.909 412.114 215.484 0 0.624266 
27.726 363.307 58.1869 412.988 0 0.567964 
208.961 243.708 220.281 308.963 0 0.562242 
400.572 182.153 406.4 196.795 0 0.536432 
253.875 214.006 264.112 258.632 0 0.532411 
