203.029 278.792 218.025 390.009 0 0.978007 
370.81 217.996 383.438 260.286 0 0.976672 
125.667 242.302 139.215 288.182 0 0.966753 
294.28 229.179 307.572 280.812 0 0.960175 
223.286 217.143 233.551 279.074 0 0.944709 
240.335 247.006 253.232 308.947 0 0.943419 
262.466 233.498 276.559 294.845 0 0.925581 
0.237053 364.167 24.2924 412.222 0 0.90206 
399.71 190.81 406.647 219.436 0 0.873988 
277.558 197.374 284.788 226.177 0 0.85547 
388.825 195.076 396.883 227.33 0 0.773764 
205.706 251.303 217.592 300.787 0 0.682314 
18.3154 363.222 45.1709 413.036 0 0.664527 
246.369 215.269 258.927 249.367 0 0.622077 
301.388 217.541 310.711 256.654 0 0.568082 
241.965 228.79 256.704 306.509 0 0.560766 
