366.278 217.531 377.766 262.335 0 0.979265 
234.179 248.124 247.92 308.8 0 0.969772 
258.659 233.324 272.474 295.06 0 0.950696 
271.308 195.051 279.102 227.657 0 0.943995 
197.472 281.775 212.29 388.309 0 0.940045 
383.491 198.13 392.245 228.618 0 0.830924 
124.703 246.264 138.971 290.3 0 0.829193 
288.47 227.165 300.481 280.254 0 0.823413 
217.336 220.276 228.012 276.76 0 0.804396 
394.253 191.799 401.29 219.103 0 0.730894 
292.57 229.662 305.037 280.66 0 0.707863 
12.9555 353.899 39.4458 413.562 0 0.669113 
245.098 233.793 255.631 288.882 0 0.635991 
241.315 217.641 254.04 253.412 0 0.621443 
200.423 253.034 212.578 299.879 0 0.520145 
