189.991 283.681 206.83 388.599 0 0.980717 
359.708 218.083 372.42 261.96 0 0.966675 
228.298 249.735 242.841 309.877 0 0.941563 
255.949 234.302 269.346 292.686 0 0.926054 
284.827 229.71 297.792 281.614 0 0.917571 
403.062 221.603 414.353 263.672 0 0.784593 
293.845 217.286 304.24 256.35 0 0.775002 
236.069 217.531 248.652 256.939 0 0.759864 
124.979 237.79 141.769 285.748 0 0.756223 
265.236 194.296 271.78 227.576 0 0.730853 
214.28 222.828 223.252 259.007 0 0.724571 
197.558 252.659 209.725 307.527 0 0.656929 
389.665 192.752 396.008 218.077 0 0.604838 
0.528007 338.034 21.5256 414.35 0 0.597452 
239.83 233.479 250.318 286.008 0 0.569197 
377.595 201.539 385.095 220.552 0 0.518993 
