222.602 247.136 236.098 305.932 0 0.987972 
354.749 219.653 367.308 261.747 0 0.98411 
278.237 229.195 291.707 281.895 0 0.954526 
185.096 283.956 201.154 388.643 0 0.940811 
251.38 235.207 267.167 292.345 0 0.940141 
229.751 216.784 240.785 261.875 0 0.930139 
395.724 222.322 406.747 263.493 0 0.911442 
236.628 225.539 248.548 294.094 0 0.876217 
383.541 192.385 390.03 217.387 0 0.863722 
289.098 215.47 300.064 257.484 0 0.820686 
208.909 223.325 218.221 266.901 0 0.720228 
258.48 198.786 265.453 226.222 0 0.707288 
192.655 256.273 204.403 303.62 0 0.660167 
375.876 184.676 382.239 203.803 0 0.626498 
128.068 243.827 140.116 285.129 0 0.601767 
195.352 255.914 207.483 313.599 0 0.52225 
