349.938 217.928 361.497 262.896 0 0.9929 
177.788 285.902 195.468 388.563 0 0.99066 
216.626 248.366 228.284 309.889 0 0.974866 
273.193 226.956 285.905 282.934 0 0.957702 
385.25 220.23 397.576 262.122 0 0.940889 
285.572 215.94 295.781 257.351 0 0.937631 
365.971 202.345 376.356 230.229 0 0.907059 
250.182 200.583 259.43 227.996 0 0.894204 
127.881 236.511 140.664 278.101 0 0.876704 
370.598 185.947 376.234 203.883 0 0.846303 
377.695 191.382 384.366 218.842 0 0.820525 
222.717 219.31 234.541 260.663 0 0.805692 
231.955 224.504 243.231 296.714 0 0.784034 
0.651363 338.703 23.303 413.046 0 0.696782 
190.433 255.589 201.404 303.896 0 0.68708 
245.379 233.998 260.059 292.529 0 0.668377 
249.604 234.846 263.54 288.085 0 0.646272 
190.66 265.174 203.362 317.574 0 0.501067 
