169.365 289.667 189.385 392.076 0 0.992623 
342.747 220.818 354.22 265.041 0 0.992079 
375.091 221.247 387.381 261.626 0 0.988738 
267.42 226.848 279.938 283.875 0 0.969755 
280.213 214.011 290.54 253.198 0 0.900017 
243.133 235.92 258.268 290.727 0 0.887764 
208.29 250.534 221.994 306.717 0 0.877596 
358.243 204.296 367.21 233.424 0 0.873746 
227.323 229.161 241.197 292.67 0 0.869686 
126.333 236.424 139.636 276.713 0 0.849868 
363.333 187.257 369.04 203.668 0 0.82992 
370.967 196.68 377.266 218.374 0 0.816384 
183.2 253.205 197.235 308.59 0 0.812798 
241.914 202.727 252.009 229.063 0 0.786962 
197.843 226.522 209.039 269.263 0 0.622792 
216.142 218.876 227.611 261.931 0 0.599279 
