335.1 220.757 347.346 267.042 0 0.990767 
163.057 293.685 181.478 390.547 0 0.989179 
179.341 253.913 192.298 314.883 0 0.968269 
274.347 213.863 285.773 255.814 0 0.958449 
238.8 234.195 253.601 293.259 0 0.954996 
261.589 225.732 273.618 286.063 0 0.954075 
364.486 227.649 376.933 267.026 0 0.911768 
201.378 252.404 216.048 308.571 0 0.864044 
221.805 230.965 235.771 293.525 0 0.799535 
234.359 202.401 243.622 229.935 0 0.783291 
351.026 204.63 359.561 234.132 0 0.637242 
208.32 221.972 220.118 264.755 0 0.61232 
126.735 238.805 137.468 279.497 0 0.583855 
191.545 230.04 202.852 273.349 0 0.529995 
363.334 197.269 369.862 218.058 0 0.525799 
