154.799 294.275 173.672 395.132 0 0.996873 
255.22 223.241 266.872 289.55 0 0.992767 
327.263 220.436 340.323 268.117 0 0.989916 
270.173 215.798 279.927 257.439 0 0.989693 
174.107 248.7 187.545 316.29 0 0.971999 
235.19 232.548 248.883 294.805 0 0.963164 
195.502 248.817 209.15 310.207 0 0.930646 
218.464 233.969 230.129 289.158 0 0.924626 
353.4 225.839 366.587 264.704 0 0.774508 
350.83 187.626 356.846 204.732 0 0.71604 
226.9 201.861 235.084 231.804 0 0.714033 
201.119 223.513 212.172 272.877 0 0.569816 
