146.926 294.586 166.623 395.406 0 0.992668 
321.045 221.855 334.366 267.634 0 0.992535 
213.57 231.08 226.109 295.613 0 0.974153 
248.115 231.001 260.004 287.968 0 0.964899 
264.747 216.041 274.984 257.286 0 0.946642 
228.897 234.831 244.469 297.444 0 0.944831 
167.418 251.536 182.08 319.87 0 0.934058 
188.48 251.555 203.026 306.987 0 0.916831 
343.613 189.204 349.259 205.885 0 0.89765 
342.022 222.563 355.651 265.061 0 0.897431 
351.221 198.096 357.727 220.88 0 0.758137 
193.269 226.373 204.321 269.007 0 0.70466 
219.101 202.318 226.577 235.287 0 0.611378 
182.956 230.974 193.69 274.245 0 0.610402 
125.56 241.411 136.271 278.71 0 0.551594 
