388.041 238.27 400.896 280.522 0 0.988558 
288.078 222 296.171 256.208 0 0.980561 
210.658 313.284 229.216 405.745 0 0.973897 
371.675 209.718 377.069 229.435 0 0.968206 
410.266 205.144 415.575 222.363 0 0.892817 
225.595 272.211 242.144 327.487 0 0.884233 
207.637 245.349 217.606 291.552 0 0.824789 
174.339 256.651 186.026 318.308 0 0.822646 
210.598 270.429 226.562 322.743 0 0.812114 
57.3082 260.42 67.8846 315.01 0 0.738288 
241.844 275.696 260.207 333.287 0 0.70419 
143.669 265.81 164.485 324.784 0 0.554085 
111.106 248.219 124.78 290.654 0 0.525763 
