391.213 236.27 402.927 278.272 0 0.994792 
249.768 277.799 270.029 349.107 0 0.988039 
289.546 220.864 297.681 254.303 0 0.974082 
410.266 204.603 415.474 222.556 0 0.932795 
372.054 209.493 377.05 228.437 0 0.881974 
212.686 297.078 230.061 410.442 0 0.869739 
374.651 208.916 379.892 228.444 0 0.860869 
108.519 252.163 119.139 285.207 0 0.825345 
174.514 257.009 185.891 319.3 0 0.799348 
58.4309 259.49 69.2471 312.194 0 0.725879 
206.547 247.559 216.941 295.064 0 0.72529 
208.741 276.6 223.135 321.038 0 0.684462 
221.895 277.637 234.551 323.639 0 0.52869 
