255.804 281.301 279.09 358.337 0 0.988095 
393.912 238.781 404.749 279.055 0 0.97309 
291.026 221.662 299.381 254.026 0 0.95119 
375.255 210.072 380.205 227.118 0 0.939687 
204.289 248.795 216.393 293.179 0 0.919857 
410.677 205.018 415.519 221.764 0 0.894065 
210.495 286.913 228.369 404.144 0 0.886755 
103.672 255.606 117.198 296.144 0 0.833618 
173.533 256.166 184.775 320.118 0 0.813814 
57.3444 261.058 69.5813 313.179 0 0.800817 
141.99 267.641 158.834 331.909 0 0.712954 
162.714 256.828 177.962 326.709 0 0.68473 
372.021 210.886 376.66 227.134 0 0.596314 
216.082 261.233 227.338 291.698 0 0.591049 
