374.721 208.76 380.926 228.468 0 0.96483 
291.743 220.583 299.714 255.802 0 0.964806 
266.796 281.985 285.429 357.917 0 0.964651 
394.061 238.046 405.207 278.452 0 0.942734 
410.995 204.298 415.627 222.171 0 0.906352 
101.499 256.239 116.645 295.794 0 0.89732 
210.78 294.083 228.319 404.351 0 0.884128 
57.0242 265.005 69.7579 312.603 0 0.833498 
161.916 256.332 177.78 329.189 0 0.746451 
205.376 246.378 215.429 291.637 0 0.656183 
201.653 245.102 211.376 292.274 0 0.574281 
137.55 264.632 157.506 331.578 0 0.57072 
