275.973 281.465 294.578 358.543 0 0.983707 
375.362 209.456 381.26 228.742 0 0.961534 
394.9 238.181 405.165 278.683 0 0.943171 
99.3415 255.147 115.799 296.436 0 0.926017 
211.148 316.67 227.827 414.456 0 0.905527 
291.841 221.502 300.149 254.457 0 0.879971 
411.476 204.235 415.771 223.171 0 0.850326 
164.288 257.063 178.572 325.328 0 0.748802 
56.7117 265.72 68.6423 311.277 0 0.67694 
201.177 243.696 210.54 290.8 0 0.575811 
206.25 245.414 216.377 290.433 0 0.532816 
207.358 267.527 224.083 355.003 0 0.505568 
