274.401 285.309 305.515 363.012 0 0.974299 
375.94 208.805 381.725 228.285 0 0.974237 
210.151 319.383 227.649 412.875 0 0.971338 
292.022 221.282 300.555 253.407 0 0.929941 
396.29 238.212 407.056 274.885 0 0.912335 
411.132 203.886 415.794 223.647 0 0.867342 
100.118 253.138 113.486 291.821 0 0.784756 
199.31 247.255 209.238 290.413 0 0.666361 
56.2915 265.168 69.4495 311.03 0 0.664049 
163.796 258.374 178.208 325.379 0 0.607803 
209.47 243.285 217.872 279.44 0 0.531277 
208.33 273.087 225.721 345.337 0 0.515229 
