276.804 283.838 315.439 367.087 0 0.992607 
376.775 208.359 381.749 228.185 0 0.982845 
397.293 236.237 407.74 276.501 0 0.968546 
292.034 220.905 300.722 253.839 0 0.95249 
209.528 318.975 227.993 413.91 0 0.925825 
410.898 204.421 415.589 222.064 0 0.885218 
97.6173 251.775 110.922 296.296 0 0.862444 
159.871 263.603 177.415 329.008 0 0.819093 
55.9398 265.446 70.6482 311.121 0 0.748299 
129.888 266.728 151.05 328.905 0 0.612962 
196.479 249.368 208.135 294.367 0 0.603418 
208.75 245.04 218.926 284.535 0 0.557748 
164.948 245.562 176.412 275.743 0 0.517222 
119.892 245.153 133.044 291.537 0 0.501543 
