297.955 279.306 315.749 363.616 0 0.996347 
398.184 236.545 408.827 277.044 0 0.989979 
376.854 207.711 382.663 228.513 0 0.980431 
208.279 317.767 228.422 415.593 0 0.948232 
293.248 220.462 301.337 253.364 0 0.932094 
197.402 275.827 211.94 353.024 0 0.861092 
411.132 203.995 415.866 222.159 0 0.843427 
160.227 260.712 174.79 331.339 0 0.758789 
56.9531 264.292 70.66 315.24 0 0.748401 
96.6404 251.025 109.098 297.275 0 0.664049 
191.962 247.89 204.505 292.044 0 0.651423 
208.473 244.149 218.531 292.074 0 0.623803 
165.023 265.766 176.685 318.173 0 0.572359 
195.326 251.809 209.253 296.2 0 0.561822 
