398.137 236.548 409.028 276.879 0 0.993517 
304.474 277.349 323.046 364.455 0 0.992369 
377.15 207.67 382.374 228.787 0 0.97857 
208.222 317.256 229.275 416.355 0 0.97623 
293.465 220.127 301.229 255.168 0 0.949922 
197.113 280.701 210.373 351.975 0 0.927434 
190.491 250.397 202.637 293.174 0 0.919964 
57.7661 264.217 70.1608 315.481 0 0.859471 
411.254 202.917 415.79 222.335 0 0.842474 
207.376 247.413 217.955 288.802 0 0.839342 
215.269 275.82 228.955 331.789 0 0.828545 
163.574 264.656 175.568 327.267 0 0.773682 
