398.103 235.821 409.319 276.818 0 0.990376 
312.129 278.718 327.711 369.387 0 0.985126 
377.332 208.19 382.749 227.567 0 0.980909 
210.201 320.019 229 414.327 0 0.980142 
195.999 282.428 211.011 357.124 0 0.952352 
189.519 251.127 202.629 292.763 0 0.951835 
293.336 220.725 301.308 255.529 0 0.948872 
411.158 203.27 415.791 222.507 0 0.889529 
207.116 247.853 217.996 288.09 0 0.848701 
163.599 262.782 175.823 328.321 0 0.790867 
117.599 277.784 132.809 318.742 0 0.721939 
58.9277 263.024 70.5744 315.694 0 0.676063 
215.005 274.386 229.693 336.723 0 0.558153 
