315.735 289.627 340.732 376.784 0 0.997349 
398.309 235.958 409.743 276.6 0 0.989184 
197.02 276.601 211.581 355.227 0 0.987246 
377.779 208.061 383.164 227.466 0 0.975618 
209.913 318.956 228.238 414.113 0 0.950647 
163.558 263.628 176.321 330.568 0 0.935447 
293.63 220.961 301.972 252.755 0 0.927284 
187.906 252.442 200.993 292.295 0 0.894229 
411.287 203.199 415.658 221.974 0 0.870546 
59.3998 262.441 71.4444 312.877 0 0.831162 
207.328 246.828 217.203 283.199 0 0.754175 
114.173 277.452 128.8 309.734 0 0.691495 
141.712 264.567 156.123 304.3 0 0.544141 
