194.11 276.37 209.641 356.838 0 0.990988 
317.639 292.392 354.334 377.489 0 0.990329 
398.969 235.251 410.139 277.017 0 0.981492 
209.535 318.589 228.863 414.799 0 0.979634 
377.863 207.399 383.544 227.967 0 0.969977 
293.921 220.436 302.009 255.788 0 0.958907 
411.279 202.449 415.788 222.97 0 0.886389 
186.118 250.29 197.409 293.791 0 0.880742 
59.8071 261.5 71.6924 314.315 0 0.858392 
109.338 273.355 125.505 319.424 0 0.809077 
214.819 273.057 232.021 346.549 0 0.736979 
206.85 246.536 217.014 282.822 0 0.692832 
163.747 262.067 176.145 333.481 0 0.63428 
216.891 255.916 226.006 285.167 0 0.59463 
