320.886 290.4 355.244 376.833 0 0.997804 
195.111 280.125 209.671 357.224 0 0.989661 
399.339 237.139 411.185 275.293 0 0.961125 
294.128 222.274 303.002 256.535 0 0.953972 
210.595 319.48 228.425 414.008 0 0.942657 
378.037 205.773 383.466 226.366 0 0.902128 
59.7937 261.321 72.3443 315.003 0 0.89962 
108.152 266.975 125.579 320.569 0 0.89782 
183.838 250 195.354 294.293 0 0.86555 
164.888 268.048 177.635 333.393 0 0.842629 
411.788 201.54 415.722 222.032 0 0.839275 
216.813 270.635 233.645 350.951 0 0.772299 
205.844 246.229 216.208 282.954 0 0.712196 
215.196 257.859 224.981 293.578 0 0.642405 
