330.678 283.723 357.03 376.47 0 0.996693 
195.344 276.245 211.342 356.237 0 0.99042 
294.112 222.175 303.921 256.753 0 0.978113 
399.485 238.931 411.899 274.259 0 0.965542 
210.285 319.542 228.749 414.556 0 0.951755 
217.044 271.258 235.159 348.75 0 0.919945 
59.9387 260.553 72.8824 316.223 0 0.906562 
107.042 263.517 124.219 324.625 0 0.878635 
378.088 206.758 383.512 226.34 0 0.865329 
411.557 201.406 415.65 223.355 0 0.85042 
162.627 258.906 178.401 336.439 0 0.833107 
181.154 250.626 193.344 293.709 0 0.813502 
213.832 257.667 223.504 297.257 0 0.593251 
205.737 246.925 217.173 290.377 0 0.566773 
130.253 261.276 150.844 329.469 0 0.520683 
