338.744 278.117 364.703 374.017 0 0.996679 
195.73 273.68 212.137 354.896 0 0.987118 
296.312 220.739 304.162 255.042 0 0.976859 
209.773 319.003 228.631 415.533 0 0.972442 
219.348 271.483 236.205 346.111 0 0.946657 
400.528 238.813 412.092 274.493 0 0.944272 
60.3352 260.747 73.3641 316.045 0 0.923099 
378.436 208.538 383.745 227.748 0 0.921426 
163.797 272.603 180.806 334.979 0 0.86785 
180.342 249.665 191.287 294.042 0 0.864473 
411.927 201.714 415.731 222.533 0 0.834383 
106.728 262.551 123.931 320.982 0 0.702005 
130.765 260.405 147.664 325.417 0 0.618679 
