337.216 280.153 370.435 373.571 0 0.996177 
196.609 274.324 213.051 353.094 0 0.980043 
401.324 239.048 413.3 274.883 0 0.97647 
296.634 222.228 305.505 256.461 0 0.973523 
211.381 315.993 228.659 412.255 0 0.953092 
379.018 208.432 384.043 227.263 0 0.946106 
219.293 270.466 238.221 347.458 0 0.911969 
411.535 202.227 415.773 222.516 0 0.892909 
60.3536 262.308 73.6056 313.209 0 0.883492 
161.917 269.453 181.485 335.197 0 0.879974 
105.985 259.353 125.282 324.454 0 0.797064 
178.017 250.458 190.803 296.586 0 0.706392 
142.341 254.686 155.567 297.28 0 0.536668 
205.557 254.565 220.069 295.217 0 0.507702 
