343.827 287.483 380.267 376.653 0 0.997056 
297.399 220.625 305.806 254.601 0 0.985236 
197.529 275.231 213.729 347.935 0 0.971806 
378.801 208.702 383.687 226.982 0 0.965535 
211.675 318.345 227.844 409.208 0 0.949937 
163.001 261.822 180.96 332.559 0 0.934352 
221.7 269.716 237.719 347.624 0 0.927087 
60.2969 262.095 73.6929 313.411 0 0.889672 
402.617 238.053 413.833 274.935 0 0.878751 
411.376 202.894 415.715 221.892 0 0.872519 
205.961 249.947 218.111 294.684 0 0.783554 
110.194 260.953 124.472 309.729 0 0.548231 
177.018 254.208 188.232 299.398 0 0.504857 
