349.688 291.08 385.841 376.054 0 0.995332 
211.033 319.572 229.594 413.661 0 0.98771 
223.383 270.903 240.25 339.91 0 0.972319 
197.765 278.691 213.17 343.746 0 0.960915 
378.977 208.061 383.919 226.774 0 0.936467 
110.923 261.738 126.188 308.846 0 0.926026 
297.396 223.106 306.533 255.262 0 0.919455 
60.5677 261.514 73.4146 314.125 0 0.888838 
411.553 201.899 415.74 223.758 0 0.885697 
404.511 238.476 414.353 273.71 0 0.857142 
161.895 259.875 180.623 330.839 0 0.81518 
205.255 247.96 217.524 295.465 0 0.807548 
147.164 255.328 159.377 298.737 0 0.754039 
128.045 262.2 140.921 308.09 0 0.549006 
100.814 252.761 110.726 296.806 0 0.532689 
