352.661 286.414 387.868 371.875 0 0.998277 
210.838 320.172 230.495 413.695 0 0.989156 
224.645 270.975 242.056 340.108 0 0.987574 
379.065 208.148 383.91 226.841 0 0.949659 
297.087 224.791 307.904 255.525 0 0.946126 
197.666 277.596 213 343.689 0 0.917018 
60.5574 261.397 73.8566 313.87 0 0.858455 
411.516 202.633 415.782 223.573 0 0.854456 
163.161 260.3 180.418 332.447 0 0.828812 
405.219 238.679 414.75 273.651 0 0.825933 
204.513 248.247 216.542 291.184 0 0.666639 
113.806 262.692 128.701 307.677 0 0.541871 
101.715 253.827 112.61 298.138 0 0.520311 
