209.583 319.432 230.553 415.13 0 0.9953 
359.709 283.65 388.461 368.643 0 0.994343 
225.383 269.434 243.527 340.063 0 0.98624 
197.744 277.778 213.306 340.97 0 0.950288 
378.833 208.152 384.244 226.699 0 0.950158 
60.5416 260.388 74.041 314.527 0 0.920234 
298.141 225.753 310.279 255.596 0 0.89261 
163.758 258.579 178.772 330.088 0 0.832094 
170.315 256.34 185.228 331.477 0 0.829251 
406.317 237.563 415.26 274.868 0 0.806701 
412.1 201.437 415.944 224.469 0 0.771626 
204.833 250.883 216.902 292.842 0 0.593798 
159.528 258.685 170.698 323.311 0 0.547197 
116.329 261.105 129.886 307.293 0 0.512879 
100.907 266.136 112.778 299.984 0 0.503582 
