210.507 319.812 230.216 414.481 0 0.993784 
363.737 278.966 390.095 362.847 0 0.989701 
227.582 267.054 244.913 342.185 0 0.983175 
378.403 208.34 383.72 226.462 0 0.96228 
197.352 276.994 214.019 340.231 0 0.957479 
406.415 237.069 415.822 274.89 0 0.930564 
298.864 225.675 310.355 255.385 0 0.929755 
60.8055 261.76 73.8193 312.452 0 0.916669 
162.019 258.597 178.342 330.988 0 0.802518 
203.991 247.348 216.58 290.307 0 0.652239 
412.845 201.901 416.019 225.087 0 0.640235 
119.563 256.056 130.877 303.372 0 0.612229 
159.339 259.521 170.95 323.156 0 0.567805 
129.336 259.912 140.157 309.253 0 0.5293 
169.995 256.418 185.972 330.122 0 0.511814 
