363.912 282.103 393.431 359.31 0 0.993785 
210.305 320.72 229.169 414.278 0 0.992868 
378.268 208.15 383.583 226.502 0 0.964553 
229.251 265.759 245.31 341.956 0 0.956683 
197.674 279.95 216.299 339.484 0 0.913003 
159.521 262.745 173.85 324.691 0 0.912392 
299.773 224.707 310.983 255.25 0 0.908215 
406.696 237.528 416.055 274.957 0 0.864826 
61.6155 262.223 74.8959 312.274 0 0.839779 
203.305 246.163 216.789 290.842 0 0.730511 
169.854 268.893 186.228 326.881 0 0.709206 
121.827 256.45 141.16 332.791 0 0.686402 
412.45 204.171 416.029 224.119 0 0.603237 
102.474 254.163 114.585 296.921 0 0.543487 
170.021 249.677 179.923 285.025 0 0.503962 
