367.899 280.426 395.492 363.786 0 0.9977 
210.2 320.97 229.098 413.384 0 0.991281 
378.147 207.692 383.665 227.152 0 0.973898 
231.593 266.451 248.087 340.52 0 0.967414 
300.831 223.638 311.377 256.272 0 0.937486 
406.809 235.579 416.144 276.272 0 0.913334 
197.526 280.804 218.587 339.907 0 0.896152 
61.7796 260.983 75.1461 313.315 0 0.864212 
158.376 269.449 171.31 317.5 0 0.770917 
127.03 260.652 140.805 315.857 0 0.751748 
201.366 246.228 214.012 290.294 0 0.642693 
162.821 265.367 179.827 327.239 0 0.538574 
105.276 252.542 115.716 296.181 0 0.514949 
169.942 248.928 179.83 286.634 0 0.509865 
