373.116 277.108 395.448 363.185 0 0.992921 
209.163 319.729 228.701 413.992 0 0.992814 
233.944 267.491 251.6 340.624 0 0.988836 
378.37 208.159 383.647 226.746 0 0.969507 
302.541 223.116 310.872 255.703 0 0.954536 
197.496 284.96 214.778 339.73 0 0.903757 
407.743 235.025 416.044 275.714 0 0.880917 
62.6578 260.368 75.1572 314.507 0 0.861588 
167.476 259.236 184.01 329.389 0 0.845437 
106.672 246.956 115.806 276.813 0 0.596619 
158.319 264.604 170.306 320.122 0 0.534441 
204.967 245.496 215.129 292.15 0 0.526369 
132.393 285.516 145.309 315.307 0 0.521643 
