381.267 276.715 400.301 359.897 0 0.993065 
239.463 265.242 252.865 336.312 0 0.991439 
209.358 321.623 228.836 412.867 0 0.982803 
378.507 208.558 384.178 226.472 0 0.958963 
303.266 222.136 310.993 256.859 0 0.94496 
108.359 249.446 117.815 285.583 0 0.875235 
195.516 282.754 211.085 339.584 0 0.867723 
409.513 232.376 416.11 273.027 0 0.825038 
197.852 246.772 210.503 290.603 0 0.820274 
168.531 259.927 179.937 317.145 0 0.783916 
63.4437 262.151 76.4169 307.6 0 0.698954 
159.344 251.61 170.397 315.886 0 0.659565 
