384.55 277.615 404.454 359.974 0 0.99382 
210.651 323.817 228.087 411.234 0 0.968826 
303.308 219.969 311.786 255.281 0 0.968563 
243.809 266.104 256.815 327.814 0 0.963291 
193.67 255.022 208.269 345.173 0 0.915033 
378.643 207.473 384.219 224.888 0 0.845794 
67.7331 264.753 81.5554 306.254 0 0.811846 
110.178 251.833 120.953 291.123 0 0.796652 
131.912 256.354 142.006 304.613 0 0.744336 
165.51 248.316 178.773 311.603 0 0.573263 
198.658 248.992 209.082 303.15 0 0.543003 
410.316 229.377 416.011 274.422 0 0.504386 
