191.169 277.869 204.32 344.073 0 0.983364 
387.324 272.354 403.531 351.124 0 0.982041 
304.518 219.363 312.265 254.675 0 0.978853 
246.405 264.642 261.996 334.881 0 0.978233 
209.851 321.874 228.064 410.72 0 0.972262 
161.894 251.76 176.365 326.356 0 0.930119 
198.721 242.479 209.108 300.862 0 0.795357 
110.357 247.471 122.198 289.67 0 0.792665 
379.095 207.791 384.519 224.3 0 0.715603 
130.657 256.388 141.218 296.852 0 0.609478 
412.019 203.561 415.932 221.891 0 0.566586 
71.0877 258.464 84.6878 322.849 0 0.557519 
131.42 253.311 142.724 312.195 0 0.511546 
