388.255 271.678 404.2 350.235 0 0.985853 
209.561 321.436 228.9 413.047 0 0.984005 
304.582 219.078 312.92 254.24 0 0.981385 
190.023 277.025 204.816 341.806 0 0.975305 
248.204 264.449 263.765 335.647 0 0.973245 
379.406 205.183 384.989 223.025 0 0.931078 
161.372 268.473 176.706 327.209 0 0.863348 
199.246 240.67 210.129 297.856 0 0.845444 
110.394 248.067 121.799 288.82 0 0.739974 
72.5552 263.054 87.2907 317.421 0 0.720573 
130.761 254.389 141.184 298.34 0 0.623272 
412.069 204.748 416.082 221.48 0 0.620364 
