388.503 271.882 406.127 346.598 0 0.987892 
254.341 262.962 265.25 335.682 0 0.975079 
189.12 279.762 205.027 341.872 0 0.974569 
210.079 318.363 228.492 408.336 0 0.970491 
379.777 204.307 385.314 223.989 0 0.963502 
305.465 219.845 314.101 254.372 0 0.961555 
201.386 240.901 211.238 300.863 0 0.941992 
127.901 254.433 139.993 299.068 0 0.738386 
191.336 247.303 201.259 291.106 0 0.731982 
78.1181 262.496 91.6252 319.563 0 0.719966 
110.645 247.676 121.793 288.657 0 0.696252 
161.729 259.669 178.661 333.828 0 0.641233 
412.017 205.736 415.862 220.984 0 0.521693 
