209.701 317.069 229.064 414.359 0 0.992242 
388.934 266.915 405.591 342.756 0 0.96973 
379.62 204.687 385.178 223.439 0 0.959704 
256.139 263.775 268.02 330.584 0 0.937404 
187.826 282.196 206.511 343.508 0 0.936534 
305.954 220.761 314.661 253.703 0 0.934527 
80.2623 264.565 94.5033 319.106 0 0.910819 
127.797 255.374 139.344 297.644 0 0.864892 
190.945 244.264 200.858 291.172 0 0.864763 
203.121 238.571 213.067 298.876 0 0.818332 
110.686 247.82 122.089 289.455 0 0.722507 
164.095 301.886 180.593 343.066 0 0.580438 
162.314 259.87 179.691 335.988 0 0.538025 
412.307 205.466 416.038 222.223 0 0.523136 
