210.122 313.356 230.488 412.34 0 0.99393 
388.867 268.143 406.652 341.083 0 0.987928 
204.127 238.575 215.084 302.114 0 0.96791 
189.622 278.239 209.148 345.96 0 0.967876 
379.604 204.808 385.942 223.323 0 0.962459 
258.327 264.964 271.823 332.314 0 0.952058 
82.6233 264.369 96.0538 318.743 0 0.922506 
189.796 244.975 202.057 290.195 0 0.871691 
306.962 220.466 316.464 254.186 0 0.870753 
127.821 256.119 139.187 296.67 0 0.781306 
163.28 302.264 180.859 343.532 0 0.7804 
110.776 248.585 122.308 289.257 0 0.686674 
412.022 205.081 415.988 222.003 0 0.558128 
