387.536 272.76 407.199 339.318 0 0.993737 
209.18 313.027 229.672 411.658 0 0.992293 
379.69 203.973 385.596 223.241 0 0.967688 
204.272 240.117 215.986 301.306 0 0.958357 
187.818 245.431 200.514 297.667 0 0.913795 
308.809 219.773 317.376 254.562 0 0.911687 
83.8544 260.446 98.3088 318.952 0 0.909296 
192.789 282.566 210.835 339.899 0 0.877584 
259.768 268.713 275.593 330.115 0 0.875084 
126.985 254.78 140.075 305.381 0 0.787217 
110.826 247.975 122.616 290.348 0 0.780958 
412.09 206.217 416.026 221.797 0 0.584056 
