389.081 279.27 409.339 340.502 0 0.991906 
209.547 308.267 230.833 414.281 0 0.987441 
204.626 240.098 217.178 295.657 0 0.964181 
308.983 219.719 317.796 254.631 0 0.957615 
379.453 204.885 385.469 222.583 0 0.956431 
187.681 243.543 199.747 299.018 0 0.869436 
166.549 288.157 180.956 342.021 0 0.767233 
86.6953 260.635 100.472 316.097 0 0.711948 
260.802 274.178 278.334 324.474 0 0.682859 
126.928 255.317 140.347 303.471 0 0.665103 
194.226 290.787 213.34 340.086 0 0.638739 
172.591 247.151 184.946 298.412 0 0.619108 
382.239 204.45 387.63 222.537 0 0.618397 
412.591 204.89 416.133 220.411 0 0.500375 
