389.216 279.741 405.048 339.965 0 0.978556 
310.155 218.534 317.932 253.884 0 0.970412 
199.958 292.28 230.369 413.713 0 0.9645 
205.998 233.442 218.07 301.825 0 0.964191 
262.712 276.007 281.472 325.76 0 0.930443 
158.198 294.956 184.647 346.599 0 0.900889 
379.803 204.683 385.934 222.878 0 0.900266 
187.467 244.539 199.872 297.162 0 0.877916 
382.2 205.005 388.137 222.345 0 0.802141 
173.395 247.671 185.931 296.404 0 0.643785 
0 358.85 20.3315 415.837 0 0.558091 
412.062 205.231 416.027 220.243 0 0.552395 
0.622317 352.962 10.2921 423.358 0 0.544591 
127.778 255.798 140.588 309.495 0 0.518156 
