264.811 277.413 284.224 328.126 0 0.991511 
206.886 233.747 218.974 297.149 0 0.987459 
389.298 281.961 404.539 340.22 0 0.978574 
310.748 219.075 318.985 253.909 0 0.964156 
206.045 288.235 230.822 414.561 0 0.945478 
187.192 241.59 200.228 295.943 0 0.921762 
382.49 204.658 388.392 222.369 0 0.872427 
379.76 205.449 385.589 222.215 0 0.74657 
91.3369 266.798 106.524 310.534 0 0.744108 
171.962 296.347 188.066 347.533 0 0.731093 
0 359.062 21.3355 415.864 0 0.677043 
173.888 244.538 185.08 292.223 0 0.560922 
