386.388 281.883 407.059 341.16 0 0.993951 
267.883 277.612 287.389 328.054 0 0.984268 
311.103 218.986 319.201 255.993 0 0.981062 
207.598 234.983 219.816 295.891 0 0.970451 
211.596 291.02 231.57 415.508 0 0.919172 
382.141 204.287 388.515 222.969 0 0.914172 
94.5795 263.343 107.683 320.95 0 0.792679 
188.246 242.028 199.657 292.958 0 0.782094 
171.077 301 193.201 351.514 0 0.727014 
0 354.98 21.8209 414.584 0 0.68217 
174.434 246.326 185.58 283.119 0 0.581694 
113.145 247.567 123.801 275.658 0 0.577354 
