387.808 280.081 412.974 341.787 0 0.981982 
311.345 219.262 319.752 254.63 0 0.97699 
382.29 203.543 388.487 222.489 0 0.955332 
274.333 276.792 292.598 327.337 0 0.951846 
208.354 232.589 220.418 305.131 0 0.945961 
208.829 293.396 239.826 414.155 0 0.938546 
187.615 240.638 198.936 294.493 0 0.83205 
168.002 298.915 196.424 351.167 0 0.823704 
174.744 249.162 186.655 294.554 0 0.792057 
0.0110422 354.929 23.499 413.147 0 0.661938 
157.463 244.684 169.898 290.072 0 0.616236 
412.186 203.027 415.752 218.376 0 0.551912 
