280.466 271.73 300.809 334.733 0 0.983841 
206.984 232.569 220.724 305.381 0 0.964876 
379.599 201.406 385.143 220.329 0 0.96117 
310.182 217.625 319.374 254.32 0 0.940634 
228.126 284.916 246.205 348.411 0 0.934076 
203.921 305.481 224.75 414.56 0 0.933129 
397.495 272.033 412.986 334.936 0 0.92952 
100.257 265.995 112.369 316.962 0 0.679582 
409.937 200.53 414.945 216.236 0 0.661745 
110.194 246.818 122.826 289.24 0 0.659201 
169.875 243.682 179.94 292.19 0 0.594468 
410.092 229.481 416.098 272.224 0 0.586308 
183.238 244.459 194.417 290.856 0 0.5672 
156.437 247.544 165.404 289.901 0 0.565022 
