377.079 201.392 382.552 220.247 0 0.981418 
229.643 280.987 248.43 344.39 0 0.978123 
199.516 308.456 223.169 413.974 0 0.960978 
397.567 271.41 412.838 335.952 0 0.943394 
308.1 218.049 316.719 251.902 0 0.930984 
166.344 243.017 177.489 298.498 0 0.924153 
206.78 229.241 217.866 308.68 0 0.917679 
283.388 275.469 300.973 330.207 0 0.91635 
406.067 230.174 415.458 266.697 0 0.851852 
150.464 242.786 161.015 290.009 0 0.74956 
107.684 245.127 119.456 273.851 0 0.691527 
407.949 201.862 413.105 214.513 0 0.57185 
175.327 259.474 191.037 326.227 0 0.550925 
