394.013 269.811 415.12 341.991 0 0.992861 
230.191 278.671 247.448 346.329 0 0.99 
194.49 302.916 216.51 418.398 0 0.974793 
399.483 230.539 411.831 264.771 0 0.966806 
370.848 199.983 376.873 220.093 0 0.966583 
303.704 216.497 313.251 252.614 0 0.966081 
159.802 240.496 172.063 293.406 0 0.938721 
202.728 234.953 215.094 297.928 0 0.93399 
400.66 197.794 407.35 214.31 0 0.93102 
282.768 274.825 302.883 334.142 0 0.905615 
180.599 244.39 191.007 292.217 0 0.674691 
172.751 244.652 186.633 305.348 0 0.573802 
