387.675 271.389 413.433 349.702 0 0.990114 
225.893 277.246 242.171 344.648 0 0.981517 
279.161 270.917 306.087 337.815 0 0.979781 
393.879 197.668 400.215 214.184 0 0.952173 
198.15 232.856 211.712 302.209 0 0.941096 
188.925 309.258 212.197 413.042 0 0.928265 
393.055 229.889 403.756 265.842 0 0.907231 
298.708 218.109 308.005 251.029 0 0.898909 
153.739 239.7 164.191 289.678 0 0.866061 
364.493 200.114 369.766 219.632 0 0.789563 
174.317 247.532 187.01 295.373 0 0.73647 
366.634 200.655 372.086 219.358 0 0.696721 
84.7053 253.644 104.546 330.925 0 0.696674 
164.821 242.446 175.683 296.19 0 0.648395 
