378.755 273.036 408.359 346.613 0 0.990921 
223.206 276.119 238.465 345.166 0 0.990689 
180.25 309.53 203.881 410.267 0 0.968607 
288.356 273.923 305.29 333.509 0 0.958147 
192.713 236.461 206.278 294.661 0 0.949662 
384.522 227.339 395.926 265.039 0 0.945158 
386.222 195.279 392.313 214.939 0 0.931422 
292.314 216.516 302.274 248.755 0 0.897457 
358.458 198.408 364.917 217.118 0 0.761603 
170.173 246.708 184.727 296.291 0 0.715097 
158.092 247.995 169.253 296.26 0 0.64008 
146.436 241.109 157.43 291.538 0 0.57507 
