287.915 268.513 306.08 340.422 0 0.983112 
370.094 271.585 398.17 346.159 0 0.982956 
175.867 306.881 198.667 411.69 0 0.973918 
378.357 195.1 384.756 213.896 0 0.967551 
350.867 196.244 356.862 216.569 0 0.95928 
376.846 227.803 387.936 263.912 0 0.957 
219.441 277.244 232.687 337.967 0 0.940891 
187.407 236.134 202.046 295.601 0 0.939944 
285.88 215.197 295.429 248.388 0 0.915601 
165.199 245.86 178.231 296.656 0 0.795611 
78.4262 260.999 91.295 306.856 0 0.713739 
139.94 239.133 151.184 289.218 0 0.655214 
149.966 250.251 163.198 297.157 0 0.598514 
