164.215 302.028 191.108 409.732 0 0.991375 
368.064 273.93 390.596 345.205 0 0.989151 
213.686 273.511 227.901 341.843 0 0.982674 
288.2 268.937 310.308 340.209 0 0.982499 
281.15 211.958 288.428 248.055 0 0.969483 
368.654 226.022 379.79 262.585 0 0.961667 
344.338 196.268 350.121 214.451 0 0.950927 
161.613 243.649 173.361 297.766 0 0.937206 
181.63 233.736 196.565 295.181 0 0.926762 
370.602 193.725 377.394 211.429 0 0.920965 
141.374 249.526 154.05 299.463 0 0.817134 
133.428 238.713 143.308 282.678 0 0.610868 
361.466 181.269 366.411 194.302 0 0.511051 
