292.909 263.258 319.708 341.833 0 0.99567 
354.697 279.227 395.464 356.504 0 0.989399 
272.042 209.083 280.288 247.232 0 0.988961 
205.966 269.046 220.322 340.995 0 0.986678 
158.293 238.05 172.379 299.095 0 0.985717 
357.073 221.64 368.419 259.385 0 0.978456 
334.715 195.151 340.308 212.453 0 0.962468 
174.202 232.405 188.055 294.895 0 0.956753 
161.761 291.873 180.607 410.007 0 0.943638 
361.056 191.527 367.299 209.234 0 0.937714 
125.834 241.848 138.246 295.513 0 0.663786 
62.5955 235.917 74.368 299.812 0 0.512201 
