295.74 254.87 327.646 330.103 0 0.993085 
352.273 283.075 381.938 349.926 0 0.988874 
271.244 208.84 278.847 246.143 0 0.979114 
202.984 266.023 218.45 343.141 0 0.971286 
173.452 236.928 188.613 289.836 0 0.948842 
332.555 192.891 337.524 212.045 0 0.928896 
158.499 292.468 183.258 408.95 0 0.925793 
359.496 191.732 365.704 207.791 0 0.889201 
355.197 222.702 364.334 259.858 0 0.872631 
159.34 239.859 174.047 295.288 0 0.860135 
60.0917 233.272 73.2746 301.941 0 0.757506 
393.051 368.037 416.74 414.779 0 0.686027 
125.763 249.286 142.337 313.997 0 0.657654 
