305.125 247.644 336.824 332.388 0 0.996303 
358.29 281.461 380.286 352.885 0 0.995705 
272.374 209.442 279.805 246.105 0 0.97613 
156.727 294.145 190.271 408.746 0 0.937279 
354.827 220.007 364.647 260.692 0 0.924351 
202.642 264.455 217.953 343.285 0 0.921632 
332.293 192.694 337.601 212.85 0 0.915384 
360.237 191.605 366.267 207.901 0 0.892716 
393.826 371.133 416.123 415.006 0 0.838842 
118.361 241.833 131.519 293.059 0 0.793048 
176.492 238.16 190.394 286.279 0 0.72994 
334.263 194.172 339.432 211.691 0 0.699426 
101.191 250.556 114.861 303.737 0 0.680514 
163.053 241.258 176.857 293.697 0 0.66844 
161.773 267.981 179.132 300.022 0 0.5262 
