319.595 258.883 343.354 345.08 0 0.992946 
362.866 272.47 380.291 350.949 0 0.99034 
204.749 263.586 219.21 342.843 0 0.983729 
335.089 193.218 340.915 212.59 0 0.978895 
355.146 220.182 366.025 261.944 0 0.963768 
274.498 210.209 281.952 246.123 0 0.95231 
150.284 298.36 185.489 409.37 0 0.94973 
166.946 239.448 179.973 290.112 0 0.941985 
361.019 190.957 367.953 208.702 0 0.901356 
178.914 238.119 194.158 290.799 0 0.891594 
101.651 251.92 116.182 308.414 0 0.648885 
119.193 240.256 131.389 289.011 0 0.63082 
395.341 371.413 416.292 415.352 0 0.612955 
170.637 279.148 189.486 343.56 0 0.59893 
125.656 260.814 144.362 326.081 0 0.548188 
