205.949 264.606 221.074 342.061 0 0.995207 
364.958 268.54 382.952 347.807 0 0.989783 
357.278 220.667 367.481 260.75 0 0.985861 
337.888 193.205 342.811 210.844 0 0.975748 
149.416 309.497 184.484 409.262 0 0.970039 
171.837 267.513 193.129 344.316 0 0.967633 
275.602 209.954 285.045 246.178 0 0.966946 
181.665 237.333 194.861 290 0 0.919173 
331.643 265.272 348.155 352.555 0 0.899936 
363.744 191.423 369.621 208.531 0 0.757495 
167.588 240.658 181.761 294.181 0 0.673819 
124.973 272.384 145.764 334.849 0 0.585454 
62.1458 239.172 77.3838 307.036 0 0.574635 
120.054 247.263 131.535 287.873 0 0.569931 
