367.482 265.437 387.825 343.802 0 0.995262 
338.213 274.374 358.846 355.967 0 0.995144 
206.465 264.55 223.262 340.887 0 0.988329 
359.089 221.796 369.156 261.65 0 0.986165 
339.211 193.18 344.597 211.473 0 0.97505 
279.031 210.856 287.672 246.582 0 0.974739 
147.685 308.668 185.034 412.008 0 0.938864 
366.577 190.609 373.004 206.85 0 0.868484 
172.588 266.612 196.516 340.524 0 0.84729 
185.944 236.3 197.748 285.799 0 0.82506 
62.899 234.712 76.5785 299.469 0 0.682574 
134.654 260.17 145.87 291.326 0 0.547121 
127.693 261.74 149.054 334.029 0 0.518944 
173.581 243.302 185.405 291.298 0 0.503244 
