208.764 264.539 226.116 339.985 0 0.992284 
347.879 276.604 369.653 361.462 0 0.991978 
373.347 264.5 394.767 344.71 0 0.989436 
360.598 223.814 370.356 261.886 0 0.977192 
280.977 209.951 289.144 245.768 0 0.971544 
188.423 230.251 200.143 292.025 0 0.953698 
174.469 268.111 199.302 337.436 0 0.950949 
340.307 193.606 345.586 211.638 0 0.898219 
368.656 191.656 375.225 208.072 0 0.849747 
342.484 194.597 347.819 210.79 0 0.810084 
139.677 310.2 184.439 411.03 0 0.760666 
135.171 256.183 148.013 304.906 0 0.659197 
176.086 240.185 188.595 281.22 0 0.617022 
61.8687 241.228 79.6932 317.884 0 0.556898 
