354.456 276.659 381.481 360.717 0 0.995103 
209.257 264.905 227.089 341.175 0 0.994207 
361.32 223.735 371.741 263.489 0 0.976536 
377.205 263.113 401.496 345.788 0 0.975587 
343.206 193.772 348.47 211.999 0 0.975169 
189.615 236.135 201.495 290.146 0 0.960362 
282.517 210.639 290.347 246.604 0 0.953027 
174.121 269.078 198.771 335.908 0 0.931201 
370.209 190.718 376.081 208.992 0 0.872774 
142.814 309.145 181.263 413.633 0 0.861431 
179.356 239.751 191.522 282.51 0 0.652102 
136.927 257.459 147.764 311.006 0 0.597214 
127.826 256.129 138.383 294.512 0 0.583637 
61.8456 240.779 77.9596 317.72 0 0.501961 
