209.853 264.857 228.142 341.24 0 0.995473 
361.052 277.765 392.036 362.088 0 0.994183 
173.058 266.143 194.97 329.463 0 0.981759 
362.128 225.403 373.214 263.699 0 0.981243 
284.633 211.537 292.308 246.889 0 0.970559 
344.529 194.227 349.721 212.153 0 0.964719 
383.578 261.102 402.284 335.613 0 0.934443 
190.407 239.876 203.912 287.81 0 0.826277 
141.531 308.58 179.027 412.588 0 0.79174 
180.645 239.557 192.361 281.263 0 0.782756 
371.363 191.599 377.372 208.405 0 0.777117 
138.311 256.514 151.884 309.345 0 0.735366 
63.4086 243.615 82.6517 315.055 0 0.572101 
61.6868 235.547 72.5222 271.491 0 0.535157 
