211.767 264.222 228.775 339.93 0 0.996628 
170.193 268.231 193.637 329.574 0 0.975863 
361.755 227.324 373.857 262.482 0 0.975127 
345.246 193.802 350.61 211.192 0 0.972968 
376.043 278.367 399.141 359.663 0 0.970594 
285.849 212.02 293.971 246.764 0 0.969827 
190.311 240.917 205.214 290.568 0 0.96824 
139.404 256.233 154.32 308.128 0 0.930763 
181.339 240.007 193.396 288.128 0 0.929515 
388.11 262.947 403.503 306.285 0 0.745823 
141.174 306.053 179.936 413.863 0 0.736616 
119.952 242.899 132.129 293.073 0 0.670627 
372.258 192.069 377.952 207.863 0 0.643967 
65.739 250.878 82.37 317.369 0 0.623396 
60.8846 240.104 70.0698 279.019 0 0.574652 
