213.76 259.249 229.013 337.2 0 0.996295 
182.238 241.178 194.917 288.568 0 0.990202 
387.555 271.616 406.206 362.232 0 0.980655 
286.471 210.707 294.633 247.786 0 0.978421 
361.839 226.923 373.93 262.838 0 0.971986 
345.913 193.322 351.443 212.414 0 0.960461 
164.106 266.509 190.219 327.015 0 0.943023 
139.749 251.801 154.882 310.908 0 0.928375 
141.479 306.051 174.791 413.376 0 0.876719 
193.178 239.886 206.49 290.882 0 0.860235 
374.767 191.676 381.134 207.78 0 0.831753 
63.4825 253.88 84.2658 315.734 0 0.782086 
