182.668 238.727 196.328 294.504 0 0.991266 
286.584 210.94 295.518 248.051 0 0.987232 
215.856 258.368 231.063 331.535 0 0.974844 
361.879 225.587 373.92 263.311 0 0.973755 
346.441 194.188 351.559 212.339 0 0.967489 
198.579 229.272 208.998 286.163 0 0.962261 
391.406 267.054 411.198 358.015 0 0.938662 
134.599 299.8 180.672 414.161 0 0.904054 
376.154 192.199 381.983 206.966 0 0.885349 
157.817 264.62 183.349 322.725 0 0.830787 
140.734 250.708 154.72 310.633 0 0.801859 
126.167 246.674 139.818 290.859 0 0.768809 
65.7727 252.087 84.2686 316.7 0 0.732506 
84.7823 233.617 94.3953 285.18 0 0.64316 
