183.146 236.729 196.623 296.054 0 0.985541 
347.316 194.333 352.246 212.585 0 0.977488 
362.504 224.712 373.623 263.842 0 0.976681 
215.742 258.711 232.191 329.998 0 0.963885 
286.575 214.741 297.246 248.387 0 0.963044 
389.368 263.171 407.455 345.554 0 0.907766 
199.726 234.594 211.523 291.981 0 0.894168 
377.005 192.059 383.122 207.938 0 0.8478 
137.222 245.209 154.313 306.645 0 0.844234 
129.217 300.7 177.712 414.538 0 0.840694 
156.037 264.516 173.283 312.6 0 0.786258 
60.3042 253.937 86.401 314.523 0 0.71541 
154.545 305.216 176.372 416.234 0 0.516679 
126.976 242.424 138.793 294.26 0 0.513798 
142.358 233.673 150.623 254.222 0 0.500021 
