363.908 224.057 375.528 266.155 0 0.991522 
286.561 212.27 298.257 245.016 0 0.97525 
185.786 241.036 198.449 286.966 0 0.975124 
395.135 263.537 413.555 344.344 0 0.973405 
204.723 232.945 219.478 293.626 0 0.973227 
219.294 259.632 237.399 328.791 0 0.973226 
348.123 193.08 353.419 212.874 0 0.937816 
379.045 191.539 385.098 208.786 0 0.896429 
144.74 253.814 161.747 309.679 0 0.851415 
134.991 239.047 147.537 289.252 0 0.819249 
62.7964 254.987 86.4778 315.179 0 0.762783 
126.322 236.036 135.691 286.555 0 0.739853 
86.6576 235.124 98.1506 284.555 0 0.654264 
350.208 193.821 355.437 212.979 0 0.629744 
136.352 301.242 183.435 413.809 0 0.588522 
