364.31 228.708 376.099 266.439 0 0.980953 
184.84 242.703 199.36 285.185 0 0.980745 
396.057 263.884 414.261 343.337 0 0.980585 
221.53 256.308 239.052 326.654 0 0.97815 
207.138 233.111 222.235 291.152 0 0.975742 
285.958 211.648 297.765 246.143 0 0.967583 
153.477 309.412 183.441 415.802 0 0.927343 
350.497 194.841 355.6 212.842 0 0.879544 
348.495 194.495 353.262 212.802 0 0.807414 
380.002 191.265 386.431 208.884 0 0.76947 
87.5481 235.915 99.1709 285.035 0 0.716161 
141.528 252.248 155.411 300.615 0 0.685268 
127.873 235.725 137.844 284.208 0 0.654847 
66.8526 254.647 86.9112 314.091 0 0.64995 
148.096 249.84 159.044 303.036 0 0.594292 
369.131 180.577 374.065 193.375 0 0.558582 
