185.89 244.406 198.767 284.275 0 0.986828 
365.608 227.497 376.395 267.398 0 0.985326 
223.261 256.216 240.106 325.512 0 0.984246 
287.975 211.641 297.118 245.53 0 0.976381 
398.845 262.305 414.767 343.352 0 0.966731 
349.971 195.256 356.483 214.254 0 0.958284 
162.805 311.062 186.648 414.769 0 0.953917 
210.195 234.384 225.436 290.636 0 0.912263 
90.4681 234.359 101.59 284.946 0 0.889721 
383.518 193.237 390.057 210.26 0 0.880551 
132.554 284.591 161.693 337.851 0 0.83254 
68.2241 253.356 87.2175 312.638 0 0.798153 
148.465 246.031 160.57 298.481 0 0.774842 
