350.827 195.985 356.859 215.233 0 0.987704 
225.022 258.817 241.788 325.207 0 0.984008 
366.718 226.842 376.604 269.108 0 0.97388 
215.277 226.29 227.688 293.374 0 0.970504 
92.6105 236.114 104.868 284.874 0 0.967671 
287.962 211.932 297.002 247.609 0 0.963898 
384.377 194.326 390.79 210.924 0 0.958765 
188.236 245.117 199.41 283.445 0 0.953882 
399.979 264.306 415.692 342.684 0 0.934464 
165.059 309.355 187.017 414.472 0 0.92674 
133.942 283.155 163.547 337.479 0 0.874381 
149.595 245.477 163.05 300.965 0 0.827579 
69.5234 249.271 86.4835 307.16 0 0.758808 
