189.459 241.988 200.25 285.453 0 0.984806 
169.875 310.893 188.21 413.637 0 0.982192 
227.959 260.542 242.307 325.259 0 0.974373 
351.794 195.311 357.592 215.873 0 0.969828 
94.5286 237.943 106.556 283.995 0 0.963433 
288.157 213.583 297.46 249.36 0 0.957998 
385.169 194.464 391.679 210.944 0 0.951285 
366.952 227.47 376.829 268.922 0 0.9482 
218.469 227.577 229.448 291.794 0 0.893431 
402.409 259.557 414.749 341.255 0 0.835217 
71.7145 251.246 88.5466 312.919 0 0.716075 
151.417 245.792 163.93 298.071 0 0.716054 
139.988 290.973 166.939 338.587 0 0.589058 
142.49 243.614 154.642 289.704 0 0.555512 
