170.939 310.882 191.746 415.774 0 0.987855 
190.403 236.691 201.684 283.547 0 0.986219 
221.457 233.19 233.347 287.245 0 0.968024 
352.604 196.128 358.418 215.122 0 0.961091 
74.2048 256.348 88.7768 306.234 0 0.959874 
288.811 213.868 296.776 249.002 0 0.957166 
228.922 262.945 243.3 325.127 0 0.954558 
367.137 228.257 377.113 268.305 0 0.947415 
386.067 195.505 392.582 211.808 0 0.946869 
142.142 297.073 170.387 342.7 0 0.895723 
134.783 241.838 145.655 293.235 0 0.852644 
97.5681 239.398 107.745 282.29 0 0.746834 
406.234 259.33 415.849 341.404 0 0.684232 
154.338 243.749 169.939 301.716 0 0.529442 
145.472 240.342 154.313 281.857 0 0.508104 
