190.99 235.282 202.249 277.472 0 0.991305 
367.298 229.041 377.455 269.702 0 0.982953 
175.41 310.959 194.414 414.335 0 0.976752 
223.506 231.937 235.33 289.025 0 0.963309 
73.7929 259.35 89.2151 308.079 0 0.963075 
289.092 214.992 296.633 248.463 0 0.939792 
386.872 196.406 393.166 212.406 0 0.907315 
136.634 237.326 146.632 292.217 0 0.874867 
83.7942 239.817 95.052 277.212 0 0.838902 
353.245 198.498 358.72 217.411 0 0.836358 
100.993 238.063 111.229 282.558 0 0.832213 
155.159 242.621 170.455 297.502 0 0.793886 
230.443 264.099 244.97 322.626 0 0.785598 
144.371 296.867 169.78 343.002 0 0.764211 
390.55 197.272 396.434 211.204 0 0.547177 
146.17 239.095 155.726 280.804 0 0.528689 
