366.551 230.694 378.73 270.967 0 0.98841 
191.374 232.903 202.976 279.307 0 0.987999 
177.675 310.785 198.512 415.839 0 0.970976 
75.8583 256.948 90.7977 304.515 0 0.949342 
288.606 214.817 297.058 249.567 0 0.919992 
353.593 199.225 359.554 217.349 0 0.918031 
225.018 235.065 235.659 285.815 0 0.899235 
231.599 262.213 246.692 323.854 0 0.884316 
115.505 245.904 129.731 291.101 0 0.878466 
391.896 197.857 397.999 212.226 0 0.871134 
158.046 244.581 170.453 299.239 0 0.791096 
86.4488 239.51 97.3637 268.628 0 0.766458 
139.266 240.069 150.463 294.721 0 0.75158 
387.378 197.499 393.26 213.878 0 0.72535 
147.489 300.394 172.566 344.686 0 0.709918 
102.314 239.846 113.793 279.625 0 0.636766 
