191.937 232.173 204.392 278.994 0 0.99174 
140.828 239.814 152.053 295.419 0 0.979201 
366.834 231.911 380.378 271.957 0 0.95994 
288.145 214.88 297.667 249.531 0 0.959813 
77.4106 253.089 89.8097 309.767 0 0.956921 
181.319 313.99 202.441 410.858 0 0.918996 
353.931 198.903 360.361 217.7 0 0.915644 
392.888 198.328 398.424 214.041 0 0.904354 
159.167 242.699 173.157 303.53 0 0.886377 
227.835 236.563 239.311 278.02 0 0.825596 
387.765 197.873 392.852 214.693 0 0.703076 
233.824 259.274 247.825 323.072 0 0.65214 
154.872 302.828 171.801 341.781 0 0.609259 
149.463 239.184 159.518 282.279 0 0.528903 
