194.027 232.08 205.652 276.07 0 0.985295 
78.268 253.335 90.1921 307.619 0 0.96121 
142.542 236.573 154.739 293.178 0 0.94665 
288.434 216.065 297.522 248.629 0 0.946479 
183.536 315.27 201.254 411.162 0 0.946171 
354.793 201.709 360.47 219.431 0 0.922594 
234.434 259.426 248.053 321.742 0 0.884714 
229.76 236.342 240.148 278.227 0 0.873708 
367.118 239.058 381.051 272.782 0 0.820617 
393.19 200.892 399.456 214.874 0 0.773799 
155.692 295.479 175.765 349.113 0 0.680534 
162.661 244.895 175.604 297.267 0 0.624827 
149.025 234.833 160.148 287.209 0 0.623094 
122.139 219.604 129.448 232.884 0 0.52552 
