194.162 234.577 206.188 276.983 0 0.988299 
235.191 261.685 248.871 322.87 0 0.964468 
78.9602 252.193 91.7636 307.302 0 0.959258 
355.317 201.105 360.708 220.616 0 0.953648 
287.848 217.56 297.324 250.415 0 0.948138 
184.601 315.557 203.399 410.787 0 0.947067 
145.571 235.949 156.306 294.672 0 0.907347 
366.808 232.591 378.652 272.553 0 0.903153 
231.655 236.561 242.728 278.081 0 0.871595 
393.963 202.314 399.625 216.559 0 0.767914 
158.258 288.07 177.013 349.983 0 0.765129 
392.962 199.851 398.372 213.171 0 0.744374 
148.938 234.074 159.163 288.389 0 0.718505 
109.145 247.3 122.073 295.84 0 0.679632 
165.279 240.169 177.516 296.513 0 0.584203 
123.311 219.437 130.895 233.484 0 0.570888 
