194.811 233.428 206.54 277.063 0 0.995283 
185.039 313.734 205.714 412.37 0 0.989462 
235.93 261.927 248.806 323.538 0 0.980379 
366.689 232.62 376.823 273.561 0 0.972939 
355.502 201.917 361.219 220.253 0 0.969641 
167.043 240.965 179.344 294.593 0 0.953999 
288.684 215.388 296.706 249.079 0 0.935661 
79.6606 255.305 93.1362 304.629 0 0.930512 
392.373 202.474 397.866 216.881 0 0.892306 
147.306 238.012 157.817 291.795 0 0.891315 
234.394 237.769 244.209 281.562 0 0.819829 
399.078 202.986 404.495 216.034 0 0.716147 
125.823 219.55 133.094 235.139 0 0.705151 
162.509 290.469 178.08 344.093 0 0.651368 
107.606 249.605 121.289 291.285 0 0.548479 
235.88 237.906 246.362 271.307 0 0.502634 
