196.334 232.224 207.758 276.359 0 0.997605 
188.595 315.479 208.234 415.29 0 0.995417 
148.012 234.39 159.151 297.354 0 0.986738 
81.3574 252.716 94.6466 302.392 0 0.97086 
355.3 202.95 361.91 222.514 0 0.960337 
288.767 215.265 296.586 250.264 0 0.95542 
165.19 285.996 181.054 344.256 0 0.925518 
392.091 204.138 397.315 217.005 0 0.912578 
365.646 237.231 376.054 274.669 0 0.911806 
168.848 240.304 181.701 292.04 0 0.901557 
399.71 204.706 405.233 217.555 0 0.882365 
236.578 255.558 249.322 321.381 0 0.876263 
103.724 253.621 116.53 298.794 0 0.839037 
235.918 238.876 247.564 272.533 0 0.761405 
127.811 220.231 134.244 236.79 0 0.662522 
