197.517 232.834 208.227 277.017 0 0.996158 
189.335 316.37 209.704 408.154 0 0.994639 
84.0519 252.319 96.9978 301.01 0 0.99107 
149.738 243.681 160.897 296.469 0 0.964799 
237.072 259.808 249.75 316.313 0 0.95749 
288.135 217.827 297.2 250.381 0 0.942045 
356.57 204.024 362.746 222.515 0 0.92383 
102.486 248.743 116.771 299.309 0 0.90327 
392.893 205.33 397.934 217.594 0 0.902997 
400.683 205.756 405.987 217.759 0 0.889111 
363.431 240.096 375.71 274.84 0 0.762937 
129.204 219.938 135.374 237.125 0 0.743391 
171.692 246.269 184.077 291.478 0 0.7374 
125.293 242.233 136.519 278.449 0 0.732845 
238.461 238.342 249.709 274.984 0 0.712027 
170.055 284.555 185.697 343.557 0 0.584865 
