190.799 315.501 211.467 409.811 0 0.992049 
197.99 232.757 209.258 278.902 0 0.986702 
85.9452 252.365 97.9886 293.785 0 0.986507 
151.242 244.075 163.908 297.679 0 0.967907 
237.679 262.072 250.07 316.052 0 0.964459 
393.411 204.083 398.518 217.638 0 0.958066 
288.485 218.199 297.025 251.334 0 0.955932 
401.856 205.578 407.234 220.053 0 0.952147 
174.406 282.525 188.903 345.266 0 0.930436 
363.255 246.947 376.325 276.308 0 0.900367 
357.017 203.652 362.879 222.742 0 0.87459 
103.268 249.559 116.353 295.56 0 0.822498 
172.867 246.229 185.92 289.87 0 0.808981 
239.687 238.726 251.784 275.928 0 0.775407 
129.744 219.606 136.633 237.496 0 0.77147 
