198.298 234.037 209.027 277.285 0 0.992597 
192.44 315.967 212.734 408.974 0 0.985105 
358.278 203.746 363.83 223.18 0 0.962533 
393.733 204.837 399.311 219.087 0 0.961947 
289.46 218.775 297.428 252.384 0 0.961627 
178.036 278.687 195.241 343.776 0 0.934271 
238.098 258.952 250.323 315.67 0 0.931403 
403.097 205.993 408.782 220.321 0 0.928346 
155.154 242.43 168.017 295.723 0 0.898445 
88.0814 253.946 100.355 297.673 0 0.879108 
102.477 259.358 116.011 299.869 0 0.86858 
364.279 237.335 374.359 275.426 0 0.86113 
174.868 246.004 188.902 289.288 0 0.84692 
129.987 220.579 136.967 237.554 0 0.808485 
151.802 237.478 163.421 298.903 0 0.722416 
241.524 239.589 253.317 275.144 0 0.61342 
