199.295 233.529 210.017 275.53 0 0.990115 
358.803 202.9 364.376 224.123 0 0.977681 
194.024 316.695 215.943 411.805 0 0.977294 
394.066 204.855 400.099 219.455 0 0.96812 
289.016 219.595 298.279 253.293 0 0.967291 
239.294 258.482 251.327 316.254 0 0.964052 
157.349 247.658 169.516 295.036 0 0.956333 
91.5788 253.698 103.078 298.76 0 0.953481 
103.004 263.039 116.339 297.644 0 0.850817 
244.987 239.567 254.906 281.204 0 0.789449 
130.54 221.202 138.073 237.673 0 0.775766 
180.318 278.12 195.196 339.079 0 0.68465 
110.86 239.243 120.842 261.974 0 0.64719 
364.904 235.54 373.045 277.473 0 0.637523 
179.907 248.795 193.132 287.778 0 0.60509 
407.197 208.107 412.389 219.295 0 0.602841 
404.265 206.868 409.436 219.657 0 0.594224 
139.698 249.04 150.695 286.872 0 0.52037 
