200.339 235.195 211.033 274.919 0 0.982017 
197.99 315.365 219.047 410.016 0 0.97486 
239.784 260.463 252.205 315.033 0 0.966428 
394.388 204.367 400.345 220.098 0 0.962603 
289.678 220.462 298.729 253.099 0 0.959756 
160.132 247.458 172.029 295.307 0 0.950627 
359.467 203.081 365.773 225.252 0 0.945958 
363.241 235.992 373.219 276.561 0 0.912282 
94.3571 255.718 105.532 296.801 0 0.90263 
408.024 206.085 413.512 220.934 0 0.898059 
104.208 264.984 116.258 298.279 0 0.861163 
247.298 241.097 256.23 280.484 0 0.839692 
131.59 221.617 138.226 238.374 0 0.784975 
183.156 263.116 200.956 341.349 0 0.736116 
181.636 247.913 195.072 295.913 0 0.675344 
