201.213 317.22 219.725 409.914 0 0.985464 
239.553 258.808 253.228 317.124 0 0.97333 
290.854 219.025 300.065 252.823 0 0.940383 
395.651 203.666 401.134 221.286 0 0.931865 
360.951 203.937 366.473 223.811 0 0.923929 
200.115 236.73 212.066 274.549 0 0.900697 
408.15 206.446 414.31 222.3 0 0.883499 
164.118 247.131 174.838 296.197 0 0.853064 
104.161 264.99 115.959 301.374 0 0.821762 
187.504 276.235 203.128 340.317 0 0.815111 
153.458 245.918 162.603 288.36 0 0.789 
361.674 245.203 374.756 277.226 0 0.762491 
248.244 240.635 258.106 287.954 0 0.757851 
112.726 233.649 122.763 257.304 0 0.68563 
131.948 220.802 138.427 239.833 0 0.617643 
186.578 246.226 199.673 292.019 0 0.534721 
