912.664 322.263 932.497 400.565 0 0.939364 
340.717 533.176 367.986 637.516 0 0.899263 
826.914 369.034 849.477 453.622 0 0.866952 
940.526 520.6 968.221 623.398 0 0.86093 
821.651 368.595 840.595 444.218 0 0.741469 
271.248 945.907 299.133 1025.51 0 0.730581 
729.936 396.68 750.815 475.84 0 0.708435 
925.541 406.934 950.488 497.757 0 0.706148 
936.446 410.511 957.56 491.209 0 0.652842 
750.455 417.738 774.437 509.224 0 0.643142 
714.651 481.156 737.851 574.391 0 0.63603 
108.587 688.216 135.772 794.163 0 0.587275 
