335.507 618.534 378.305 760.439 0 0.951926 
740.904 735.822 782.931 917.44 0 0.896979 
511.456 661.163 550.222 796.238 0 0.894205 
929.55 337.138 965.095 446.964 0 0.886067 
255.14 712.413 298.465 868.763 0 0.859514 
693.789 507.017 726.604 626.89 0 0.842291 
111.155 660.138 155.405 823.551 0 0.821513 
4.52743 693.911 36.4392 863.049 0 0.80949 
571.177 498.658 599.931 601.36 0 0.770361 
673.482 378.24 703.268 475.127 0 0.752782 
220.227 250.176 244.237 338.441 0 0.721913 
611.905 380.421 647.697 491.84 0 0.71684 
272.508 224.301 295.802 309.496 0 0.712926 
603.007 383.715 626.845 501.202 0 0.700874 
307.521 714.675 347.785 852.641 0 0.670263 
280.72 718.409 324.358 865.353 0 0.609286 
447.806 305.678 481.359 405.621 0 0.552272 
