54.4499 529.194 90.9501 664.416 0 0.941146 
210.031 584.03 250.183 721.565 0 0.871606 
675.915 441.801 707.106 541.944 0 0.865186 
346.072 477.129 379.446 571.834 0 0.841501 
463.912 502.114 503.329 611.423 0 0.815242 
402.039 580.265 444.925 725.993 0 0.805816 
282.067 514.329 317.483 617.329 0 0.799605 
157.812 423.803 182.404 511.614 0 0.798947 
820.344 425.855 846.509 537.08 0 0.77815 
474.668 422.745 500.503 523.334 0 0.762497 
81.5457 687.368 119.643 845.491 0 0.751284 
552.92 386.197 582.197 493.903 0 0.665191 
