251.106 649.126 294.265 782.975 0 0.953791 
386.79 428.107 421.912 544.936 0 0.949715 
574.736 367.649 612.759 485.34 0 0.927252 
727.287 711.758 769.571 878.594 0 0.922298 
418.654 283.657 448.782 394.82 0 0.874899 
484.609 647.849 523.705 797.009 0 0.867359 
488.855 356.698 509.785 465.871 0 0.83363 
597.864 571.897 639.584 717.44 0 0.784807 
709.274 241.029 738.277 340.274 0 0.781461 
394.128 293.833 423.353 407.539 0 0.765071 
774.538 652.841 812.374 780.249 0 0.67631 
1.53701 476.894 34.5379 614.495 0 0.528632 
