605.851 510.683 637.254 620.513 0 0.95784 
681.646 303.642 705.779 386.253 0 0.953081 
120.314 779.65 156.965 930.827 0 0.941369 
971.18 375.463 995.847 470.73 0 0.926663 
598.993 603.052 632.516 714.984 0 0.891073 
616.117 353.972 644.271 453.639 0 0.881858 
717.468 343.51 738.718 434.329 0 0.876669 
683.577 513.468 710.876 626.869 0 0.844414 
830.807 211.224 849.101 294.593 0 0.824722 
790.952 454.182 825.216 554.231 0 0.818061 
217.5 636.26 249.912 749.714 0 0.721114 
392.607 456.829 421.36 557.767 0 0.68786 
825.794 330.948 846.622 415.598 0 0.667642 
490.506 640.045 521.469 753.69 0 0.652114 
894.731 139.471 918.095 221.114 0 0.616917 
