535.238 762.793 568.985 874.317 0 0.968989 
107.122 382.788 131.447 469.293 0 0.937406 
915.055 322.206 935.326 399.054 0 0.935493 
637.881 585.206 660.642 685.355 0 0.847192 
803.372 766.216 836.086 890.655 0 0.823585 
606.399 615.883 630.026 705.635 0 0.806505 
528.842 411.703 547.844 484.469 0 0.79568 
829.675 422.764 857.753 512.156 0 0.759272 
288.451 755.058 313.532 853.163 0 0.73448 
460.666 605.916 489.46 694.085 0 0.703802 
557.941 406.73 577.418 483.65 0 0.69909 
768.321 342.648 796.013 419.383 0 0.567753 
244.86 735.821 280.705 853.13 0 0.536382 
431.133 493.071 459.457 586.073 0 0.536075 
471.896 607.684 499.454 696.886 0 0.520838 
