328.77 349.416 365.642 496.107 0 0.952816 
346.279 515.36 390.411 655.16 0 0.943111 
14.8685 733.671 59.5866 915.328 0 0.905779 
480.507 364.081 519.277 511.848 0 0.847131 
511.544 359.652 551.437 508.084 0 0.83687 
375.937 334.476 417.536 469.556 0 0.82816 
232.054 392.45 266.909 510.585 0 0.827148 
617.841 438.426 656.166 589.707 0 0.761699 
126.492 266.461 163.661 398.547 0 0.689194 
345.771 361.084 386.404 490.153 0 0.656583 
505.314 484.717 547.107 625.643 0 0.6467 
1.47641 228.369 26.9583 343.478 0 0.6002 
225.309 582.063 267.858 739.79 0 0.596823 
750.7 357.488 795.91 511.495 0 0.508898 
