887.796 506.092 925.05 617.899 0 0.994853 
193.859 420.026 227.951 522.606 0 0.873396 
251.704 413.272 281.087 515.468 0 0.815166 
120.362 418.4 156.036 528.709 0 0.752647 
331.323 396.733 359.198 487.623 0 0.744282 
786.917 828.379 834.547 1014.24 0 0.659796 
588.413 450.6 617.641 540.915 0 0.650399 
226.993 420.49 256.141 519.426 0 0.640575 
507.355 488.838 542.686 611.129 0 0.635862 
10.1495 587.414 41.0099 713.12 0 0.61029 
121.179 575.028 165.429 712.52 0 0.57202 
666.802 377.43 695.605 467.222 0 0.558709 
873.872 351.312 902.319 463.836 0 0.500877 
