56.6138 453.937 97.1479 596.916 0 0.940618 
286.814 655.686 325.744 793.76 0 0.936098 
263.17 296.344 291.457 398.712 0 0.869967 
463.719 249.866 488.425 346.57 0 0.811999 
496.825 509.231 532.023 630.821 0 0.782662 
672.653 565.114 713.406 706.964 0 0.768349 
390.856 381.039 424.677 484.348 0 0.74417 
414.648 369.706 440.807 479.375 0 0.727635 
441.439 257.013 468.148 340.305 0 0.653383 
571.421 302.161 599.216 410.076 0 0.641353 
949.93 264.952 977.182 367.725 0 0.613199 
921.468 623.789 958.87 785.381 0 0.6098 
430.943 260.899 457.357 335.109 0 0.52502 
