884.57 477.925 922.18 628.188 0 0.971085 
246.502 513.567 279.006 680.476 0 0.939556 
633.004 514.342 673.605 650.369 0 0.908519 
966.863 499.476 1004.94 652.384 0 0.876368 
185.23 438.076 218.896 567.709 0 0.872512 
536.644 364.113 568.909 493.732 0 0.87087 
474.966 402.653 514.171 547.092 0 0.851239 
783.679 310.023 825.578 449.332 0 0.83933 
671.6 328.917 703.577 439.396 0 0.780498 
601.912 633.289 640.476 809.547 0 0.77257 
383.98 363.172 420.076 495.482 0 0.737556 
158.056 483.947 194.755 613.895 0 0.663027 
125.729 150.242 149.185 220.528 0 0.600358 
313.838 590.842 349.581 753.941 0 0.58354 
897.141 91.4962 920.372 183.622 0 0.574437 
695.697 902.108 737.035 1023.05 0 0.541017 
649.769 628.772 690.649 771.821 0 0.504926 
