729.38 752.373 776.356 889.507 0 0.959822 
57.2384 321.015 85.8809 424.455 0 0.920467 
745.78 277.95 773.154 372.949 0 0.905802 
439.182 748.37 474.143 881.143 0 0.893247 
990.828 342.687 1013.82 436.321 0 0.888768 
396.819 552.044 425.207 649.033 0 0.888359 
278.404 659.229 315.417 782.31 0 0.848373 
454.459 348.073 482.398 446.269 0 0.818025 
809.497 384.469 840.222 484.263 0 0.775318 
529.251 341.38 550.705 434.279 0 0.770648 
604.353 589.805 641.946 711.722 0 0.746152 
354.83 444.05 386.06 563.971 0 0.718971 
350.719 648.94 388.526 779.576 0 0.651984 
599.976 542.822 624.262 650.754 0 0.632592 
878.582 470.064 908.739 579.778 0 0.581168 
917.382 266.788 944.21 348.38 0 0.563509 
