533.201 466.936 565.617 605.412 0 0.913716 
203.875 332.75 239.651 454.862 0 0.874596 
570.383 398.213 602.125 509.477 0 0.851682 
201.504 456.606 239.708 590.059 0 0.801152 
75.0835 367.38 108.109 489.723 0 0.774304 
700.591 849.979 744.981 1023.9 0 0.759092 
146.464 603.715 191.357 752.626 0 0.754051 
437.731 330.311 472.472 441.989 0 0.726557 
551.683 556.489 589.714 683.397 0 0.714832 
281.696 41.5737 304.919 137.823 0 0.692351 
663.383 481.854 700.461 597.964 0 0.597471 
440.683 408.916 476.361 526.06 0 0.578739 
