223.027 249.51 252.561 342.719 0 0.905114 
573.983 417.13 605.163 527.189 0 0.896982 
88.0526 469.959 130.838 593.451 0 0.855164 
465.058 707.258 509.287 854.835 0 0.837961 
394.973 411.937 424.823 519.589 0 0.821827 
485.951 314.714 518.969 410.715 0 0.786234 
636.965 417.627 667.319 532.62 0 0.715355 
768.662 635.426 809.229 755.335 0 0.713223 
478.897 314.565 501.643 415.216 0 0.641165 
200.935 629.086 238.967 755.455 0 0.63467 
559.084 548.575 584.67 655.909 0 0.626304 
780.506 263.254 808.711 352.75 0 0.586614 
