212.255 671.661 251.095 817.649 0 0.979656 
328.403 205.998 353.045 295.079 0 0.947313 
870.762 655.219 903.818 802.045 0 0.927113 
482.79 491.557 514.582 619.302 0 0.917865 
696.53 566.352 738.633 699.493 0 0.915552 
4.13412 478.723 36.1074 627.474 0 0.897723 
919.476 619.65 956.07 774.202 0 0.854992 
413.233 219.801 436.619 313.767 0 0.812329 
737.59 425.549 766.084 545.18 0 0.811124 
517.938 288.727 549.25 385.158 0 0.733173 
217.647 242.894 243.811 343.305 0 0.727615 
341.452 353.379 373.396 469.428 0 0.648831 
308.211 356.666 342.667 480.303 0 0.645431 
