535.932 391.684 573.865 545.561 0 0.950249 
259.331 363.479 299.956 500.59 0 0.892722 
659.731 512.99 696.292 654.212 0 0.889086 
512.891 691.803 565.081 854.728 0 0.885485 
714.055 517.264 752.124 653.702 0 0.857949 
7.82482 395.306 36.6894 518.895 0 0.763256 
564.487 631.194 608.792 770.45 0 0.762129 
468.026 443.507 505.699 590.752 0 0.723212 
18.6396 242.771 54.5153 370.115 0 0.719556 
56.7204 547.852 93.6792 708.873 0 0.703556 
344.32 379.254 383.861 504.149 0 0.576895 
728.673 423.818 768.599 572.306 0 0.554034 
409.828 397.225 448.489 527.218 0 0.531804 
