116.479 678.537 155.009 834.984 0 0.962493 
215.582 585.968 256.261 732.518 0 0.949602 
824.133 529.664 860.853 664.281 0 0.914232 
807.462 521.138 843.561 662.853 0 0.890669 
448.428 592.274 482.873 721.659 0 0.834973 
575.919 410.444 598.746 500.195 0 0.747833 
96.9608 533.441 132.585 660.042 0 0.731507 
682.476 446.544 711.884 558.869 0 0.717416 
480.915 498.615 515.84 612.593 0 0.713691 
291.69 506.77 325.219 618.967 0 0.65736 
359.785 480.456 389.932 573.769 0 0.64141 
694.791 448.347 727.789 560.606 0 0.638522 
668.99 468.581 703.03 580.275 0 0.611023 
