565.44 629.522 603.496 755.084 0 0.885904 
750.067 506.178 775.429 598.736 0 0.855999 
382.078 505.668 415.975 618.136 0 0.825704 
657.573 792.367 705.062 927.362 0 0.819316 
692.46 364.99 717.45 458.763 0 0.784347 
567.587 490.346 594.822 582.034 0 0.776356 
584.448 862.703 625.94 1017.62 0 0.750791 
575.293 487.044 606.612 582.579 0 0.716965 
386.759 537.648 418.736 646.798 0 0.711491 
675.734 567.819 713.146 686.952 0 0.675046 
763.045 308.118 788.875 401.809 0 0.610993 
692.278 494.207 720.839 581.954 0 0.552322 
701.128 485.272 730.457 583.466 0 0.532953 
