540.767 364.541 573.475 481.899 0 0.9413 
316.39 234.23 350.346 328.389 0 0.896004 
659.103 497.469 697.27 632.707 0 0.837061 
649.285 403.361 682.995 501.91 0 0.74435 
566.978 683.547 591.489 775.091 0 0.739385 
63.7503 326.065 93.4387 431.466 0 0.738434 
232.055 533.262 270.374 643.401 0 0.720176 
113.394 380.672 138.699 488.961 0 0.670779 
551.505 737.6 594.764 893.425 0 0.615187 
829.885 309.756 865.704 442.457 0 0.612686 
216.586 321.127 251.607 421.696 0 0.513825 
305.333 396.135 331.568 495.188 0 0.508769 
