297.132 340.318 316.723 411.69 0 0.983241 
9.42525 457.882 33.1644 548.141 0 0.970262 
122.174 387.281 139.059 461.61 0 0.966393 
710.494 448.448 734.741 536.143 0 0.940045 
322.113 246.244 339.254 302.354 0 0.935083 
227.855 477.832 254.417 563.815 0 0.928262 
537.943 539.85 567.887 629.944 0 0.873716 
844.216 587.607 868.707 679.955 0 0.86557 
362.16 535.65 387.956 623.009 0 0.833827 
431.235 720.264 457.127 827.804 0 0.820662 
504.63 391.177 531.13 461.936 0 0.807381 
173.139 824.202 204.319 943.278 0 0.807169 
595.59 319.193 616.591 391.642 0 0.712036 
510.745 565.511 535.949 653.839 0 0.70299 
516.582 552.777 550.302 641.392 0 0.682699 
417.15 401.04 443.794 469.527 0 0.671817 
94.9477 592.771 121.092 683.62 0 0.661247 
502.124 360.41 533.674 433.303 0 0.655512 
968.7 830.666 990.367 949.75 0 0.516751 
