851.137 473.753 872.651 567.414 0 0.944638 
667.539 593.851 701.234 697.298 0 0.925226 
735.217 837.951 772.185 972.17 0 0.923046 
828.774 324.917 855.319 405.94 0 0.884831 
333.832 692.274 369.604 817.697 0 0.868073 
971.216 378.638 996.864 463.926 0 0.813464 
541.54 423.84 559.734 502.402 0 0.733902 
508.063 452.092 539.566 539.771 0 0.723298 
918.937 385.935 944.477 463.173 0 0.722966 
331.95 592.951 360.007 683.567 0 0.721385 
317.965 340.4 339.094 417.911 0 0.584143 
466.732 546.968 499.001 641.801 0 0.559015 
501.058 458.506 528.149 546.543 0 0.545937 
