575.182 406.457 614.025 532.556 0 0.888745 
91.6165 415.428 121.376 517.168 0 0.883137 
448.705 324.591 478.859 423.496 0 0.827817 
785.504 732.024 826.641 886.331 0 0.778425 
316.566 251.92 339.917 346.547 0 0.775994 
321.014 258.998 354.011 361.508 0 0.655365 
51.5819 316.913 83.2128 429.465 0 0.647498 
350.182 512.409 373.417 628.289 0 0.57908 
43.6237 321.868 72.4845 426.649 0 0.542964 
693.432 518.313 726.554 638.54 0 0.542529 
740.225 504.738 769.557 627.173 0 0.53034 
522.242 467.895 555.516 594.407 0 0.515518 
