775.297 509.417 816.568 663.25 0 0.89964 
196.083 580.69 233.01 721.02 0 0.825541 
665.227 440.348 694.186 546.121 0 0.820099 
549.969 402.602 573.24 505.383 0 0.788483 
48.1816 526.12 83.378 667.288 0 0.77434 
160.798 403.617 185.706 502.508 0 0.728114 
264.861 504.066 300.075 628.149 0 0.726422 
174.256 281.197 192.154 349.605 0 0.698673 
455.973 498.724 496.757 613.965 0 0.686397 
468.916 486.659 509.608 619.034 0 0.680668 
402.992 588.088 441.852 722.143 0 0.606792 
75.0369 687.598 112.883 843.566 0 0.556834 
471.016 413.884 495.939 506.952 0 0.534152 
168.751 566.129 193.931 635.069 0 0.527829 
329.303 474.185 363.333 574.546 0 0.508215 
