7.24847 333.25 32.7971 450.034 0 0.925956 
455.94 315.36 480.536 405.845 0 0.922831 
525.125 273.906 551.001 352.089 0 0.922595 
407.721 437.407 442.153 557.701 0 0.894582 
383.707 201.547 405.355 287.858 0 0.89042 
866.371 572.973 900.684 708.178 0 0.82938 
442.552 383.132 470.842 489.313 0 0.827765 
669.934 555.934 705.924 687.153 0 0.826445 
265.278 331.489 288.62 421.142 0 0.788137 
931.391 510.938 963.717 636.4 0 0.782115 
539.43 416.236 566.927 508.156 0 0.718562 
316.95 387.583 343.558 478.291 0 0.703028 
409.513 783.705 451.236 947.775 0 0.541727 
706.63 358.188 745.378 466.681 0 0.529593 
258.462 350.661 285.985 434.786 0 0.523271 
