506.067 351.831 532.185 428.554 0 0.926927 
261.942 695.392 304.529 818.598 0 0.924008 
437.92 512.832 471.729 612.483 0 0.905929 
714.764 401.917 740.822 483.016 0 0.896005 
828.48 316.082 852.878 393.379 0 0.894415 
169.556 291.665 193.981 371.12 0 0.890229 
682.369 265.662 704.548 334.899 0 0.879861 
336.224 477.67 362.496 557.94 0 0.873106 
568.323 530.074 598.287 620.262 0 0.68754 
619.883 692.557 653.993 801.071 0 0.587546 
429.655 399.069 456.757 479.46 0 0.540281 
791.948 226.804 811.682 292.577 0 0.521264 
