973.285 713.214 1022.23 874.796 0 0.966732 
182.276 667.237 221.149 822.02 0 0.965739 
292.751 205.201 318.839 289.569 0 0.956448 
896.015 630.87 934.547 782.33 0 0.952011 
724.543 430.492 756.219 545.803 0 0.912251 
687.76 566.932 729.16 704.739 0 0.841735 
464.958 503.068 503.374 622.75 0 0.79678 
279.698 353.815 316.603 483.737 0 0.745775 
903.213 229.413 934.409 329.777 0 0.711225 
388.048 211.625 413.352 316.221 0 0.694324 
163.763 264.551 195.966 375.907 0 0.631553 
845.029 664.196 882.005 818.971 0 0.611322 
315.531 355.99 348.097 469.222 0 0.577146 
