636.907 769.099 682.888 920.124 0 0.926494 
228.553 361.257 260.108 483.34 0 0.914554 
790.796 258.634 827.894 367.165 0 0.876696 
682.098 460.319 721.999 595.736 0 0.876622 
786.801 495.735 825.601 630.888 0 0.865214 
955.141 381.311 988.427 502.516 0 0.83663 
475.348 476.181 516.135 607.001 0 0.836049 
885.649 428.461 919.163 559.454 0 0.763885 
439.801 581.271 481.875 719.817 0 0.760067 
673.134 880.418 723.275 1024.95 0 0.744051 
567.697 537.02 612.553 659.676 0 0.675637 
773.021 336.282 809.838 447.76 0 0.623844 
840.184 377.772 873.991 480.648 0 0.555101 
