133.167 481.655 169.201 616.281 0 0.904379 
413.579 250.53 438.668 333.163 0 0.904098 
275.367 648.343 313.42 790.647 0 0.883302 
24.9176 451.516 60.4906 591.709 0 0.854005 
252.73 287.986 281.729 394.808 0 0.841371 
456.82 237.137 481.942 343.065 0 0.840262 
963.381 597.525 998.919 740.294 0 0.762931 
497.198 509.281 536.519 629.388 0 0.738126 
384.258 373.399 418.046 479.911 0 0.720109 
911.581 630.657 947.78 787.902 0 0.710698 
404.082 363.536 429.423 481.742 0 0.681868 
375.541 368.585 402.274 490.356 0 0.675852 
678.636 568.092 720.71 708.358 0 0.664779 
759.034 432.826 786.485 553.818 0 0.637378 
941.789 256.739 970.896 365.578 0 0.624832 
