29.8983 366.245 62.6261 481.562 0 0.883715 
747.057 399.999 776.156 510.11 0 0.843973 
293.42 469.017 328.567 581.409 0 0.841969 
757.009 835.623 798.406 1004.8 0 0.806961 
640.581 513.672 675.213 643.501 0 0.774007 
492.919 451.64 516.735 557.387 0 0.736203 
509.024 448.069 545.795 566.693 0 0.703058 
172.36 587.301 204.888 727.731 0 0.661263 
180.641 374.87 210.032 479.12 0 0.599649 
298.208 42.5234 320.306 131.43 0 0.580512 
352.355 411.078 389.486 522.753 0 0.533448 
391.941 52.4014 415.448 148.951 0 0.512769 
