554.8 340.105 593.108 502.553 0 0.918597 
207.062 696.213 256.911 915.515 0 0.912954 
312.425 372.536 352.428 536.989 0 0.906066 
184.779 379.965 226.804 558.222 0 0.865454 
325.009 365.144 360.152 534.459 0 0.847743 
67.2257 559.456 118.766 769.454 0 0.810327 
818.635 427.733 863.426 619.238 0 0.770768 
542.52 474.262 582.819 632.538 0 0.689001 
720.417 501.075 762.896 689.103 0 0.666442 
331.85 560.778 379.797 756.006 0 0.61016 
458.206 98.5499 484.187 173.164 0 0.531519 
110.457 470.273 151.3 640.508 0 0.514538 
