197.202 725.865 231.86 856.124 0 0.951606 
913.707 272.436 936.491 350.907 0 0.921856 
387.564 429.354 414.327 516.71 0 0.904713 
627.803 162.008 646.625 230.886 0 0.851687 
294.825 129.618 318.948 200.805 0 0.840949 
691.677 291.689 713.813 365.809 0 0.794862 
477.681 464.199 503.778 564.388 0 0.628872 
687.961 793.501 726.656 917.201 0 0.569049 
932.33 464.981 963.172 576.456 0 0.561902 
306.076 222.6 330.429 298.542 0 0.532917 
642.7 574.51 674.81 669.245 0 0.524074 
642.849 479.667 669.355 561.985 0 0.50484 
