474.037 530.747 510.95 668.852 0 0.954019 
644.688 537.358 684.087 670.189 0 0.902362 
638.036 878.413 680.239 1020.69 0 0.90091 
282.053 583.535 323.534 710.991 0 0.85546 
549.031 433.61 585.713 544.382 0 0.836938 
234.236 608.405 272.085 745.729 0 0.832394 
125.351 166.893 147.904 259.694 0 0.82405 
359.194 506.733 392.175 623.28 0 0.774097 
701.446 362.601 734.993 480.081 0 0.719219 
559.964 668.303 603.905 829.09 0 0.6829 
529.437 370.964 556.514 478.939 0 0.630858 
812.949 230.406 838.892 354.764 0 0.600688 
372.028 507.166 408.077 623.683 0 0.583709 
725.697 362.22 748.637 485.16 0 0.552192 
