682.141 300.635 704.973 387.006 0 0.926608 
841.35 325.461 865.345 415.846 0 0.923285 
615.636 353.016 645.19 445.868 0 0.88774 
825.121 215.496 847.735 299.357 0 0.885075 
719.792 336.742 743.765 437.291 0 0.780196 
793.374 445.351 829.249 552.089 0 0.752434 
890.651 140.073 910.776 220.616 0 0.702419 
613.889 507.828 647.036 612.002 0 0.678564 
612.527 594.224 647.452 706.767 0 0.628594 
108.7 341.161 135.16 441.155 0 0.628251 
114.315 774.962 150.86 913.073 0 0.615497 
236.132 625.457 260.539 727.25 0 0.521763 
394.42 458.561 420.718 574.49 0 0.517223 
677.85 510.242 709.613 610.798 0 0.506601 
