272.777 353.075 292.161 422.839 0 0.97915 
357.62 543.952 383.506 634.469 0 0.960722 
94.5775 397.455 116.549 477.321 0 0.958594 
408.45 738.504 439.147 849.562 0 0.924532 
586.628 325.888 608.346 394.856 0 0.908827 
472.097 565.897 495.611 653.344 0 0.888253 
207.122 491.328 235.902 576.594 0 0.868107 
0 473.68 9.42735 562.022 0 0.854227 
493.665 412.254 513.413 476.363 0 0.833664 
434.296 407.399 452.18 476.529 0 0.810657 
695.741 458.787 718.257 542.152 0 0.76096 
570.009 331.966 592.102 397.854 0 0.713069 
486.974 357.368 508.063 432.542 0 0.674153 
547.736 392.665 568.415 454.767 0 0.654752 
60.2115 609.891 86.7651 699.318 0 0.627061 
513.607 564.94 536.002 642.948 0 0.587471 
825.909 586.995 852.384 691.937 0 0.561966 
