   0/272       52/52      1.91      1.23      22.8      3.33      29.3         2      2.26          0          0          0          0       10.4
   1/272       52/52      1.59     0.359      6.94    0.0852      8.97         3     0.133          0          0          0          0       9.25
   2/272       52/52      1.44     0.283       6.1    0.0212      7.84         3     0.133          0          0          0          0       8.18
   3/272       52/52      1.44     0.222      5.13    0.0819      6.87         3     0.132          0          0          0          0       6.91
   4/272       52/52      1.53     0.178      4.34    0.0256      6.08         3     0.134      0.692     0.0179     0.0151      0.035        6.2
   5/272       52/52      1.36      0.27      3.55    0.0243      5.21         3     0.133      0.524      0.241      0.153       0.33       5.48
   6/272       52/52      1.44      0.19      3.16    0.0105       4.8         3     0.135      0.458      0.275      0.181      0.344       5.09
   7/272       52/52       1.5     0.203      2.87   0.00868      4.58         3     0.134      0.512      0.297      0.207      0.376       4.94
   8/272       52/52      1.49     0.218      2.65    0.0185      4.37         2     0.135      0.548      0.305      0.231      0.392       4.51
   9/272       52/52      1.43      0.23      2.36   0.00735      4.02         3     0.132      0.571      0.273      0.203      0.369       4.04
  10/272       52/52      1.32     0.181      2.07   0.00533      3.57         3     0.138      0.606      0.303      0.236      0.404       3.75
  11/272       52/52      1.42     0.212      1.79   0.00652      3.42         3     0.137      0.482      0.301      0.213      0.371       3.54
  12/272       52/52      1.48     0.203      1.51   0.00497      3.19         3     0.136      0.584      0.388      0.301      0.467       3.24
  13/272       52/52      1.42     0.155       1.3    0.0055      2.88         3     0.137       0.67      0.498      0.418      0.571       3.01
  14/272       52/52       1.4     0.177      1.21   0.00388      2.79         3     0.132      0.637       0.58      0.478      0.607       3.07
  15/272       52/52      1.44       0.2      1.15     0.006       2.8         3     0.134      0.599       0.58      0.435      0.589       2.94
  16/272       52/52      1.54     0.173      1.08   0.00399       2.8         3     0.137      0.614      0.622      0.508      0.618       3.42
  17/272       52/52      1.47     0.179      1.09   0.00343      2.74         3     0.136      0.649      0.673      0.579      0.661       2.89
  18/272       52/52      1.45     0.154      1.03   0.00793      2.64         3     0.137      0.621      0.681      0.584       0.65          3
  19/272       52/52      1.39     0.161     0.988   0.00399      2.54         3     0.134      0.639      0.631      0.505      0.635        2.7
  20/272       52/52      1.34      0.15     0.966   0.00256      2.46         3     0.135      0.611      0.711      0.608      0.657       2.57
  21/272       52/52      1.37     0.164     0.996   0.00844      2.54         3     0.134      0.621      0.671      0.564      0.645       2.58
  22/272       52/52      1.36     0.152     0.968   0.00293      2.49         3     0.134      0.627      0.691      0.589      0.658       2.59
  23/272       52/52      1.41     0.138     0.892   0.00269      2.45         3     0.136      0.583      0.625      0.494      0.603       2.92
  24/272       52/52      1.32     0.143     0.909   0.00216      2.37         3      0.14      0.634      0.699       0.59      0.665       2.55
  25/272       52/52      1.43     0.151     0.876   0.00208      2.46         3     0.135      0.674      0.691      0.615      0.682       2.71
  26/272       52/52      1.34     0.157     0.891   0.00544       2.4         3     0.135      0.646      0.723       0.63      0.682       2.55
  27/272       52/52      1.45     0.135     0.823    0.0024      2.41         3     0.134      0.674      0.715      0.641      0.694       2.44
  28/272       52/52      1.29     0.166     0.862   0.00392      2.32         3     0.137      0.644      0.673       0.56      0.658       2.59
  29/272       52/52      1.27     0.133     0.867   0.00594      2.27         3     0.135      0.672      0.707      0.611      0.689       2.67
  30/272       52/52      1.22     0.116     0.794   0.00155      2.13         3     0.135      0.584      0.691      0.564      0.633        2.7
  31/272       52/52      1.38     0.123     0.815    0.0025      2.32         3     0.141      0.632      0.731      0.635      0.678       2.53
  32/272       52/52      1.44      0.13       0.8   0.00289      2.37         3      0.14      0.612      0.667      0.523      0.639       2.79
  33/272       52/52      1.46     0.159     0.786   0.00176      2.41         3     0.135      0.642      0.683       0.59      0.662       2.59
  34/272       52/52      1.27     0.141      0.79   0.00393       2.2         3     0.134      0.604      0.661      0.503      0.631       2.48
  35/272       52/52      1.32      0.14     0.771   0.00182      2.23         3     0.133       0.66      0.739      0.644      0.697       2.52
  36/272       52/52      1.32     0.116     0.735   0.00171      2.17         3     0.135      0.664      0.733      0.645      0.697       2.41
  37/272       52/52      1.35     0.122     0.738    0.0052      2.22         3     0.133      0.634      0.749      0.642      0.687        2.4
  38/272       52/52      1.28     0.124     0.735   0.00148      2.14         3     0.138      0.608      0.649      0.494      0.628       2.44
  39/272       52/52      1.23     0.149      0.74   0.00135      2.12         3     0.134      0.654      0.767      0.662      0.706       2.28
  40/272       52/52      1.27     0.123      0.71   0.00124      2.11         3     0.133        0.6      0.733      0.594       0.66       2.41
  41/272       52/52      1.25     0.116      0.76    0.0016      2.12         3     0.134      0.654      0.761      0.661      0.703       2.41
  42/272       52/52      1.31     0.142     0.738   0.00111      2.19         3     0.138       0.67      0.737      0.645      0.702       2.32
  43/272       52/52      1.33     0.121     0.738   0.00211       2.2         3     0.139      0.668      0.771      0.678      0.716       2.47
  44/272       52/52      1.21     0.148     0.708   0.00149      2.07         3     0.134      0.638      0.705      0.563       0.67       2.53
  45/272       52/52      1.33     0.126     0.713   0.00342      2.17         3     0.135      0.614      0.727      0.601      0.666        2.3
  46/272       52/52      1.26     0.117     0.706   0.00156      2.09         3     0.137       0.65      0.729      0.638      0.687       2.36
  47/272       52/52       1.3     0.162     0.687    0.0102      2.15         2     0.135      0.666      0.747      0.653      0.704       2.21
  48/272       52/52      1.28     0.119     0.665   0.00097      2.07         3     0.135      0.666      0.735      0.639      0.699        2.3
  49/272       52/52      1.37     0.121     0.656   0.00142      2.14         2     0.138       0.66      0.753      0.659      0.703       2.14
  50/272       52/52      1.27     0.118     0.642   0.00106      2.03         3     0.138      0.638      0.727      0.609       0.68       2.36
  51/272       52/52      1.23     0.136     0.633   0.00179         2         3     0.134      0.637      0.771      0.659      0.697       2.24
  52/272       52/52      1.23     0.125     0.663   0.00162      2.02         3     0.137      0.637      0.741      0.625      0.685        2.2
  53/272       52/52       1.3     0.133     0.632   0.00105      2.06         3     0.135       0.67      0.757      0.664      0.711        2.1
  54/272       52/52      1.18     0.135      0.61   0.00101      1.93         3     0.136       0.61      0.723      0.604      0.662       2.29
  55/272       52/52      1.28     0.131     0.648   0.00123      2.06         3     0.133      0.631      0.707       0.58      0.667        2.2
  56/272       52/52      1.27     0.154     0.648   0.00112      2.07         3     0.134      0.663      0.741      0.643        0.7       2.17
  57/272       52/52      1.21     0.128     0.625   0.00156      1.97         3     0.134      0.603      0.733      0.611      0.662       2.08
  58/272       52/52      1.31     0.141     0.637  0.000941      2.09         3     0.138      0.644      0.731       0.62      0.685       2.14
  59/272       52/52      1.26     0.119     0.592   0.00123      1.97         3     0.135      0.621      0.675      0.557      0.647       2.43
  60/272       52/52      1.29     0.126     0.591   0.00147         2         2     0.134      0.633      0.745      0.644      0.684       2.08
  61/272       52/52      1.44     0.112       0.6   0.00136      2.15         3     0.133       0.68      0.749      0.658      0.713       2.15
  62/272       52/52      1.33     0.181     0.607     0.002      2.12         3     0.135      0.627      0.751      0.651      0.684        2.1
  63/272       52/52      1.29     0.206     0.576   0.00241      2.08         3     0.136      0.665      0.751      0.653      0.705       2.25
  64/272       52/52      1.35       0.2     0.601   0.00123      2.15         3     0.138      0.589      0.624      0.458      0.606       2.25
  65/272       52/52      1.26     0.174     0.585  0.000738      2.02         2     0.133      0.631      0.747      0.641      0.684       2.22
  66/272       52/52      1.26     0.133     0.567  0.000722      1.96         3     0.136      0.596      0.665       0.52      0.629       2.09
  67/272       52/52      1.22     0.118     0.554  0.000869      1.89         3     0.135      0.655      0.757      0.653      0.702       2.03
  68/272       52/52      1.29     0.134     0.563   0.00132      1.99         3     0.134      0.614      0.727      0.601      0.666       1.97
  69/272       52/52      1.33     0.126     0.534   0.00173      1.99         3     0.136      0.647      0.693      0.582      0.669       2.04
  70/272       52/52      1.31     0.128     0.565  0.000821         2         3     0.138      0.624      0.789      0.684      0.697       2.06
  71/272       52/52      1.27     0.134     0.536  0.000772      1.94         3     0.138      0.669      0.749      0.656      0.707       2.22
  72/272       52/52      1.25     0.115     0.543  0.000689      1.91         3     0.135      0.674      0.779       0.68      0.723       2.04
  73/272       52/52      1.24     0.154     0.555   0.00307      1.95         3     0.134      0.604      0.679      0.526      0.639        2.2
  74/272       52/52      1.29     0.177     0.506  0.000784      1.98         3     0.138      0.599      0.697      0.528      0.645       2.28
  75/272       52/52      1.38     0.133      0.53  0.000821      2.05         3     0.135      0.634      0.767      0.647      0.694       2.02
  76/272       52/52      1.28     0.109     0.531  0.000901      1.92         3     0.134      0.611      0.765      0.614       0.68       2.18
  77/272       52/52      1.28     0.117     0.519  0.000787      1.91         3     0.137      0.666      0.771      0.672      0.715       2.06
  78/272       52/52      1.29     0.128     0.514   0.00106      1.93         3     0.135      0.654      0.763      0.654      0.704       1.99
  79/272       52/52      1.28     0.114     0.518  0.000934      1.91         3     0.137      0.601      0.661      0.525       0.63       2.12
  80/272       52/52      1.27     0.153     0.493   0.00265      1.92         3     0.137      0.632      0.739      0.614      0.681       2.07
  81/272       52/52      1.39     0.108     0.509   0.00209      2.01         3     0.137      0.596      0.747      0.596      0.663       1.93
  82/272       52/52      1.21     0.137      0.51  0.000863      1.86         3     0.135      0.643      0.761      0.646      0.697          2
  83/272       52/52      1.36     0.108     0.485   0.00128      1.95         3     0.137      0.651      0.777       0.67      0.708       2.03
  84/272       52/52      1.23     0.117     0.486  0.000966      1.84         3     0.133       0.62      0.695      0.565      0.655       2.09
  85/272       52/52      1.16     0.114     0.492  0.000794      1.76         3     0.134      0.635      0.767      0.658      0.695          2
  86/272       52/52      1.28     0.117     0.484  0.000944      1.88         2     0.133      0.574      0.699      0.531      0.631       2.22
  87/272       52/52      1.35     0.111     0.485   0.00101      1.95         3     0.134      0.618      0.745      0.621      0.676       1.93
  88/272       52/52       1.3     0.134       0.5   0.00239      1.94         3     0.133      0.558      0.779      0.588       0.65       1.84
  89/272       52/52      1.44     0.134     0.478  0.000573      2.06         3     0.134      0.462      0.576      0.344      0.512       2.38
  90/272       52/52      1.25     0.131     0.493  0.000983      1.87         3     0.134      0.638      0.757      0.632      0.692       1.98
  91/272       52/52      1.21     0.115     0.443  0.000467      1.77         3     0.134      0.627      0.759      0.631      0.686       1.91
  92/272       52/52      1.23     0.126     0.474   0.00121      1.83         3     0.136      0.615      0.751       0.61      0.676       1.95
  93/272       52/52      1.29      0.12     0.452   0.00109      1.87         2     0.133      0.515      0.773      0.563      0.618       1.99
  94/272       52/52      1.25      0.13     0.464  0.000889      1.85         3     0.133      0.612      0.775      0.644      0.684       1.87
  95/272       52/52      1.24     0.116     0.463  0.000631      1.82         3     0.138      0.554      0.675      0.488      0.609       2.15
  96/272       52/52      1.23     0.121     0.478  0.000806      1.83         3     0.137      0.614      0.789      0.661       0.69       1.92
  97/272       52/52      1.23     0.167      0.45   0.00114      1.84         3     0.136      0.487      0.743      0.562      0.588       2.05
   0/272   3894/3894       1.3     0.304      6.07     0.691      8.37         8      2.42      0.706      0.476      0.375      0.569        2.1
  98/272       52/52      1.22      0.12     0.468  0.000794      1.81         3     0.133      0.552      0.767      0.605      0.642        1.9
  99/272       52/52      1.26     0.122     0.444   0.00224      1.83         3     0.135      0.618      0.787      0.665      0.692       1.89
 100/272       52/52      1.21     0.127     0.458   0.00165       1.8         3      0.14      0.579      0.759      0.622      0.657       1.87
 101/272       52/52      1.23     0.114      0.48   0.00173      1.82         2     0.133      0.589      0.783      0.649      0.672       1.79
 102/272       52/52      1.34    0.0924     0.445  0.000695      1.88         3     0.135      0.564      0.719       0.57      0.632       1.89
 103/272       52/52       1.4     0.125     0.437  0.000342      1.97         3     0.135      0.577      0.731      0.587      0.645       2.06
 104/272       52/52      1.26     0.122     0.443   0.00253      1.83         3     0.135      0.593      0.797       0.66       0.68       1.91
 105/272       52/52      1.29     0.133      0.44  0.000973      1.86         3     0.133      0.569      0.783      0.654      0.659       2.02
 106/272       52/52       1.3     0.126     0.443   0.00146      1.87         2     0.133      0.587      0.713      0.575      0.644       1.87
 107/272       52/52      1.25     0.194     0.456  0.000952       1.9         3     0.137      0.573      0.789      0.648      0.664       1.96
 108/272       52/52       1.3     0.132     0.434  0.000468      1.87         3     0.134      0.606      0.795      0.677      0.688       1.74
 109/272       52/52      1.23     0.117     0.437   0.00105      1.79         3     0.135      0.583      0.773      0.655      0.665       1.86
 110/272       52/52      1.26     0.128      0.44   0.00104      1.82         3     0.137      0.591      0.793      0.678      0.677       1.87
 111/272       52/52      1.35     0.185     0.451  0.000951      1.99         3     0.133      0.564      0.791      0.641      0.658       1.89
 112/272       52/52      1.22     0.123     0.437  0.000558      1.78         3     0.136      0.611      0.795      0.692      0.691       1.91
 113/272       52/52      1.22     0.131     0.422  0.000539      1.77         3     0.133      0.602      0.799      0.678      0.687       1.82
 114/272       52/52       1.4     0.126     0.436  0.000702      1.96         3     0.136      0.549      0.755      0.599      0.636          2
 115/272       52/52      1.27      0.13     0.432   0.00052      1.84         2     0.136      0.604      0.797      0.683      0.687       1.86
 116/272       52/52       1.3     0.142     0.433   0.00131      1.88         3     0.133      0.584      0.797      0.684      0.674       1.78
 117/272       52/52      1.21     0.136     0.428  0.000688      1.78         3     0.135      0.588      0.779      0.661       0.67       1.82
 118/272       52/52      1.22      0.12     0.424  0.000625      1.77         3     0.136      0.582      0.803      0.647      0.674       1.83
 119/272       52/52       1.3     0.101     0.416   0.00071      1.81         3     0.136      0.597      0.783      0.664      0.678       1.83
 120/272       52/52      1.29     0.134     0.424  0.000855      1.85         3     0.136      0.604      0.801      0.691      0.688       1.84
 121/272       52/52      1.19     0.151     0.422  0.000628      1.77         3     0.137      0.591      0.771      0.645      0.669       1.81
 122/272       52/52      1.24     0.128     0.419  0.000803      1.79         3     0.139      0.596      0.745      0.639      0.662       1.84
 123/272       52/52      1.29     0.118      0.41  0.000649      1.82         3     0.136      0.572      0.731      0.591      0.642       1.97
 124/272       52/52      1.27     0.104     0.415  0.000569      1.79         3     0.137      0.592      0.805      0.698      0.682       1.94
 125/272       52/52      1.23     0.165     0.438   0.00147      1.84         2     0.134      0.563      0.779      0.639      0.654       1.92
 126/272       52/52      1.32     0.126     0.412  0.000899      1.86         2     0.138      0.593      0.791      0.677      0.677       1.89
 127/272       52/52      1.25     0.117     0.424  0.000622      1.79         3     0.135      0.588      0.795      0.685      0.676       1.77
 128/272       52/52      1.29      0.11     0.407  0.000432       1.8         3     0.134      0.566      0.795      0.666      0.661       1.82
 129/272       52/52      1.23     0.139     0.428  0.000879       1.8         2     0.134       0.61      0.789      0.675      0.688       1.82
 130/272       52/52      1.27     0.125     0.408   0.00104      1.81         3     0.133      0.527      0.695       0.49        0.6       2.04
 131/272       52/52       1.3     0.165     0.415   0.00204      1.88         3     0.134      0.566      0.761       0.61      0.649       2.02
 132/272       52/52      1.25     0.119     0.396   0.00048      1.76         3     0.137      0.593      0.763      0.625      0.667       1.89
 133/272       52/52       1.2     0.103     0.429   0.00105      1.73         3     0.134      0.533      0.695      0.515      0.603       1.89
 134/272       52/52      1.39     0.124     0.423   0.00135      1.94         3     0.137      0.604      0.819      0.704      0.695       1.94
 135/272       52/52      1.26     0.135     0.414  0.000519      1.81         3     0.137      0.591      0.791      0.665      0.676       1.85
 136/272       52/52      1.25      0.15     0.419  0.000507      1.82         3     0.136      0.554      0.713      0.522      0.624       1.93
 137/272       52/52      1.35     0.138     0.405  0.000426      1.89         3     0.137        0.6      0.787      0.658      0.681        1.8
 138/272       52/52      1.27     0.128     0.401  0.000703       1.8         3     0.134       0.63      0.799      0.705      0.704        1.8
 139/272       52/52      1.22    0.0947     0.403  0.000873      1.72         3     0.134      0.608      0.799      0.685       0.69       1.74
 140/272       52/52      1.33      0.13     0.395  0.000466      1.86         3     0.136      0.597      0.791      0.674       0.68        1.8
 141/272       52/52      1.26     0.102     0.393  0.000454      1.75         3     0.135      0.617      0.799      0.685      0.696       1.97
 142/272       52/52      1.26     0.105     0.396  0.000524      1.76         3     0.136      0.596      0.807      0.681      0.686       1.69
 143/272       52/52      1.22     0.102       0.4  0.000391      1.72         3     0.136      0.629      0.793      0.687      0.701       1.87
 144/272       52/52      1.21     0.134     0.388  0.000493      1.73         3     0.136      0.563      0.745      0.571      0.642       1.92
 145/272       52/52      1.25     0.111     0.406  0.000956      1.77         3     0.136      0.634      0.793      0.696      0.704       1.81
 146/272       52/52      1.21     0.098     0.403   0.00047      1.71         3     0.135      0.569      0.739      0.593      0.643       1.84
 147/272       52/52      1.32    0.0971     0.406  0.000287      1.82         3     0.135      0.601      0.803      0.689      0.687       1.71
 148/272       52/52      1.29     0.127     0.403  0.000511      1.82         3     0.134       0.52      0.687       0.47      0.592       1.94
 149/272       52/52      1.24     0.122     0.394   0.00094      1.75         3     0.134      0.563      0.761      0.579      0.647       1.86
 150/272       52/52      1.26     0.124     0.401  0.000893      1.79         3     0.138      0.582      0.769      0.632      0.663       1.82
 151/272       52/52      1.19     0.152     0.389  0.000544      1.74         3     0.136      0.607      0.783      0.665      0.684       1.82
 152/272       52/52      1.09     0.115     0.398  0.000608      1.61         3     0.136      0.574      0.747      0.597      0.649       1.83
 153/272       52/52      1.15     0.118      0.38  0.000356      1.65         3     0.136      0.596      0.813      0.701      0.688       1.84
 154/272       52/52      1.34     0.109     0.402  0.000707      1.85         3     0.134      0.612      0.793      0.684      0.691       1.83
 155/272       52/52      1.19     0.104     0.397  0.000913       1.7         3     0.137      0.588      0.809      0.694      0.681       1.94
 156/272       52/52      1.26     0.104       0.4  0.000648      1.77         3     0.138      0.593      0.799      0.681      0.681       1.74
   1/272   3894/3894      1.26     0.255     0.287   0.00264      1.81         8     0.186      0.718       0.53      0.427      0.609       1.85
 157/272       52/52       1.3     0.123     0.394  0.000405      1.82         3     0.136      0.547      0.729      0.552      0.625       1.89
 158/272       52/52      1.22     0.115     0.393  0.000343      1.72         3     0.136      0.594      0.761      0.623      0.667       1.83
 159/272       52/52       1.2     0.128     0.394  0.000434      1.72         3     0.135        0.6      0.801      0.686      0.686       1.86
 160/272       52/52      1.39     0.113     0.393  0.000765       1.9         2     0.136      0.555      0.707      0.546      0.622       2.02
 161/272       52/52      1.27     0.141     0.389  0.000583       1.8         3     0.138      0.568      0.781      0.601      0.658       1.89
 162/272       52/52      1.24     0.126     0.397  0.000418      1.76         3     0.135      0.549      0.747      0.548      0.633       1.83
 163/272       52/52      1.35    0.0958      0.38  0.000347      1.82         3     0.137      0.586      0.779      0.664      0.669       1.78
 164/272       52/52      1.24    0.0997     0.394  0.000453      1.74         3     0.137      0.594      0.771      0.647      0.671       1.87
 165/272       52/52      1.26     0.116     0.392   0.00111      1.77         3     0.134      0.604      0.817      0.703      0.694       1.77
 166/272       52/52      1.19     0.115     0.387  0.000523      1.69         3     0.134      0.509      0.757      0.491      0.609       2.15
 167/272       52/52      1.22     0.114     0.388  0.000401      1.72         2     0.134      0.633      0.789      0.694      0.702       1.73
 168/272       52/52      1.22     0.131     0.393   0.00046      1.75         3     0.137      0.608      0.793      0.653      0.688       1.81
 169/272       52/52      1.21     0.115     0.401  0.000429      1.73         3     0.137       0.59      0.761      0.614      0.665       1.79
 170/272       52/52      1.23     0.109     0.404  0.000514      1.75         3     0.137      0.581      0.801      0.687      0.673       1.76
 171/272       52/52      1.14     0.133     0.399  0.000618      1.68         3     0.135      0.609      0.801      0.706      0.692       1.92
 172/272       52/52       1.3     0.111      0.39   0.00049       1.8         3     0.136      0.601      0.803       0.71      0.688       1.81
 173/272       52/52       1.2     0.144     0.389    0.0004      1.74         3     0.134      0.582      0.781      0.666      0.667       1.81
 174/272       52/52      1.25       0.1     0.379  0.000376      1.73         3     0.135      0.613      0.783      0.667      0.688        1.7
 175/272       52/52      1.37     0.134     0.388  0.000553      1.89         3     0.135      0.559      0.703      0.503      0.623       1.96
 176/272       52/52      1.35      0.12     0.399   0.00108      1.87         3     0.136      0.555      0.781      0.639      0.649        1.9
 177/272       52/52      1.35     0.143     0.387  0.000393      1.88         3     0.133      0.597      0.771      0.641      0.673       1.98
 178/272       52/52      1.22     0.123     0.378  0.000428      1.73         3     0.134      0.628      0.803      0.694      0.705        1.8
 179/272       52/52      1.28     0.123     0.391  0.000772      1.79         3     0.138      0.534      0.759      0.556      0.627       1.82
 180/272       52/52      1.27     0.131     0.392  0.000635      1.79         2     0.134      0.602      0.811      0.703      0.691       1.82
 181/272       52/52      1.27     0.135     0.397   0.00219      1.81         3     0.135      0.579      0.777      0.646      0.663       1.74
 182/272       52/52      1.35     0.124     0.387  0.000444      1.87         3     0.133      0.593      0.809        0.7      0.684       1.73
 183/272       52/52      1.25     0.109      0.39   0.00038      1.75         3     0.138      0.614      0.777      0.669      0.686       1.91
 184/272       52/52      1.39     0.124     0.394  0.000542      1.91         2     0.136        0.6      0.803      0.686      0.687       1.97
 185/272       52/52       1.3     0.159     0.371  0.000396      1.83         3     0.137      0.527      0.799      0.577      0.635       1.84
 186/272       52/52      1.26     0.153     0.388  0.000447       1.8         3     0.135      0.624      0.811      0.712      0.705       1.79
 187/272       52/52      1.22     0.105     0.391     0.001      1.72         3     0.138      0.638      0.805      0.706      0.712        1.8
 188/272       52/52      1.26     0.102      0.38  0.000528      1.74         3     0.136      0.609      0.793      0.677      0.689       1.84
 189/272       52/52      1.27     0.108     0.379  0.000371      1.76         3     0.133      0.582      0.731      0.559      0.648       1.95
 190/272       52/52      1.25     0.124     0.378   0.00028      1.75         3     0.132      0.611      0.811      0.704      0.697       1.73
 191/272       52/52      1.24     0.109     0.382  0.000381      1.73         3     0.135      0.599      0.799      0.693      0.685       1.88
 192/272       52/52       1.3     0.119     0.381  0.000514       1.8         3     0.135      0.628      0.795      0.698      0.702       1.79
 193/272       52/52      1.25    0.0991     0.383  0.000638      1.73         3     0.132      0.578      0.779      0.606      0.664       1.83
 194/272       52/52      1.13     0.108     0.386  0.000626      1.62         3     0.138      0.625      0.807      0.696      0.704       1.73
 195/272       52/52      1.23     0.142     0.372  0.000445      1.75         3     0.138      0.575      0.795      0.635      0.667       1.71
 196/272       52/52      1.19     0.131     0.384  0.000482       1.7         3     0.133      0.614      0.773      0.626      0.684       1.73
 197/272       52/52      1.17     0.113     0.391   0.00102      1.67         2     0.137      0.627      0.797      0.692      0.702       1.94
 198/272       52/52      1.37     0.107     0.374  0.000321      1.85         3     0.136      0.619      0.815      0.713      0.703       1.82
 199/272       52/52      1.21      0.11     0.389  0.000344      1.71         3     0.133      0.613      0.803      0.705      0.695       1.78
 200/272       52/52      1.21      0.13     0.385  0.000478      1.73         3     0.137      0.624      0.819      0.719      0.708       1.77
 201/272       52/52      1.25     0.116     0.382   0.00066      1.75         3     0.134      0.625      0.779      0.652      0.693       1.87
 202/272       52/52      1.41    0.0956     0.374  0.000377      1.88         3     0.137      0.643      0.803      0.713      0.714       1.64
 203/272       52/52      1.39     0.105     0.385  0.000817      1.88         3     0.135      0.631      0.769      0.647      0.693       1.78
 204/272       52/52      1.28      0.12     0.383   0.00041      1.79         3     0.134      0.648      0.813      0.719      0.721       1.72
 205/272       52/52      1.26     0.108     0.384  0.000389      1.76         3     0.135      0.642      0.819      0.731       0.72       1.76
 206/272       52/52      1.28     0.107     0.374  0.000344      1.76         3     0.135      0.602      0.811      0.715      0.691       1.74
 207/272       52/52      1.29      0.15     0.381  0.000893      1.82         3     0.134      0.604      0.813      0.712      0.693       1.82
 208/272       52/52      1.23     0.109     0.384  0.000811      1.73         2     0.138       0.62      0.713      0.565      0.664       1.79
 209/272       52/52      1.19     0.127     0.382  0.000877       1.7         3     0.135      0.651      0.811      0.722      0.722       1.73
 210/272       52/52      1.16     0.109     0.368  0.000764      1.64         3     0.136      0.583      0.815      0.675      0.679       1.74
 211/272       52/52       1.2     0.146     0.374   0.00056      1.72         2     0.134      0.494      0.745      0.506      0.594       1.95
 212/272       52/52      1.32      0.12      0.37  0.000828      1.81         3     0.136      0.648      0.795      0.693      0.714       1.84
 213/272       52/52      1.21     0.129     0.367  0.000317      1.71         3     0.136      0.623      0.759      0.647      0.684       1.81
 214/272       52/52      1.27     0.138      0.38   0.00144      1.79         3     0.139       0.64      0.807      0.716      0.714       1.76
 215/272       52/52      1.18     0.112     0.371   0.00042      1.67         3     0.134      0.638      0.785      0.692      0.704       1.65
   2/272   3894/3894      1.27     0.181     0.279  0.000766      1.73         8     0.178      0.747      0.544      0.436       0.63       1.93
 216/272       52/52      1.28     0.111      0.37  0.000416      1.76         3     0.133      0.669      0.813       0.73      0.734       1.66
 217/272       52/52       1.2     0.115     0.371  0.000982      1.68         3     0.136      0.601      0.797      0.685      0.685       1.84
 218/272       52/52      1.18    0.0934     0.387  0.000532      1.66         3     0.136      0.667      0.785        0.7      0.721       1.63
 219/272       52/52      1.13    0.0652     0.369   0.00103      1.56         3     0.134      0.676      0.785      0.708      0.726       1.66
 220/272       52/52      1.14    0.0807      0.37  0.000284      1.59         3      0.14      0.667      0.807      0.726       0.73       1.64
 221/272       52/52      1.14      0.07     0.379   0.00058      1.59         3     0.135      0.677      0.801      0.719      0.734       1.66
 222/272       52/52      1.11    0.0729      0.36  0.000275      1.54         3     0.135      0.663      0.815      0.731      0.731       1.61
 223/272       52/52      1.16    0.0834     0.368  0.000655      1.61         2     0.135      0.682      0.809       0.73       0.74       1.62
 224/272       52/52       1.1    0.0768     0.368  0.000446      1.54         3     0.134      0.681      0.811      0.737       0.74       1.64
 225/272       52/52      1.09    0.0728     0.363  0.000227      1.53         3     0.133      0.671      0.809      0.729      0.734       1.62
 226/272       52/52      1.13    0.0762     0.366  0.000385      1.58         3     0.137      0.674      0.807      0.727      0.734       1.61
 227/272       52/52      1.06    0.0739     0.382  0.000361      1.51         3     0.136      0.681      0.813      0.737      0.741       1.62
 228/272       52/52      1.16    0.0717     0.377  0.000509       1.6         3     0.136      0.671      0.805      0.721      0.732       1.65
 229/272       52/52      1.14    0.0765     0.373  0.000999      1.59         2     0.134      0.676      0.809      0.727      0.736       1.62
 230/272       52/52      1.13    0.0778     0.377  0.000556      1.58         3     0.137      0.667      0.801      0.712      0.728       1.67
 231/272       52/52      1.18    0.0736     0.382  0.000608      1.64         3     0.135      0.684      0.807      0.726       0.74       1.62
 232/272       52/52      1.14    0.0796     0.373  0.000354      1.59         3     0.135      0.682      0.803      0.726      0.737       1.63
 233/272       52/52      1.21    0.0732      0.38  0.000477      1.66         3     0.137      0.672      0.809      0.724      0.734       1.62
 234/272       52/52      1.08    0.0682     0.378   0.00186      1.53         3     0.135      0.675      0.795      0.718       0.73       1.64
 235/272       52/52      1.07    0.0666     0.371  0.000394       1.5         3     0.134      0.673      0.809      0.725      0.735       1.64
 236/272       52/52      1.15    0.0698     0.374  0.000443      1.59         3     0.136      0.658      0.801      0.724      0.722        1.6
 237/272       52/52      1.09    0.0725     0.372  0.000421      1.54         3     0.135      0.666      0.807      0.724       0.73       1.61
 238/272       52/52      1.08    0.0672     0.373  0.000295      1.52         3     0.135      0.677      0.813       0.73      0.738       1.61
 239/272       52/52      1.12    0.0711     0.382   0.00044      1.58         3     0.135      0.685      0.815      0.734      0.744       1.63
 240/272       52/52      1.16    0.0697     0.377    0.0003       1.6         3     0.134      0.668      0.811       0.73      0.733       1.57
 241/272       52/52      1.09    0.0816     0.359  0.000501      1.53         3     0.135      0.672      0.805      0.727      0.733        1.6
 242/272       52/52      1.09     0.062     0.375   0.00068      1.52         3     0.134      0.679      0.801      0.721      0.735       1.64
 243/272       52/52      1.16    0.0799     0.372   0.00045      1.61         3     0.134      0.676      0.799      0.722      0.732       1.64
 244/272       52/52       1.1     0.065     0.378  0.000445      1.54         3     0.133      0.686      0.811      0.732      0.743       1.62
 245/272       52/52      1.17    0.0713      0.37  0.000862      1.61         3     0.137      0.673      0.805      0.725      0.733       1.61
 246/272       52/52      1.16    0.0664     0.366   0.00144      1.59         3     0.134      0.674      0.809      0.726      0.736       1.61
 247/272       52/52      1.14    0.0653     0.378  0.000574      1.58         3     0.139      0.672      0.813      0.728      0.736        1.6
 248/272       52/52       1.1    0.0652     0.366  0.000508      1.53         2     0.133      0.678      0.805      0.729      0.736       1.61
 249/272       52/52      1.12     0.069     0.368  0.000234      1.56         3     0.136      0.682      0.813      0.729      0.742       1.62
 250/272       52/52      1.07    0.0642     0.376  0.000785      1.51         3     0.134      0.683      0.801      0.725      0.737       1.61
 251/272       52/52      1.08    0.0672     0.374  0.000393      1.52         3     0.133      0.683      0.821      0.735      0.746       1.61
 252/272       52/52      1.09    0.0682     0.372  0.000493      1.53         3     0.138      0.691      0.817      0.736      0.749       1.61
 253/272       52/52      1.07    0.0714      0.37   0.00032      1.51         3     0.135      0.683      0.815      0.735      0.743       1.61
 254/272       52/52      1.05    0.0685     0.369  0.000328      1.49         3     0.136      0.678      0.805      0.721      0.736        1.6
 255/272       52/52      1.13    0.0654     0.376  0.000496      1.57         3     0.133      0.683      0.813       0.73      0.742        1.6
 256/272       52/52      1.17    0.0731     0.375  0.000497      1.62         3     0.136      0.684      0.817      0.732      0.745        1.6
 257/272       52/52      1.13    0.0741     0.375   0.00072      1.58         3     0.134       0.67      0.801      0.716       0.73       1.61
 258/272       52/52      1.08    0.0691     0.374  0.000426      1.52         3     0.137      0.661      0.809      0.724      0.728        1.6
 259/272       52/52      1.08    0.0696     0.374  0.000457      1.52         3     0.136      0.684      0.815       0.73      0.744       1.61
 260/272       52/52      1.18    0.0607     0.366  0.000496      1.61         3     0.136      0.669      0.799      0.724      0.728        1.6
 261/272       52/52       1.1    0.0666     0.384  0.000767      1.55         3     0.133      0.668      0.805       0.72       0.73        1.6
 262/272       52/52      1.09    0.0699     0.374  0.000801      1.53         3     0.135      0.679      0.809      0.728      0.738        1.6
 263/272       52/52      1.16    0.0749      0.36  0.000433       1.6         3     0.137      0.678      0.817      0.733      0.741        1.6
 264/272       52/52      1.09    0.0686     0.381   0.00102      1.54         3     0.136      0.671      0.811      0.723      0.734        1.6
 265/272       52/52      1.08    0.0647     0.364  0.000263      1.51         3     0.137       0.67      0.813      0.728      0.734       1.59
 266/272       52/52      1.09    0.0691     0.385   0.00123      1.54         3     0.136      0.683      0.799      0.721      0.736        1.6
 267/272       52/52       1.1    0.0712     0.377  0.000499      1.55         3     0.134      0.686      0.819      0.738      0.747       1.61
 268/272       52/52      1.12    0.0728      0.38  0.000894      1.58         3     0.132      0.682      0.811      0.726      0.741       1.59
 269/272       52/52      1.13    0.0777     0.363  0.000566      1.57         3     0.135      0.677      0.813      0.727      0.738       1.59
 270/272       52/52      1.16     0.066     0.367   0.00058      1.59         3     0.135      0.674      0.819      0.734      0.739        1.6
 271/272       52/52      1.06    0.0629     0.374  0.000736       1.5         3     0.132      0.677      0.803      0.724      0.735        1.6
 272/272       52/52      1.19    0.0708     0.361  0.000604      1.62         3     0.135       0.67      0.809      0.723      0.733       1.59
   3/272   3894/3894      1.25      0.18     0.275  0.000723       1.7         8     0.186      0.598      0.462      0.317      0.521       1.93
   4/272   3894/3894      1.27     0.215     0.275  0.000946      1.76         8      0.18      0.658      0.528      0.394      0.586       1.81
   5/272   3894/3894      1.25     0.183     0.272  0.000552      1.71         8     0.182      0.676      0.558      0.435      0.612       1.77
   6/272   3894/3894      1.26     0.206      0.27  0.000517      1.74         8     0.177      0.535      0.433      0.267      0.479       1.94
   7/272   3894/3894      1.25     0.163     0.269  0.000578      1.68         8     0.182      0.564      0.514      0.334      0.538       1.86
   8/272   3894/3894      1.27     0.182     0.269  0.000564      1.72         8     0.183      0.801      0.633      0.567      0.707       1.73
   9/272   3894/3894      1.26     0.165     0.268   0.00033      1.69         8     0.181      0.722      0.613       0.51      0.663       1.77
  10/272   3894/3894      1.27     0.159     0.268  0.000742       1.7         8     0.179      0.724      0.605      0.506      0.659       1.68
  11/272   3894/3894      1.27     0.202     0.267  0.000308      1.74         8      0.18      0.565      0.534      0.365      0.549       2.04
  12/272   3894/3894      1.25     0.196     0.266  0.000269      1.71         8     0.181      0.773      0.611      0.505      0.682       1.89
  13/272   3894/3894      1.24     0.202     0.266  0.000314      1.71         8      0.18      0.709      0.579      0.459      0.637       2.03
  14/272   3894/3894      1.27     0.355     0.266  0.000307      1.89         8     0.183      0.721      0.605      0.496      0.658       1.96
  15/272   3894/3894      1.25     0.198     0.266  0.000312      1.71         8     0.177      0.801      0.654      0.591       0.72       1.94
  16/272   3894/3894      1.27      0.63     0.266  0.000335      2.16         8     0.178      0.723        0.6      0.499      0.656       1.69
  17/272   3894/3894      1.25      1.15     0.265  0.000419      2.66         8      0.18      0.694      0.609      0.481      0.649       1.87
  18/272   3894/3894      1.25     0.217     0.265  0.000313      1.73         8     0.178      0.674      0.532      0.394      0.594       1.75
  19/272   3894/3894      1.29     0.335     0.265  0.000447      1.89         8      0.18      0.676      0.567      0.446      0.617        1.8
  20/272   3894/3894      1.24      0.91     0.265  0.000549      2.41         8      0.18       0.69      0.567      0.448      0.623       2.09
  21/272   3894/3894      1.27     0.232     0.265  0.000451      1.77         8     0.181      0.725      0.607      0.496       0.66       1.86
  22/272   3894/3894      1.24       0.2     0.264   0.00027      1.71         8     0.181      0.554      0.477      0.318      0.513       1.78
  23/272   3894/3894      1.24      0.21     0.263  0.000211      1.71         8     0.177      0.716      0.641      0.527      0.676       1.71
  24/272   3894/3894      1.24     0.256     0.263  0.000339      1.76         8     0.181      0.647      0.559      0.416        0.6       1.99
  25/272   3894/3894      1.25     0.328     0.264   0.00028      1.84         8      0.18      0.618      0.549      0.393      0.581       1.96
  26/272   3894/3894      1.25      0.23     0.264  0.000222      1.74         8     0.178      0.633      0.576      0.424      0.603       1.67
  27/272   3894/3894      1.26     0.221     0.264  0.000427      1.74         8     0.178      0.786      0.651      0.564      0.712        1.7
  28/272   3894/3894      1.27     0.252     0.263  0.000314      1.79         8     0.183      0.761      0.588      0.472      0.664       2.15
  29/272   3894/3894      1.25     0.236     0.264  0.000301      1.75         8      0.18      0.637      0.531      0.398      0.579       1.91
  30/272   3894/3894      1.25     0.179     0.263  0.000205      1.69         8      0.18      0.574      0.518      0.362      0.545        1.8
  31/272   3894/3894      1.25      22.7     0.264  0.000371      24.2         8     0.184      0.785      0.658      0.573      0.716       2.11
  32/272   3894/3894      1.24      12.5     0.263  0.000282        14         8     0.179      0.777      0.642      0.558      0.703       1.74
  33/272   3894/3894      1.28      1.13     0.263  0.000258      2.67         8     0.181      0.689      0.568      0.435      0.623       1.89
  34/272   3894/3894      1.26     0.777     0.263  0.000243       2.3         8     0.185      0.802      0.672      0.607      0.731       2.06
  35/272   3894/3894      1.26      35.4     0.263  0.000367      36.9         8     0.183      0.825      0.635      0.566      0.718       1.74
  36/272   3894/3894      1.25      9.68     0.263  0.000318      11.2         8     0.177       0.62      0.563      0.412       0.59       1.77
  37/272   3894/3894      1.25      4.32     0.263  0.000336      5.84         8     0.177       0.62      0.567      0.395      0.592       1.99
  38/272   3894/3894      1.26      0.18     0.263  0.000231       1.7         8     0.181      0.584      0.513      0.339      0.546       2.12
  39/272   3894/3894      1.27      3.53     0.263  0.000373      5.06         8     0.183      0.818      0.655      0.592      0.727       1.77
  40/272   3894/3894      1.26      1.87     0.263  0.000232      3.39         8     0.178      0.773      0.641      0.551      0.701       2.15
  41/272   3894/3894      1.24     0.819     0.262  0.000251      2.32         8     0.182      0.498      0.477      0.269      0.488       1.87
  42/272   3894/3894      1.25      2.27     0.263  0.000396      3.78         8     0.182      0.574      0.509      0.342      0.539       1.74
  43/272   3894/3894      1.24      5.48     0.263  0.000322      6.99         8     0.178      0.569      0.527      0.363      0.547       2.48
  44/272   3894/3894      1.29      3.12     0.262  0.000457      4.67         8     0.183        0.7      0.567       0.44      0.627       1.82
  45/272   3894/3894      1.25     0.292     0.262  0.000225       1.8         8     0.178      0.654      0.573      0.431      0.611       1.78
  46/272   3894/3894      1.26       684     0.262  0.000278       685         8      0.18       0.65      0.611      0.465       0.63       2.16
  47/272   3894/3894      1.26   2.1e+03     0.262   0.00026   2.1e+03         8     0.183      0.689      0.611      0.497      0.647       2.03
  48/272   3894/3894      1.25     0.169     0.261  0.000208      1.69         8     0.179      0.689      0.582      0.461      0.631       2.23
  49/272   3894/3894      1.24  1.35e+03     0.262  0.000434  1.36e+03         8     0.181       0.64      0.544      0.402      0.588       1.97
  50/272   3894/3894      1.25        68     0.262  0.000242      69.5         8     0.181      0.698      0.616      0.499      0.654       1.94
  51/272   3894/3894      1.24       337     0.263  0.000364       338         8     0.179      0.656      0.558      0.419      0.603       2.29
  52/272   3894/3894      1.24       213     0.263  0.000302       214         8     0.184      0.757       0.62      0.528      0.681       1.76
  53/272   3894/3894      1.25       453     0.262  0.000376       454         8     0.179      0.724      0.574      0.465       0.64       1.94
  54/272   3894/3894      1.24       291     0.262  0.000275       293         8     0.181      0.644       0.53      0.389      0.582       1.94
  55/272   3894/3894      1.24       141     0.263  0.000228       143         8      0.18      0.611      0.525       0.36      0.565       1.77
  56/272   3894/3894      1.26      67.2     0.263  0.000268      68.7         8     0.178      0.772      0.655      0.568      0.709       2.05
  57/272   3894/3894      1.25     0.257     0.262  0.000271      1.76         8      0.18      0.671      0.518      0.361      0.584       2.07
  58/272   3894/3894      1.25      39.6     0.262  0.000317      41.1         8      0.18      0.662      0.607      0.467      0.634       1.95
  59/272   3894/3894      1.26       763     0.262  0.000346       765         8     0.183      0.729      0.609      0.495      0.664       2.17
  60/272   3894/3894      1.25      12.3     0.262  0.000265      13.8         8      0.18      0.741      0.634      0.531      0.683       2.13
  61/272   3894/3894      1.24        70     0.262  0.000314      71.5         8      0.18      0.694      0.615       0.49      0.652       1.75
  62/272   3894/3894      1.25       6.3     0.262  0.000288      7.82         8     0.184      0.769      0.622      0.525      0.688       1.83
  63/272   3894/3894      1.24     0.316     0.262  0.000301      1.82         8     0.181      0.797      0.654      0.581      0.718       1.91
  64/272   3894/3894      1.24     0.238     0.262   0.00029      1.74         8     0.179       0.77      0.623      0.536      0.689        1.8
  65/272   3894/3894      1.25      41.7     0.262   0.00032      43.2         8     0.185      0.645      0.589      0.449      0.616       1.87
  66/272   3894/3894      1.27       110     0.262   0.00037       112         8     0.181      0.815      0.646       0.58      0.721        1.8
  67/272   3894/3894      1.25       6.4     0.262  0.000229      7.92         8      0.18       0.61      0.531      0.373      0.568       1.86
  68/272   3894/3894      1.25     0.235     0.262  0.000258      1.75         8     0.183      0.768      0.651       0.56      0.705       2.06
  69/272   3894/3894      1.25      28.7     0.262  0.000252      30.2         8     0.178      0.758      0.633      0.541       0.69       3.24
  70/272   3894/3894      1.28      76.9     0.263   0.00057      78.4         8     0.179       0.69      0.537      0.414      0.604       2.15
  71/272   3894/3894      1.26     0.546     0.261  0.000262      2.06         8     0.181       0.69      0.555      0.395      0.615       2.18
  72/272   3894/3894      1.26      81.4     0.262  0.000257        83         8     0.179      0.626      0.505      0.326      0.559       2.05
  73/272   3894/3894      1.24      74.7     0.261  0.000302      76.2         8     0.179      0.752      0.616      0.504      0.677        1.9
  74/272   3894/3894      1.26       7.5     0.262  0.000279      9.03         8      0.18      0.559      0.499      0.317      0.527       1.95
  75/272   3894/3894      1.24         9     0.261  0.000296      10.5         8     0.178      0.614      0.513      0.348      0.559       2.18
  76/272   3894/3894      1.25     0.326     0.262  0.000279      1.84         8     0.182      0.611      0.579      0.409      0.595       2.57
  77/272   3894/3894      1.26      18.6     0.262  0.000338      20.2         8     0.179      0.663      0.577      0.445      0.617       2.33
  78/272   3894/3894      1.25      36.6     0.263  0.000275      38.1         8      0.18      0.582      0.531      0.363      0.556       1.92
  79/272   3894/3894      1.25        35     0.262  0.000301      36.6         8     0.182      0.543      0.457      0.288      0.496       1.93
  80/272   3894/3894      1.24       408     0.262  0.000318       409         8     0.182       0.64      0.584      0.426      0.611        1.9
  81/272   3894/3894      1.25       751     0.262  0.000308       752         8     0.182      0.758      0.607      0.497      0.674       2.33
  82/272   3894/3894      1.27       548     0.262  0.000336       550         8      0.18      0.766      0.639      0.549      0.697       1.92
  83/272   3894/3894      1.25      59.6     0.261  0.000279      61.1         8     0.178      0.764      0.609      0.508      0.678       1.67
  84/272   3894/3894      1.26       247     0.262  0.000354       248         8     0.185      0.695      0.561      0.429      0.621       1.81
  85/272   3894/3894      1.25        80     0.262  0.000351      81.5         8     0.178      0.727      0.605      0.495      0.661       1.98
  86/272   3894/3894      1.24      79.6     0.262  0.000275      81.1         8     0.179      0.725       0.61       0.52      0.662        1.7
  87/272   3894/3894      1.26     0.196     0.262  0.000266      1.72         8     0.179      0.807      0.636      0.566      0.712       1.82
  88/272   3894/3894      1.26       168     0.262  0.000324       170         8     0.179      0.793      0.658      0.578      0.719       2.06
  89/272   3894/3894      1.25      44.4     0.262  0.000255      45.9         8      0.18      0.781      0.648      0.576      0.708       1.63
  90/272   3894/3894      1.24      19.5     0.262  0.000323        21         8     0.177      0.738      0.582      0.466      0.651       1.93
  91/272   3894/3894      1.28       341     0.262  0.000293       342         8     0.181      0.587       0.55      0.385      0.568       1.74
  92/272   3894/3894      1.24      29.9     0.262   0.00028      31.4         8     0.181      0.654      0.581      0.445      0.615       1.93
  93/272   3894/3894      1.25       168     0.262  0.000336       170         8     0.178      0.651      0.575      0.413      0.611        1.9
  94/272   3894/3894      1.23       1.2     0.262  0.000293       2.7         8     0.184       0.73      0.605        0.5      0.661       1.73
  95/272   3894/3894      1.23      39.1     0.262  0.000245      40.6         8     0.179      0.585      0.536      0.354      0.559       2.26
  96/272   3894/3894      1.25       319     0.262   0.00028       321         8     0.182      0.761      0.646      0.557      0.699       1.73
  97/272   3894/3894      1.25       255     0.261  0.000329       256         8     0.178       0.74      0.616      0.514      0.672       1.76
  98/272   3894/3894      1.24      17.1     0.261  0.000288      18.7         8     0.179      0.752      0.651      0.557      0.698       1.74
  99/272   3894/3894      1.26     0.194     0.262  0.000261      1.71         8     0.184       0.68      0.605      0.479      0.641       1.86
 100/272   3894/3894      1.25      13.4     0.262  0.000272      14.9         8     0.184      0.644      0.573      0.436      0.607       1.91
 101/272   3894/3894      1.25      83.3     0.262  0.000371      84.8         8      0.18      0.764      0.611       0.52      0.679       2.03
 102/272   3894/3894      1.26      16.8     0.261   0.00032      18.3         8      0.18      0.709      0.638      0.526      0.671        2.1
 103/272   3894/3894      1.24      23.7     0.261  0.000301      25.2         8     0.182      0.688      0.561      0.434      0.618       1.93
 104/272   3894/3894      1.26      2.11      0.26  0.000345      3.63         8      0.18      0.685       0.58      0.458      0.628       1.86
 105/272   3894/3894      1.25      21.7     0.262  0.000307      23.2         8      0.18       0.66      0.588      0.446      0.622       1.68
 106/272   3894/3894      1.23      29.5     0.262  0.000271        31         8     0.182      0.627      0.578      0.423      0.601       1.74
 107/272   3894/3894      1.22     0.187     0.261  0.000216      1.67         8     0.177      0.557      0.466      0.301      0.507        1.9
 108/272   3894/3894      1.25      2.58     0.261  0.000332      4.09         8     0.179      0.714      0.637       0.52      0.673          2
 109/272   3894/3894      1.25      6.15     0.262  0.000244      7.66         8     0.179       0.73      0.619      0.515       0.67       1.87
 110/272   3894/3894      1.25      2.64     0.262  0.000276      4.16         8     0.182      0.715      0.588      0.454      0.645       2.06
 111/272   3894/3894      1.26      7.22     0.262  0.000324      8.74         8     0.179      0.717      0.601      0.487      0.654       1.74
 112/272   3894/3894      1.27      0.24     0.261  0.000252      1.77         8     0.179      0.735      0.624      0.522      0.675       1.76
 113/272   3894/3894      1.25      5.48     0.262  0.000285      6.99         8     0.181      0.778       0.62      0.531       0.69       1.76
 114/272   3894/3894      1.25       0.2     0.261  0.000268      1.71         8     0.177      0.689      0.624      0.492      0.655       1.98
 115/272   3894/3894      1.25      4.45     0.263  0.000241      5.96         8     0.183      0.558      0.512      0.346      0.534       1.84
 116/272   3894/3894      1.25     0.191     0.262  0.000305       1.7         8      0.18      0.746      0.639      0.545      0.689       1.78
 117/272   3894/3894      1.23      18.1     0.262  0.000288      19.6         8     0.178      0.748      0.644      0.547      0.692       1.84
 118/272   3894/3894      1.22     0.981     0.262  0.000279      2.47         8     0.178      0.678      0.599      0.463      0.636       1.73
 119/272   3894/3894      1.24      6.83     0.262  0.000307      8.33         8     0.179      0.699       0.59      0.469       0.64       1.76
 120/272   3894/3894      1.26       137     0.261  0.000321       138         8      0.18      0.758      0.605      0.498      0.673       2.07
 121/272   3894/3894      1.23      20.4     0.261  0.000292      21.9         8      0.18      0.708      0.615      0.493      0.658       2.21
 122/272   3894/3894      1.27       101     0.262  0.000324       102         8     0.184      0.793      0.632      0.556      0.703       1.65
 123/272   3894/3894      1.24      3.24     0.261  0.000283      4.74         8      0.18      0.713       0.61      0.504      0.657       2.07
 124/272   3894/3894      1.25      9.63     0.262  0.000337      11.1         8      0.18      0.743      0.606      0.494      0.667       1.77
 125/272   3894/3894      1.27      6.48     0.261  0.000291      8.01         8      0.18      0.733      0.639      0.532      0.683       1.71
 126/272   3894/3894      1.27      73.1     0.262  0.000381      74.6         8     0.181      0.639      0.597      0.441      0.617       1.96
 127/272   3894/3894      1.25      0.18     0.261  0.000239      1.69         8     0.183      0.633       0.55      0.397      0.588       1.91
 128/272   3894/3894      1.26     0.195     0.262  0.000284      1.72         8     0.184      0.684      0.559      0.436      0.615       1.89
 129/272   3894/3894      1.25      10.3     0.261  0.000311      11.8         8     0.181      0.704      0.583      0.476      0.638       1.75
 130/272   3894/3894      1.26      21.5     0.261  0.000302        23         8     0.181      0.747      0.635      0.532      0.686       2.16
 131/272   3894/3894      1.23      24.4     0.262  0.000259      25.9         8     0.181      0.626      0.571       0.41      0.597       2.08
 132/272   3894/3894      1.26     0.837     0.261  0.000254      2.36         8     0.179      0.589      0.519      0.355      0.551       1.83
 133/272   3894/3894      1.26     0.726     0.262  0.000279      2.25         8     0.181      0.713      0.634      0.522      0.672       1.74
 134/272   3894/3894      1.24      20.1     0.262  0.000454      21.6         8      0.18      0.786      0.648      0.573       0.71       2.07
 135/272   3894/3894      1.25      8.32     0.262    0.0004      9.83         8     0.182      0.627      0.556      0.406      0.589        2.1
 136/272   3894/3894      1.24     0.346     0.261   0.00032      1.85         8     0.183      0.733      0.633      0.529      0.679       2.22
 137/272   3894/3894      1.24     0.696     0.261  0.000262       2.2         8     0.186      0.825      0.639       0.57       0.72       1.77
 138/272   3894/3894      1.25      3.12     0.261  0.000263      4.62         8     0.184      0.704      0.587      0.476       0.64       1.82
 139/272   3894/3894      1.26      8.99     0.262  0.000291      10.5         8     0.183      0.572      0.535      0.371      0.553       2.01
 140/272   3894/3894      1.23      0.71     0.261   0.00025       2.2         8     0.185      0.825      0.644      0.579      0.723       1.67
 141/272   3894/3894      1.24      2.25     0.262  0.000238      3.75         8     0.185      0.723      0.629      0.519      0.673       1.74
 142/272   3894/3894      1.22         4     0.261  0.000258      5.49         8     0.179      0.755      0.612       0.51      0.676       1.98
 143/272   3894/3894      1.24        11     0.262  0.000292      12.6         8     0.181      0.579      0.538       0.37      0.558       2.33
 144/272   3894/3894      1.24      4.27     0.261  0.000376      5.77         8     0.181      0.692      0.557      0.438      0.617       1.76
 145/272   3894/3894      1.26      1.23     0.262  0.000236      2.76         8     0.182      0.691      0.605      0.482      0.645       2.51
 146/272   3894/3894      1.23      1.06     0.261  0.000298      2.55         8     0.183      0.611      0.557      0.394      0.583       2.03
 147/272   3894/3894      1.27      5.23     0.261  0.000298      6.76         8     0.185      0.722      0.615      0.519      0.664       2.73
 148/272   3894/3894      1.26      12.5     0.262  0.000288        14         8     0.181      0.632        0.6      0.451      0.616       5.48
 149/272   3894/3894      1.26       1.4     0.261  0.000322      2.92         8     0.183      0.768      0.635      0.545      0.695       2.49
 150/272   3894/3894      1.24      11.2     0.262  0.000338      12.7         8     0.186      0.651      0.593      0.436       0.62       2.57
 151/272   3894/3894      1.26     0.388     0.261  0.000268      1.91         8     0.182      0.727      0.667      0.565      0.696       1.83
 152/272   3894/3894      1.26      1.62     0.262  0.000309      3.14         8     0.182      0.734      0.572      0.482      0.643        1.9
 153/272   3894/3894      1.25      4.94     0.261  0.000291      6.45         8     0.182      0.675      0.567      0.452      0.617       1.94
 154/272   3894/3894      1.26      1.86     0.261  0.000326      3.39         8     0.181      0.602      0.564      0.394      0.582       1.94
 155/272   3894/3894      1.25     0.281     0.262   0.00033      1.79         8      0.18      0.699      0.608      0.476       0.65        3.1
 156/272   3894/3894      1.27      5.01     0.262  0.000315      6.54         8     0.183      0.648      0.611      0.468      0.629        2.2
 157/272   3894/3894      1.26      1.26     0.261  0.000294      2.78         8     0.184      0.759      0.608      0.498      0.675          2
 158/272   3894/3894      1.25     0.934     0.261  0.000256      2.44         8     0.185      0.803      0.631      0.561      0.706       1.96
 159/272   3894/3894      1.26     0.437     0.261   0.00032      1.96         8     0.181      0.782      0.602      0.525       0.68       2.42
 160/272   3894/3894      1.24     0.316     0.261  0.000237      1.81         8     0.186      0.798      0.664      0.601      0.725       1.86
 161/272   3894/3894      1.24      68.6     0.262  0.000294      70.1         8     0.182      0.584      0.517      0.355      0.549       1.85
 162/272   3894/3894      1.24      85.6     0.262  0.000315      87.1         8     0.181      0.689      0.551      0.427      0.612       1.76
 163/272   3894/3894      1.25      51.9     0.261  0.000346      53.4         8      0.18      0.623      0.533      0.384      0.574       1.83
 164/272   3894/3894      1.24       103     0.261  0.000331       105         8     0.185      0.677      0.545      0.408      0.604       1.81
 165/272   3894/3894      1.25       152     0.262  0.000297       154         8     0.186      0.615      0.544      0.402      0.577       2.16
 166/272   3894/3894      1.26      3.73      0.26   0.00025      5.25         8     0.183      0.627      0.532      0.372      0.575       2.14
 167/272   3894/3894      1.24      26.5     0.261  0.000327        28         8     0.186      0.679       0.63      0.506      0.654          2
 168/272   3894/3894      1.24     0.232     0.262  0.000254      1.73         8      0.18      0.737      0.585      0.479      0.652       1.71
 169/272   3894/3894      1.25      16.4     0.261  0.000284      17.9         8     0.181      0.625      0.588      0.431      0.606       1.99
 170/272   3894/3894      1.25       3.3     0.261  0.000349      4.82         8     0.183      0.653      0.568      0.422      0.608       1.86
 171/272   3894/3894      1.24       558     0.262  0.000283       560         8     0.183      0.632      0.539      0.377      0.582       1.79
 172/272   3894/3894      1.25       569     0.261  0.000338       571         8     0.183      0.609      0.533      0.366      0.568       1.99
 173/272   3894/3894      1.24        52     0.261  0.000278      53.5         8     0.181      0.713      0.595      0.471      0.648       1.88
 174/272   3894/3894      1.24      15.6     0.263  0.000297      17.1         8     0.181      0.749      0.612      0.509      0.674       1.92
 175/272   3894/3894      1.23     0.585     0.262  0.000267      2.07         8     0.184      0.727      0.639      0.542       0.68       2.15
 176/272   3894/3894      1.25       657     0.262  0.000308       659         8     0.187      0.666      0.572      0.449      0.616       2.25
 177/272   3894/3894      1.25     0.197     0.261  0.000299      1.71         8     0.186       0.73      0.602      0.458       0.66       1.87
 178/272   3894/3894      1.25      32.9     0.261  0.000238      34.4         8      0.18       0.73      0.622      0.518      0.671       1.86
 179/272   3894/3894      1.23      73.8     0.262  0.000301      75.3         8      0.18      0.712      0.593       0.47      0.647        2.1
 180/272   3894/3894      1.24      29.2     0.262  0.000408      30.7         8     0.181      0.751      0.608      0.512      0.672       1.68
 181/272   3894/3894      1.26     0.201     0.261  0.000234      1.72         8     0.184      0.678      0.584      0.434      0.628       2.15
 182/272   3894/3894      1.26      14.9     0.261  0.000262      16.4         8     0.185       0.66      0.529      0.374      0.587       1.83
 183/272   3894/3894      1.27       150     0.261  0.000245       152         8     0.182      0.762      0.653      0.557      0.703       1.77
 184/272   3894/3894      1.25      1.42     0.262  0.000381      2.93         8     0.182      0.645      0.568      0.421      0.604       2.38
 185/272   3894/3894      1.26      0.17     0.261  0.000312      1.69         8     0.184      0.602      0.567      0.391      0.584       2.07
 186/272   3894/3894      1.26     0.184     0.262  0.000253      1.71         8     0.184      0.779      0.614      0.531      0.687       1.71
 187/272   3894/3894      1.27      87.1     0.262  0.000337      88.6         8     0.183      0.837      0.652      0.592      0.733          2
 188/272   3894/3894      1.26     0.208     0.263  0.000288      1.73         8     0.181      0.673      0.608      0.465      0.639       1.86
 189/272   3894/3894      1.26       516     0.262  0.000353       518         8     0.182      0.808      0.645      0.579      0.717        1.7
 190/272   3894/3894      1.22       279     0.262  0.000364       281         8     0.181      0.766      0.594       0.49      0.669       1.83
 191/272   3894/3894      1.24       147     0.262  0.000327       149         8     0.184       0.56      0.479       0.33      0.517       12.6
 192/272   3894/3894      1.24       129     0.261  0.000238       130         8      0.18      0.734        0.6      0.484       0.66        172
 193/272   3894/3894      1.26       164     0.261  0.000456       165         8     0.183      0.794      0.642      0.571       0.71       26.6
 194/272   3894/3894      1.26       147     0.261  0.000233       148         8     0.178      0.793      0.622      0.533      0.697       22.9
 195/272   3894/3894      1.24      55.9     0.262  0.000265      57.5         8     0.178      0.792      0.629       0.55      0.701       10.2
 196/272   3894/3894      1.22      61.5     0.261  0.000254        63         8      0.18       0.71      0.651      0.542      0.679         26
 197/272   3894/3894      1.25      17.6     0.262  0.000293      19.1         8     0.183      0.605      0.558      0.396      0.581       4.61
 198/272   3894/3894      1.24       270     0.262  0.000342       271         8     0.182      0.626      0.566      0.415      0.595       8.03
 199/272   3894/3894      1.25  4.06e+03     0.261  0.000322  4.06e+03         8      0.18      0.612      0.467      0.322      0.529       28.8
 200/272   3894/3894      1.27       735     0.261  0.000294       737         8     0.179      0.667      0.599      0.467      0.631       4.74
 201/272   3894/3894      1.23      3.93     0.261  0.000228      5.42         8     0.181      0.726      0.591      0.488      0.652        8.2
 202/272   3894/3894      1.24       190     0.262  0.000274       191         8     0.179      0.668      0.588      0.457      0.625       2.76
 203/272   3894/3894      1.27  7.65e+03     0.261  0.000368  7.65e+03         8     0.179      0.797      0.627      0.552      0.702       85.5
 204/272   3894/3894      1.24      97.3     0.261  0.000321      98.8         8     0.181      0.492      0.391      0.193      0.436         36
 205/272   3894/3894      1.25       635     0.261  0.000282       636         8     0.184      0.769      0.671      0.592      0.717       28.1
 206/272   3894/3894      1.27       982     0.262   0.00032       983         8     0.179       0.77      0.646      0.563      0.703        293
 207/272   3894/3894      1.25       845     0.261   0.00029       847         8     0.181       0.77      0.644      0.546      0.701       83.3
 208/272   3894/3894      1.25       269     0.261  0.000235       270         8     0.182      0.684      0.544      0.421      0.606    2.1e+03
 209/272   3894/3894      1.25       224     0.262    0.0003       225         8     0.186      0.686      0.589      0.472      0.634       54.4
 210/272   3894/3894      1.25       329     0.261  0.000317       330         8     0.182      0.544      0.481      0.282       0.51       52.1
 211/272   3894/3894      1.26     1e+03     0.262  0.000347     1e+03         8     0.183      0.707      0.606      0.493      0.653         16
 212/272   3894/3894      1.27      23.4     0.262  0.000248      24.9         8     0.185      0.702      0.593       0.47      0.643       40.5
 213/272   3894/3894      1.24       226     0.262   0.00036       228         8     0.179       0.69      0.607      0.484      0.646       12.3
 214/272   3894/3894      1.26       117     0.262  0.000317       118         8     0.179       0.62      0.553      0.394      0.585       21.3
 215/272   3894/3894      1.26       462     0.262  0.000309       463         8      0.18      0.589      0.465      0.293       0.52        993
 216/272   3894/3894      1.26       464     0.262  0.000303       466         8     0.182      0.739      0.642       0.54      0.687        241
 217/272   3894/3894      1.24       320     0.262  0.000427       321         8     0.185      0.795      0.663      0.584      0.723        795
 218/272   3894/3894      1.05       158     0.262  0.000258       159         8     0.181      0.867      0.655      0.612      0.746        116
 219/272   3894/3894      1.01        82     0.261  0.000245      83.3         8     0.178      0.859      0.663      0.616      0.748       55.7
 220/272   3894/3894      1.01      59.5     0.261  0.000292      60.8         8     0.185      0.857      0.643      0.595      0.735       45.4
 221/272   3894/3894         1      48.8     0.261  0.000252        50         8     0.182      0.854      0.657      0.609      0.743       33.3
 222/272   3894/3894     0.993      29.3     0.262  0.000278      30.5         8     0.182      0.858      0.652      0.605      0.741         27
 223/272   3894/3894         1      56.1     0.261  0.000282      57.4         8     0.185      0.858      0.643      0.595      0.735       20.2
 224/272   3894/3894      1.01      27.6     0.262  0.000325      28.9         8      0.18      0.864      0.653      0.608      0.744         17
 225/272   3894/3894      1.01      17.3     0.262  0.000288      18.6         8     0.179      0.863      0.639      0.593      0.734       14.8
 226/272   3894/3894      1.01  2.58e+03     0.262  0.000305  2.58e+03         8     0.179       0.86      0.655      0.609      0.744         13
 227/272   3894/3894     0.993      74.2     0.262  0.000271      75.5         8     0.184      0.857      0.645      0.598      0.736       11.1
 228/272   3894/3894     0.998      94.4     0.261  0.000311      95.7         8      0.18      0.857       0.65      0.604      0.739       11.2
 229/272   3894/3894     0.997      16.1     0.262  0.000374      17.4         8     0.181      0.869      0.643        0.6      0.739         12
 230/272   3894/3894         1      11.2      0.26  0.000224      12.5         8      0.18      0.868      0.659      0.615      0.749       10.3
 231/272   3894/3894     0.999      8.81     0.261  0.000233      10.1         8     0.182       0.87      0.639      0.598      0.737       8.49
 232/272   3894/3894      0.99       266     0.261  0.000304       267         8     0.179      0.863      0.656       0.61      0.745       9.97
 233/272   3894/3894     0.996      7.25     0.261  0.000341      8.51         8     0.183      0.856      0.644      0.597      0.735       8.16
 234/272   3894/3894     0.992      48.7     0.262  0.000322      49.9         8     0.187      0.847       0.65        0.6      0.735       7.82
 235/272   3894/3894      1.01      20.2     0.261  0.000282      21.5         8      0.18      0.856      0.643      0.596      0.734       10.3
 236/272   3894/3894     0.997      7.28     0.262  0.000363      8.54         8     0.182      0.859      0.652      0.605      0.741       6.78
 237/272   3894/3894     0.996       435     0.262  0.000254       436         8     0.181      0.867      0.649      0.606      0.742       7.69
 238/272   3894/3894     0.993      5.94     0.261  0.000241      7.19         8      0.18      0.863      0.656      0.611      0.745       6.67
 239/272   3894/3894         1      5.48     0.261   0.00026      6.74         8     0.182      0.861      0.647      0.601      0.738       5.96
 240/272   3894/3894      1.01      44.4     0.261  0.000361      45.6         8     0.181      0.865       0.65      0.606      0.742       6.15
 241/272   3894/3894     0.997      10.6     0.262  0.000335      11.9         8     0.181      0.857      0.649      0.602      0.738       5.62
 242/272   3894/3894     0.991      15.5     0.261  0.000393      16.7         8     0.179      0.856      0.647        0.6      0.737       5.53
 243/272   3894/3894     0.989      4.62     0.262  0.000289      5.87         8     0.181      0.867       0.65      0.606      0.743       5.04
 244/272   3894/3894     0.989      83.2     0.261  0.000233      84.4         8      0.18       0.86      0.647      0.601      0.738       5.22
 245/272   3894/3894     0.971      3.81     0.261  0.000232      5.05         8     0.181      0.853      0.649      0.601      0.738        5.1
 246/272   3894/3894     0.985      4.59     0.261  0.000298      5.84         8     0.183      0.855      0.649        0.6      0.737        5.1
 247/272   3894/3894     0.969      63.6      0.26  0.000271      64.9         8     0.181      0.852      0.651      0.603      0.738       5.01
 248/272   3894/3894     0.975       7.8      0.26  0.000247      9.03         8     0.179      0.858      0.653      0.605      0.742       4.91
 249/272   3894/3894     0.977      58.1     0.261  0.000391      59.4         8     0.181      0.859      0.649      0.602       0.74       4.92
 250/272   3894/3894      0.98      17.3     0.261  0.000262      18.5         8     0.182      0.855      0.641      0.593      0.732       4.87
 251/272   3894/3894     0.983      13.6     0.261  0.000262      14.8         8     0.179      0.858      0.645      0.598      0.736       4.83
 252/272   3894/3894     0.976      30.1     0.261  0.000399      31.4         8     0.181      0.859      0.655      0.607      0.743       4.94
 253/272   3894/3894     0.975      14.1     0.261   0.00024      15.3         8     0.182      0.859      0.654      0.608      0.743       4.88
 254/272   3894/3894      0.97      65.9     0.262  0.000257      67.2         8     0.181      0.858      0.643      0.596      0.735       4.94
 255/272   3894/3894     0.978      9.43     0.262  0.000328      10.7         8     0.181      0.858      0.652      0.605      0.741       4.78
 256/272   3894/3894     0.979      8.13     0.261  0.000238      9.37         8      0.18      0.853      0.647      0.598      0.736       4.69
 257/272   3894/3894     0.979      31.1     0.261  0.000333      32.3         8      0.18      0.857      0.643      0.596      0.735       4.81
 258/272   3894/3894     0.974       512     0.261  0.000294       513         8      0.18      0.858      0.652      0.604      0.741       4.75
 259/272   3894/3894     0.973      16.7     0.261  0.000224      17.9         8     0.181      0.855      0.643      0.595      0.734       4.75
 260/272   3894/3894     0.968      6.25     0.262  0.000331      7.48         8     0.184      0.855      0.648        0.6      0.737       4.97
 261/272   3894/3894     0.983      17.2     0.261  0.000284      18.5         8     0.179      0.856      0.647        0.6      0.737        4.9
 262/272   3894/3894     0.982      3.62     0.262  0.000232      4.87         8     0.181      0.858      0.641      0.594      0.734        4.8
 263/272   3894/3894      0.98      21.3     0.262  0.000275      22.6         8     0.183      0.857      0.653      0.606      0.741        4.7
 264/272   3894/3894     0.974      4.02     0.262  0.000257      5.25         8     0.181      0.856      0.646      0.599      0.737       4.71
 265/272   3894/3894     0.978      11.9     0.261  0.000345      13.2         8     0.185       0.86      0.641      0.596      0.735       4.75
 266/272   3894/3894     0.976      15.9      0.26  0.000239      17.2         8     0.183      0.855      0.642      0.595      0.733       4.57
 267/272   3894/3894      0.98      25.5     0.261   0.00029      26.8         8     0.181      0.858      0.652      0.604      0.741        4.7
 268/272   3894/3894     0.977      12.5     0.261  0.000258      13.7         8     0.181      0.857       0.65      0.603       0.74       4.64
