Train        1.22      0.629       3.29      0.569       5.71
Val    0/272     238/238      1.19     0.358      2.91     0.478      4.94        29      0.32      0.417      0.892      0.781      0.568       2.72
Train        1.14      0.136       1.87      0.197       3.34
Val    1/272     238/238      1.13     0.135      1.92     0.217       3.4        33     0.255      0.405      0.888      0.782      0.557       2.46
Train        1.12       0.12       1.65      0.116          3
Val    2/272     238/238      1.13     0.117      1.59     0.103      2.94        28      0.22      0.416      0.877      0.756      0.564       2.35
Train        1.08      0.139       1.83      0.179       3.23
Val    3/272     238/238       1.1     0.125      1.59     0.142      2.96        29     0.271      0.427      0.911      0.837      0.582       2.14
Train        1.07      0.111       1.46     0.0811       2.72
Val    4/272     238/238      1.08     0.114      1.47    0.0782      2.74        30     0.224      0.461      0.884      0.798      0.606       2.22
Train        1.13      0.115        1.6      0.111       2.95
Val    5/272     238/238      1.12     0.111      1.45    0.0711      2.75        34     0.302      0.451      0.916      0.852      0.604       2.03
Train        1.09       0.11        1.4     0.0683       2.67
Val    6/272     238/238      1.09      0.11      1.39    0.0687      2.66        32     0.219      0.453      0.905      0.835      0.604       2.01
Train        1.05      0.109       1.44     0.0684       2.66
Val    7/272     238/238      1.06     0.106      1.34     0.057      2.57        32      0.26      0.476      0.917      0.857      0.627       1.96
Train        1.03      0.105       1.25     0.0584       2.44
Val    8/272     238/238      1.03     0.105      1.23    0.0588      2.42        34     0.308      0.459      0.923      0.858      0.613       1.92
Train        1.04     0.0964       1.13     0.0377        2.3
Val    9/272     238/238      1.05     0.101      1.18    0.0454      2.37        34     0.304      0.421      0.914      0.836      0.577        1.9
Train        1.05     0.0998       1.12     0.0385        2.3
Val   10/272     238/238      1.04     0.103      1.15    0.0446      2.34        27     0.278      0.478      0.918      0.852      0.629       1.89
Train        1.05     0.0945       1.12     0.0322        2.3
Val   11/272     238/238      1.04    0.0983      1.19    0.0367      2.37        32     0.219      0.487      0.909      0.844      0.634        1.9
Train        1.07      0.098       1.29     0.0571       2.52
Val   12/272     238/238      1.06    0.0967      1.21    0.0488      2.42        29     0.245      0.453      0.916      0.844      0.607       1.86
Train        1.05     0.0951       1.15     0.0365       2.34
Val   13/272     238/238      1.03    0.0967      1.15     0.035      2.32        34     0.324      0.457      0.923      0.861      0.612       1.83
Train        1.03     0.0928       1.12     0.0355       2.28
Val   14/272     238/238      1.02    0.0915      1.11    0.0361      2.25        34      0.27      0.475      0.917       0.85      0.626       1.83
Train       0.966     0.0874       1.05     0.0256       2.13
Val   15/272     238/238     0.992    0.0895      1.07    0.0318      2.18        30     0.311      0.476      0.922      0.858      0.628       1.82
Train        1.02     0.0911       1.15     0.0259       2.29
Val   16/272     238/238     0.996    0.0922      1.15    0.0354      2.27        32     0.218      0.505      0.905      0.827      0.648       1.86
Train           1      0.095       1.22     0.0505       2.37
Val   17/272     238/238      0.98     0.094      1.15    0.0335      2.25        29     0.225      0.506      0.897      0.816      0.647       1.86
Train       0.959     0.0957       1.21     0.0341        2.3
Val   18/272     238/238     0.978    0.0947       1.1    0.0262       2.2        31     0.245      0.497      0.924      0.859      0.646       1.82
Train       0.954     0.0889       1.07     0.0191       2.13
Val   19/272     238/238     0.962    0.0908      1.08    0.0328      2.16        32     0.275      0.483      0.922      0.853      0.634        1.8
Train        1.02     0.0871       1.01     0.0171       2.14
Val   20/272     238/238      1.02    0.0891      1.05    0.0261      2.18        34     0.315      0.476      0.927      0.863      0.629       1.77
Train        1.01     0.0927       1.16     0.0191       2.29
Val   21/272     238/238     0.991    0.0897       1.1    0.0237      2.21        32     0.249      0.486       0.92      0.849      0.636       1.77
Train       0.965     0.0894       1.12     0.0383       2.21
Val   22/272     238/238     0.997    0.0895      1.06    0.0237      2.17        34     0.234      0.484      0.908       0.83      0.632       1.78
Train       0.967     0.0919       1.12     0.0329       2.22
Val   23/272     238/238     0.996     0.089      1.07    0.0295      2.18        33     0.259      0.499      0.925      0.858      0.648       1.77
Train       0.982     0.0816      0.986     0.0136       2.06
Val   24/272     238/238     0.966    0.0843      1.04    0.0165      2.11        31     0.242      0.485      0.913      0.823      0.633        1.8
Train       0.986     0.0875      0.964     0.0158       2.05
Val   25/272     238/238     0.962    0.0868     0.978    0.0135      2.04        29     0.299      0.492      0.922      0.856      0.642       1.76
Train       0.997     0.0898       1.16     0.0225       2.27
Val   26/272     238/238     0.982    0.0888       1.1     0.019      2.19        30     0.293      0.494      0.928      0.863      0.645       1.74
Train       0.998     0.0871       1.04     0.0152       2.14
Val   27/272     238/238     0.981      0.09      1.05    0.0161      2.14        30     0.266      0.466      0.923      0.847      0.619       1.75
Train           1     0.0826       1.01    0.00983        2.1
Val   28/272     238/238         1    0.0858      1.05    0.0111      2.15        31     0.323        0.5      0.928      0.862       0.65       1.74
Train        1.01     0.0913       1.03     0.0116       2.14
Val   29/272     238/238     0.975    0.0951      1.06    0.0133      2.15        29     0.309       0.47      0.927      0.853      0.624       1.73
Train       0.955     0.0884       1.11     0.0182       2.17
Val   30/272     238/238     0.958    0.0887      1.09    0.0211      2.16        34      0.32      0.488      0.931       0.86       0.64       1.74
Train       0.975     0.0839       1.04     0.0163       2.12
Val   31/272     238/238     0.953    0.0847      1.02    0.0137      2.07        26     0.264      0.486       0.92      0.842      0.636       1.74
Train       0.972     0.0795      0.981     0.0144       2.05
Val   32/272     238/238     0.971    0.0842     0.977    0.0129      2.04        34     0.265      0.477      0.927      0.853       0.63       1.72
Train       0.947      0.077       0.93    0.00861       1.96
Val   33/272     238/238     0.964    0.0807     0.968    0.0123      2.02        32     0.265      0.476      0.923       0.84      0.628       1.73
Train       0.947     0.0773      0.951     0.0141       1.99
Val   34/272     238/238     0.966    0.0808     0.997    0.0142      2.06        34     0.286      0.477      0.927       0.85       0.63       1.71
Train       0.974     0.0813      0.938     0.0106          2
Val   35/272     238/238     0.971    0.0819     0.946    0.0108      2.01        30     0.247      0.493      0.917      0.837      0.642       1.75
Train       0.948     0.0776      0.995     0.0169       2.04
Val   36/272     238/238     0.941    0.0774     0.984    0.0127      2.02        32     0.247      0.494      0.918      0.836      0.642       1.73
Train       0.935     0.0891       1.06     0.0215       2.11
Val   37/272     238/238     0.942    0.0844      1.01    0.0177      2.06        34     0.249      0.509      0.919      0.843      0.655       1.74
Train       0.953     0.0833       1.04      0.016       2.09
Val   38/272     238/238     0.955    0.0866      1.02    0.0122      2.08        26     0.304      0.494      0.929      0.859      0.645       1.71
Train       0.965     0.0821      0.987    0.00952       2.04
Val   39/272     238/238     0.946     0.084     0.969   0.00857      2.01        32     0.257      0.524      0.923      0.853      0.669       1.73
Train       0.946     0.0814       1.01      0.021       2.06
Val   40/272     238/238     0.951    0.0845      1.01    0.0129      2.06        34     0.271      0.495      0.927      0.856      0.645        1.7
Train        1.02     0.0833       1.03     0.0169       2.16
Val   41/272     238/238     0.993    0.0864      1.07    0.0141      2.16        33     0.226      0.502      0.911      0.828      0.647       1.74
Train       0.967     0.0881       1.16     0.0103       2.23
Val   42/272     238/238      0.96    0.0833      1.03   0.00796      2.08        29     0.239      0.515      0.922      0.846      0.661       1.72
Train       0.974     0.0822       1.03     0.0149        2.1
Val   43/272     238/238     0.987    0.0809     0.971    0.0137      2.05        34     0.302      0.506      0.931      0.863      0.655        1.7
Train       0.978     0.0774      0.948    0.00617       2.01
Val   44/272     238/238      0.98    0.0753     0.931   0.00661      1.99        34     0.302      0.489      0.934      0.861      0.642       1.68
Train       0.949      0.074      0.935    0.00692       1.97
Val   45/272     238/238     0.926    0.0774     0.959   0.00789      1.97        31      0.26      0.504       0.92       0.84      0.652        1.7
Train       0.915     0.0809      0.982    0.00976       1.99
Val   46/272     238/238     0.916    0.0842     0.997   0.00726         2        34     0.271      0.489       0.93      0.856      0.641       1.68
Train       0.968     0.0804       1.02     0.0103       2.07
Val   47/272     238/238     0.949    0.0829         1    0.0129      2.05        31     0.222      0.535      0.916      0.838      0.676       1.73
Train       0.991     0.0812       1.01     0.0124       2.09
Val   48/272     238/238     0.985    0.0805     0.971   0.00955      2.05        33     0.309      0.485      0.931      0.857      0.638       1.69
Train           1     0.0793      0.976    0.00557       2.06
Val   49/272     238/238     0.975    0.0805     0.946   0.00467      2.01        31     0.273      0.502      0.927      0.851      0.651       1.69
Train       0.951     0.0779      0.997     0.0134       2.04
Val   50/272     238/238     0.926    0.0797      0.98    0.0105         2        33     0.259      0.527      0.928      0.855      0.672        1.7
Train       0.962       0.08      0.981     0.0104       2.03
Val   51/272     238/238     0.967    0.0804     0.968    0.0087      2.02        34     0.247      0.518      0.922      0.846      0.663        1.7
Train       0.931     0.0803       1.03    0.00981       2.06
Val   52/272     238/238     0.931    0.0816     0.991   0.00815      2.01        33     0.306      0.513      0.931      0.861      0.662       1.68
Train       0.993     0.0778      0.945     0.0105       2.03
Val   53/272     238/238     0.974    0.0822     0.964    0.0093      2.03        34     0.312      0.497      0.933      0.864      0.649       1.68
Train       0.949     0.0767      0.919    0.00932       1.95
Val   54/272     238/238     0.964     0.083      1.06    0.0158      2.12        30     0.268      0.473      0.926      0.842      0.627       1.69
Train       0.982     0.0814       1.03     0.0109       2.11
Val   55/272     238/238     0.948    0.0817      1.01   0.00835      2.05        29     0.321      0.505      0.934      0.863      0.656       1.67
Train       0.945     0.0756       0.94    0.00509       1.97
Val   56/272     238/238     0.921    0.0798      0.96   0.00593      1.97        28     0.297      0.523      0.932      0.865       0.67       1.67
Train       0.991     0.0806       1.05    0.00724       2.13
Val   57/272     238/238     0.967    0.0808     0.985   0.00843      2.04        34     0.235      0.548      0.921      0.849      0.688        1.7
Train       0.947     0.0739       1.02    0.00874       2.05
Val   58/272     238/238     0.937    0.0776      1.02   0.00751      2.04        31     0.262      0.503      0.921       0.84       0.65       1.68
Train       0.953      0.084       1.03     0.0179       2.08
Val   59/272     238/238     0.945    0.0848      1.02    0.0107      2.06        34     0.236      0.528      0.921      0.846      0.671        1.7
Train       0.931     0.0825       1.03    0.00696       2.05
Val   60/272     238/238     0.954    0.0858      1.06   0.00835      2.11        34     0.296      0.507      0.927      0.846      0.655       1.67
Train       0.957     0.0799      0.896    0.00417       1.94
Val   61/272     238/238     0.948    0.0788     0.907   0.00427      1.94        33     0.311      0.513      0.933      0.861      0.662       1.66
Train       0.929     0.0754      0.897    0.00446       1.91
Val   62/272     238/238     0.916    0.0745     0.904   0.00488       1.9        33     0.281      0.482      0.928      0.843      0.634       1.65
Train       0.957     0.0834          1    0.00562       2.05
Val   63/272     238/238     0.952    0.0836     0.971   0.00544      2.01        30     0.223      0.523      0.906      0.809      0.663       1.71
Train       0.962     0.0888       1.06      0.014       2.13
Val   64/272     238/238     0.922    0.0815     0.994   0.00827      2.01        33     0.223      0.552      0.918      0.843      0.689        1.7
Train       0.881     0.0816       1.04     0.0181       2.02
Val   65/272     238/238     0.889    0.0813     0.962   0.00891      1.94        32     0.302      0.538      0.928      0.854      0.681       1.67
Train       0.948     0.0751      0.947    0.00478       1.98
Val   66/272     238/238     0.941    0.0748     0.955   0.00579      1.98        33     0.237      0.531      0.918       0.84      0.673       1.69
Train        0.93     0.0776      0.943    0.00453       1.96
Val   67/272     238/238     0.923    0.0784     0.928    0.0056      1.93        32     0.264      0.509      0.926      0.847      0.657       1.66
Train       0.931      0.071      0.884    0.00501       1.89
Val   68/272     238/238     0.932    0.0734     0.909   0.00459      1.92        34     0.312      0.528      0.934      0.866      0.675       1.66
Train       0.993      0.079      0.932    0.00536       2.01
Val   69/272     238/238     0.957    0.0797     0.926   0.00527      1.97        30      0.27      0.521      0.925       0.85      0.666       1.65
Train        0.92     0.0801      0.932    0.00364       1.93
Val   70/272     238/238     0.914    0.0799     0.943   0.00496      1.94        32     0.214      0.549      0.906      0.818      0.684       1.72
Train       0.894     0.0847      0.992     0.0133       1.98
Val   71/272     238/238     0.893    0.0792     0.937   0.00759      1.92        29     0.214      0.547      0.921       0.85      0.687       1.68
Train       0.964     0.0851       1.03     0.0193        2.1
Val   72/272     238/238     0.937    0.0817     0.963   0.00973      1.99        33      0.25      0.511       0.92      0.839      0.657       1.67
Train        0.95     0.0771      0.921    0.00391       1.95
Val   73/272     238/238     0.947    0.0781     0.901   0.00315      1.93        33     0.271      0.508       0.93      0.854      0.657       1.65
Train        0.94     0.0747       0.93    0.00436       1.95
Val   74/272     238/238     0.914    0.0756     0.888   0.00527      1.88        32     0.275      0.512      0.931      0.853       0.66       1.64
Train       0.929      0.079          1    0.00655       2.01
Val   75/272     238/238     0.915    0.0809     0.991   0.00609      1.99        34     0.258      0.517      0.928      0.852      0.664       1.66
Train       0.939     0.0786       0.95    0.00573       1.97
Val   76/272     238/238     0.923    0.0801     0.951   0.00512      1.96        34     0.274      0.536      0.928      0.858       0.68       1.67
Train       0.962     0.0798      0.922    0.00888       1.97
Val   77/272     238/238     0.945    0.0803     0.925    0.0075      1.96        32     0.312      0.528      0.932      0.861      0.674       1.65
Train       0.942     0.0817      0.952    0.00451       1.98
Val   78/272     238/238     0.935    0.0795     0.917   0.00482      1.94        33     0.266      0.497      0.932      0.856      0.649       1.63
Train       0.892     0.0792      0.952    0.00505       1.93
Val   79/272     238/238     0.887    0.0793     0.926    0.0073       1.9        31     0.259      0.523      0.931      0.858      0.669       1.66
Train       0.939     0.0799      0.972    0.00725          2
Val   80/272     238/238     0.926    0.0781     0.909   0.00545      1.92        33     0.298      0.504      0.933      0.857      0.655       1.63
Train       0.964     0.0745      0.903    0.00259       1.94
Val   81/272     238/238     0.931    0.0768     0.905   0.00264      1.92        31     0.258      0.511      0.926      0.844      0.658       1.65
Train       0.926     0.0768      0.912    0.00723       1.92
Val   82/272     238/238     0.933    0.0752     0.891   0.00652      1.91        32     0.274      0.509      0.932      0.858      0.658       1.63
Train       0.928     0.0736      0.909    0.00431       1.91
Val   83/272     238/238     0.907    0.0779     0.975   0.00685      1.97        30     0.294      0.516      0.932       0.86      0.664       1.64
Train       0.965     0.0772      0.917    0.00632       1.97
Val   84/272     238/238     0.943    0.0809     0.981   0.00606      2.01        34     0.252      0.515      0.927       0.85      0.662       1.64
Train       0.917     0.0817      0.919    0.00677       1.92
Val   85/272     238/238     0.913    0.0807     0.942    0.0077      1.94        32     0.236      0.554      0.916       0.84       0.69       1.69
Train       0.907     0.0826       1.04    0.00723       2.04
Val   86/272     238/238     0.908    0.0771     0.972   0.00509      1.96        33     0.243      0.527      0.924      0.841      0.671       1.66
Train       0.881     0.0751      0.937    0.00564        1.9
Val   87/272     238/238     0.909    0.0788     0.916   0.00618      1.91        34     0.212      0.515      0.925      0.842      0.662       1.69
Train       0.916     0.0795      0.967    0.00761       1.97
Val   88/272     238/238     0.906    0.0781     0.921    0.0074      1.91        30     0.249      0.535      0.924       0.85      0.678       1.64
Train       0.962     0.0753      0.919    0.00564       1.96
Val   89/272     238/238     0.948    0.0787      0.93   0.00531      1.96        30     0.251      0.554      0.919      0.844      0.691       1.66
Train       0.925     0.0768      0.991    0.00278          2
Val   90/272     238/238      0.93    0.0789     0.994   0.00379      2.01        34      0.26      0.534       0.93      0.857      0.679       1.64
Train        0.87     0.0746      0.921    0.00632       1.87
Val   91/272     238/238     0.906    0.0785     0.951   0.00793      1.94        27     0.223      0.559      0.912      0.834      0.693       1.69
Train       0.928     0.0785       0.93     0.0105       1.95
Val   92/272     238/238      0.91    0.0787     0.919   0.00503      1.91        30     0.235      0.524      0.924      0.842      0.669       1.66
Train       0.921     0.0784      0.919    0.00852       1.93
Val   93/272     238/238     0.927    0.0767     0.887    0.0051       1.9        33     0.272      0.514      0.933      0.859      0.663       1.62
Train       0.933     0.0728      0.843    0.00597       1.86
Val   94/272     238/238     0.923    0.0765     0.905   0.00569      1.91        33     0.215      0.528      0.921      0.843      0.671       1.66
Train       0.932     0.0821       1.05      0.013       2.07
Val   95/272     238/238     0.915    0.0782     0.979   0.00868      1.98        28     0.234      0.528      0.922      0.834      0.671       1.66
Train       0.941     0.0783      0.931    0.00389       1.95
Val   96/272     238/238     0.918    0.0765     0.914   0.00285      1.91        28     0.273      0.517       0.93      0.851      0.665       1.64
Train       0.898     0.0735       0.93    0.00493       1.91
Val   97/272     238/238     0.904    0.0761     0.945   0.00587      1.93        34     0.268      0.521      0.934       0.86      0.669       1.61
Train       0.916     0.0722      0.908    0.00509        1.9
Val   98/272     238/238     0.935    0.0732     0.909   0.00542      1.92        34      0.24      0.521      0.918      0.827      0.665       1.65
Train       0.908      0.075      0.868    0.00658       1.86
Val   99/272     238/238     0.914     0.076     0.886   0.00334      1.88        32     0.265      0.539      0.924      0.845      0.681       1.63
Train       0.915     0.0772      0.913    0.00319       1.91
Val  100/272     238/238     0.915    0.0781     0.933   0.00344      1.93        34     0.214      0.549      0.913      0.828      0.686       1.67
Train       0.953     0.0809      0.979    0.00228       2.01
Val  101/272     238/238     0.945    0.0791      0.95   0.00238      1.98        33      0.24      0.522      0.927      0.854      0.668       1.62
Train       0.947     0.0778      0.899    0.00404       1.93
Val  102/272     238/238     0.944    0.0782     0.891   0.00354      1.92        29     0.215      0.527      0.924      0.845      0.671       1.64
Train       0.937     0.0773      0.944    0.00496       1.96
Val  103/272     238/238     0.919    0.0732     0.897   0.00505       1.9        29      0.25      0.549      0.914       0.83      0.686       1.66
Train       0.861     0.0761      0.927    0.00519       1.87
Val  104/272     238/238     0.891    0.0756     0.897   0.00513      1.87        29     0.244      0.544      0.925      0.851      0.685       1.64
Train       0.946     0.0728      0.899    0.00758       1.93
Val  105/272     238/238     0.923    0.0746     0.901    0.0034       1.9        32     0.233      0.541      0.927      0.849      0.684       1.64
Train        0.91     0.0748      0.989     0.0101       1.98
Val  106/272     238/238     0.901    0.0741     0.946   0.00585      1.93        32     0.309      0.528      0.935      0.866      0.675       1.61
Train       0.899     0.0743      0.921    0.00659        1.9
Val  107/272     238/238     0.885    0.0782      0.95   0.00591      1.92        33     0.304      0.523      0.929      0.854       0.67       1.63
Train       0.968     0.0711      0.856    0.00173        1.9
Val  108/272     238/238     0.913    0.0729     0.868   0.00186      1.86        31     0.257      0.553      0.928      0.858      0.693       1.63
Train       0.905     0.0713      0.881    0.00318       1.86
Val  109/272     238/238     0.909    0.0718     0.868   0.00261      1.85        33     0.293      0.543      0.933      0.862      0.687       1.61
Train       0.938     0.0783       0.91    0.00297       1.93
Val  110/272     238/238     0.892    0.0784     0.942   0.00352      1.92        32     0.221      0.557      0.923      0.847      0.695       1.64
Train       0.891     0.0772      0.949    0.00685       1.92
Val  111/272     238/238     0.886    0.0744     0.896    0.0034      1.86        34     0.272      0.538      0.929      0.859      0.682       1.62
Train       0.921     0.0726       0.86    0.00278       1.86
Val  112/272     238/238     0.922    0.0749     0.873   0.00311      1.87        33     0.266      0.543      0.933      0.864      0.686       1.62
Train       0.975     0.0774       0.95    0.00475       2.01
Val  113/272     238/238     0.934    0.0741     0.893   0.00684      1.91        34     0.268      0.513      0.933      0.856      0.662        1.6
Train       0.901     0.0754       0.89    0.00207       1.87
Val  114/272     238/238     0.906    0.0752     0.906   0.00223      1.89        33     0.243      0.581      0.922      0.857      0.713       1.66
Train       0.895     0.0818      0.991    0.00719       1.97
Val  115/272     238/238     0.916    0.0794     0.928   0.00786      1.93        29     0.264      0.517      0.929      0.858      0.665       1.62
Train       0.923     0.0701      0.918    0.00593       1.92
Val  116/272     238/238     0.937    0.0726     0.917   0.00426      1.93        34     0.321      0.531      0.938      0.873      0.678       1.61
Train       0.935     0.0782      0.956    0.00398       1.97
Val  117/272     238/238     0.929    0.0778     0.932   0.00328      1.94        31     0.237      0.543      0.918      0.843      0.683       1.65
Train       0.892     0.0758       0.98    0.00441       1.95
Val  118/272     238/238     0.898    0.0732      0.89   0.00307      1.86        33     0.328      0.539      0.936      0.871      0.684       1.61
Train       0.917     0.0792      0.906     0.0031       1.91
Val  119/272     238/238     0.914    0.0762     0.896   0.00432      1.89        33     0.302      0.508      0.936      0.864      0.659       1.61
Train        0.93      0.073      0.902    0.00278       1.91
Val  120/272     238/238     0.918    0.0766     0.908   0.00236      1.91        30     0.244      0.542      0.929       0.86      0.684       1.62
Train       0.935      0.076       0.97    0.00336       1.99
Val  121/272     238/238     0.925    0.0782     0.911   0.00261      1.92        31     0.286      0.532      0.933      0.861      0.677       1.61
Train       0.922     0.0753      0.932    0.00342       1.93
Val  122/272     238/238     0.918    0.0751     0.908   0.00366      1.91        34     0.247      0.524      0.928      0.852       0.67       1.61
Train       0.926     0.0707      0.853    0.00191       1.85
Val  123/272     238/238     0.912    0.0706     0.857   0.00252      1.84        31      0.28      0.531      0.929      0.858      0.675        1.6
Train       0.896     0.0737      0.904    0.00177       1.87
Val  124/272     238/238     0.904    0.0744     0.934   0.00189      1.91        30     0.221      0.571       0.92      0.851      0.705       1.64
Train       0.892     0.0814       1.09    0.00657       2.07
Val  125/272     238/238     0.889    0.0769     0.968   0.00409      1.94        29     0.265      0.549      0.929      0.857       0.69       1.61
Train       0.939     0.0672      0.872    0.00212       1.88
Val  126/272     238/238     0.931    0.0688     0.877   0.00189      1.88        28     0.257      0.523       0.93      0.859      0.669        1.6
Train       0.924     0.0811      0.995    0.00298          2
Val  127/272     238/238     0.909    0.0807     0.973   0.00294      1.97        30     0.238      0.543      0.931      0.858      0.685       1.62
Train       0.947     0.0699      0.845    0.00155       1.86
Val  128/272     238/238     0.922    0.0721     0.835   0.00139      1.83        32     0.259      0.524      0.926       0.85      0.669       1.62
Train       0.908     0.0716      0.863    0.00207       1.84
Val  129/272     238/238     0.893    0.0728     0.855   0.00276      1.82        33     0.221      0.564       0.92      0.846        0.7       1.62
Train       0.914     0.0778      0.948    0.00629       1.95
Val  130/272     238/238     0.911    0.0752     0.893   0.00319      1.88        32     0.304      0.538      0.931      0.862      0.682       1.59
Train       0.934     0.0721      0.883    0.00304       1.89
Val  131/272     238/238     0.924    0.0756      0.92   0.00277      1.92        33     0.216      0.567      0.916      0.847      0.701       1.65
Train       0.913     0.0789      0.974    0.00363       1.97
Val  132/272     238/238     0.913    0.0781     0.945   0.00402      1.94        34     0.295      0.521      0.933      0.861      0.668        1.6
Train       0.927     0.0707      0.882    0.00342       1.88
Val  133/272     238/238     0.898    0.0742     0.885     0.003      1.86        28     0.303       0.54      0.936      0.871      0.685       1.59
Train       0.941     0.0716      0.896    0.00235       1.91
Val  134/272     238/238     0.923    0.0721     0.877   0.00195      1.87        31     0.291      0.527       0.93      0.859      0.673       1.61
Train       0.906     0.0715      0.929    0.00234       1.91
Val  135/272     238/238     0.917    0.0735     0.908   0.00245       1.9        30     0.234      0.554      0.926      0.853      0.694       1.62
Train       0.916     0.0765      0.976    0.00416       1.97
Val  136/272     238/238     0.896    0.0768      0.97   0.00344      1.95        32     0.273      0.547       0.93      0.864      0.689       1.61
Train       0.923     0.0749      0.903    0.00558       1.91
Val  137/272     238/238     0.902    0.0785     0.916   0.00551       1.9        31     0.224      0.592      0.922      0.858      0.721       1.64
Train       0.911     0.0812       1.03    0.00432       2.03
Val  138/272     238/238     0.915    0.0758     0.935   0.00245      1.93        34     0.332      0.512      0.933      0.856      0.661        1.6
Train       0.901     0.0778      0.913    0.00243       1.89
Val  139/272     238/238      0.91    0.0775     0.916    0.0028      1.91        32      0.28      0.514      0.933      0.861      0.663        1.6
Train       0.942     0.0733      0.904    0.00201       1.92
Val  140/272     238/238      0.92    0.0755     0.931   0.00202      1.93        34     0.297      0.513      0.934      0.862      0.662        1.6
Train       0.892      0.074      0.935    0.00404       1.91
Val  141/272     238/238     0.884    0.0743     0.925   0.00422      1.89        29     0.268      0.538      0.929      0.858      0.681        1.6
Train        0.92     0.0749      0.907    0.00407       1.91
Val  142/272     238/238     0.928    0.0745     0.896   0.00459       1.9        31     0.276      0.554      0.927      0.859      0.694       1.61
Train        0.92     0.0713      0.896    0.00273       1.89
Val  143/272     238/238     0.925    0.0737     0.929   0.00274      1.93        32     0.241      0.532      0.924      0.843      0.675       1.63
Train       0.943     0.0791      0.986     0.0083       2.02
Val  144/272     238/238     0.923    0.0751     0.927   0.00528      1.93        34      0.31      0.544      0.935      0.871      0.687        1.6
Train       0.912     0.0764      0.923     0.0041       1.92
Val  145/272     238/238     0.923    0.0762     0.923   0.00328      1.92        27     0.305      0.528      0.932      0.859      0.674        1.6
Train       0.936     0.0737       0.92    0.00308       1.93
Val  146/272     238/238     0.926    0.0768     0.922   0.00281      1.93        33     0.312      0.537      0.936      0.868      0.682        1.6
Train       0.912     0.0749      0.931    0.00224       1.92
Val  147/272     238/238     0.903    0.0764     0.924   0.00196       1.9        32     0.262       0.54      0.929      0.859      0.683       1.59
Train       0.882     0.0753      0.894    0.00252       1.85
Val  148/272     238/238     0.911    0.0787     0.917   0.00261      1.91        31     0.277      0.547      0.933       0.87       0.69        1.6
Train       0.913     0.0741       0.88     0.0035       1.87
Val  149/272     238/238     0.929    0.0741     0.868   0.00279      1.87        34     0.258       0.52      0.933      0.862      0.668       1.59
Train       0.888     0.0737      0.934    0.00271        1.9
Val  150/272     238/238     0.913    0.0766      0.94   0.00244      1.93        33     0.303      0.536      0.935      0.869      0.682        1.6
Train       0.896     0.0692      0.858    0.00178       1.82
Val  151/272     238/238     0.892     0.072     0.882    0.0021      1.85        33     0.259      0.528       0.93      0.858      0.673       1.59
Train       0.933      0.069      0.851    0.00194       1.85
Val  152/272     238/238     0.926    0.0725     0.899   0.00243       1.9        32     0.217      0.571      0.921      0.848      0.705       1.62
Train       0.939     0.0773      0.977    0.00365          2
Val  153/272     238/238     0.921    0.0728      0.89   0.00261      1.89        31     0.232       0.55      0.923      0.845      0.689       1.62
Train        0.94     0.0786      0.966    0.00449       1.99
Val  154/272     238/238     0.908    0.0764     0.924   0.00292      1.91        31       0.3      0.535      0.929      0.859      0.679        1.6
Train       0.924     0.0748      0.944    0.00347       1.95
Val  155/272     238/238      0.91    0.0774     0.977   0.00453      1.97        28     0.233      0.544      0.929      0.862      0.686       1.59
Train       0.874     0.0691      0.875    0.00201       1.82
Val  156/272     238/238     0.866    0.0723     0.902   0.00252      1.84        31      0.27      0.563       0.93      0.863      0.701       1.59
Train       0.914      0.069      0.837    0.00223       1.82
Val  157/272     238/238     0.898    0.0722     0.884    0.0028      1.86        31     0.265      0.529      0.931      0.857      0.675       1.58
Train       0.901      0.072      0.892     0.0042       1.87
Val  158/272     238/238     0.906    0.0729     0.894   0.00358      1.88        30     0.314      0.508      0.936      0.861      0.659       1.59
Train       0.939     0.0702      0.878    0.00179       1.89
Val  159/272     238/238     0.918    0.0735     0.899   0.00222      1.89        34     0.313      0.513      0.933      0.868      0.662        1.6
Train       0.938     0.0686      0.848    0.00195       1.86
Val  160/272     238/238     0.891    0.0695      0.86   0.00268      1.82        32     0.256      0.543      0.923      0.847      0.684       1.61
Train       0.891     0.0709       0.91    0.00146       1.87
Val  161/272     238/238     0.888    0.0706     0.879   0.00125      1.84        32     0.284      0.529      0.935      0.868      0.675       1.59
Train       0.937     0.0723      0.855    0.00288       1.87
Val  162/272     238/238     0.904    0.0735     0.875   0.00306      1.86        30     0.252      0.513      0.931      0.846      0.661        1.6
Train        0.86     0.0734      0.897    0.00194       1.83
Val  163/272     238/238     0.876    0.0719     0.842   0.00197      1.79        32     0.305      0.538      0.929      0.859      0.681       1.58
Train       0.909     0.0677      0.828    0.00217       1.81
Val  164/272     238/238     0.904    0.0682     0.837   0.00294      1.81        34     0.293      0.537      0.934       0.87      0.682       1.58
Train       0.877     0.0695      0.891    0.00361       1.84
Val  165/272     238/238     0.874     0.073     0.888   0.00404      1.84        28     0.267      0.529      0.933      0.863      0.675       1.57
Train       0.898     0.0676       0.85    0.00536       1.82
Val  166/272     238/238     0.877    0.0736     0.875   0.00441      1.83        29     0.265      0.531      0.933      0.866      0.677       1.58
Train       0.917     0.0688      0.822    0.00181       1.81
Val  167/272     238/238     0.928    0.0687     0.819   0.00153      1.82        30     0.275      0.513      0.934      0.861      0.662       1.58
Train       0.923      0.079      0.883    0.00129       1.89
Val  168/272     238/238     0.892    0.0759     0.864   0.00186      1.83        28     0.262      0.535      0.933      0.868       0.68       1.58
Train       0.852     0.0702      0.887    0.00197       1.81
Val  169/272     238/238     0.867     0.071     0.841   0.00226      1.78        34     0.296      0.541      0.936      0.874      0.686       1.57
Train       0.953     0.0682      0.882    0.00284       1.91
Val  170/272     238/238     0.922    0.0696     0.851   0.00289      1.85        30     0.276      0.542      0.931      0.866      0.685       1.58
Train       0.891     0.0678      0.887    0.00265       1.85
Val  171/272     238/238     0.902    0.0703     0.862   0.00396      1.84        31     0.272      0.524      0.931      0.862       0.67       1.57
Train       0.906      0.067      0.879     0.0011       1.85
Val  172/272     238/238     0.904    0.0685     0.859   0.00121      1.83        33     0.307      0.532      0.935       0.87      0.678       1.57
Train       0.907     0.0699      0.802    0.00185       1.78
Val  173/272     238/238     0.904    0.0727     0.831   0.00129      1.81        33     0.254       0.55      0.936      0.874      0.693       1.57
Train       0.886     0.0715      0.883    0.00215       1.84
Val  174/272     238/238       0.9    0.0762     0.931   0.00298      1.91        32     0.239      0.544      0.927       0.85      0.686       1.62
Train       0.889     0.0672      0.851    0.00316       1.81
Val  175/272     238/238     0.898    0.0689      0.84   0.00144      1.81        32     0.305      0.528      0.933      0.861      0.674       1.57
Train       0.931     0.0679      0.846    0.00224       1.85
Val  176/272     238/238     0.912    0.0698     0.848   0.00214      1.83        34     0.272      0.538      0.934      0.869      0.683       1.57
Train         0.9     0.0737      0.931    0.00199       1.91
Val  177/272     238/238     0.883    0.0731     0.897   0.00185      1.85        33     0.254      0.535      0.934      0.867       0.68       1.59
Train       0.931     0.0715      0.856    0.00133       1.86
Val  178/272     238/238     0.892    0.0718     0.865   0.00108      1.83        29     0.279      0.514      0.935      0.862      0.664       1.56
Train       0.897     0.0714      0.877    0.00308       1.85
Val  179/272     238/238     0.873    0.0755     0.891   0.00254      1.84        34      0.27      0.549      0.934      0.871      0.691       1.57
Train       0.922     0.0717      0.871    0.00221       1.87
Val  180/272     238/238     0.931    0.0747     0.876   0.00211      1.88        33     0.255      0.523      0.928      0.846      0.669       1.58
Train       0.949     0.0751       0.88    0.00207       1.91
Val  181/272     238/238     0.919     0.073     0.857   0.00228      1.85        32     0.309      0.529      0.936      0.871      0.676       1.56
Train       0.896     0.0745      0.976    0.00329       1.95
Val  182/272     238/238     0.887    0.0758     0.961   0.00363      1.93        34     0.264      0.531      0.934      0.868      0.677       1.57
Train         0.9     0.0705      0.873    0.00266       1.85
Val  183/272     238/238     0.894    0.0717     0.844   0.00435      1.81        31     0.296      0.506      0.934      0.861      0.657       1.57
Train       0.908     0.0729      0.887    0.00141       1.87
Val  184/272     238/238     0.907    0.0746      0.92   0.00154       1.9        34     0.297      0.522      0.936      0.864       0.67       1.56
Train       0.891     0.0733      0.849    0.00297       1.82
Val  185/272     238/238     0.877     0.077     0.875   0.00351      1.83        34     0.265      0.559      0.934      0.875        0.7       1.59
Train       0.868     0.0727      0.956    0.00226        1.9
Val  186/272     238/238     0.861    0.0737     0.927   0.00238      1.86        32     0.248      0.555      0.928      0.858      0.695       1.57
Train       0.923      0.074      0.922    0.00404       1.92
Val  187/272     238/238     0.914    0.0759     0.926    0.0022      1.92        33     0.305      0.503      0.929      0.843      0.653       1.59
Train       0.909     0.0724      0.846    0.00173       1.83
Val  188/272     238/238     0.893    0.0736     0.866    0.0023      1.83        31     0.241      0.564      0.922      0.849        0.7        1.6
Train       0.898     0.0752      0.928    0.00391       1.91
Val  189/272     238/238     0.913    0.0755     0.928   0.00286      1.92        30     0.257      0.534      0.922      0.837      0.676        1.6
Train       0.885     0.0701      0.827    0.00117       1.78
Val  190/272     238/238     0.903    0.0707     0.813   0.00133      1.79        33     0.215       0.53      0.928      0.842      0.675       1.59
Train       0.926      0.077      0.972    0.00996       1.99
Val  191/272     238/238     0.921    0.0748     0.902   0.00576       1.9        33     0.261      0.526      0.929      0.853      0.672       1.57
Train       0.913     0.0729      0.913    0.00131        1.9
Val  192/272     238/238     0.903    0.0742     0.899   0.00163      1.88        34     0.292      0.514      0.933      0.859      0.663       1.57
Train       0.883     0.0645      0.793    0.00185       1.74
Val  193/272     238/238     0.878    0.0686     0.819   0.00209      1.77        29     0.241      0.549       0.93      0.859       0.69       1.57
Train       0.885     0.0677      0.835    0.00113       1.79
Val  194/272     238/238     0.889    0.0704     0.857   0.00121      1.82        32     0.258      0.576      0.927      0.858      0.711        1.6
Train       0.902     0.0693      0.825    0.00116        1.8
Val  195/272     238/238     0.868    0.0715     0.849   0.00172      1.79        29     0.294      0.551      0.936      0.872      0.694       1.57
Train       0.899     0.0681      0.836    0.00288       1.81
Val  196/272     238/238     0.888    0.0703     0.843   0.00204       1.8        34     0.236       0.54      0.926      0.847      0.682       1.58
Train        0.89     0.0704      0.862     0.0018       1.82
Val  197/272     238/238     0.877    0.0694      0.84   0.00203      1.79        34     0.251      0.548       0.93      0.852       0.69       1.59
Train       0.892      0.076      0.911    0.00538       1.88
Val  198/272     238/238      0.89    0.0717     0.863   0.00328      1.83        31     0.279      0.553      0.933      0.869      0.694       1.58
Train        0.88     0.0695      0.888    0.00196       1.84
Val  199/272     238/238     0.872    0.0741     0.946     0.003       1.9        30     0.234      0.555      0.917      0.836      0.691       1.64
Train       0.938     0.0758      0.912    0.00322       1.93
Val  200/272     238/238     0.898    0.0714     0.887   0.00235      1.86        30     0.269      0.538      0.933      0.867      0.682       1.57
Train       0.899     0.0725      0.864    0.00117       1.84
Val  201/272     238/238     0.893    0.0746     0.889   0.00139      1.86        28     0.234      0.589      0.923      0.855      0.719       1.62
Train       0.872     0.0697      0.894    0.00208       1.84
Val  202/272     238/238     0.854    0.0693     0.851   0.00121      1.78        31     0.245      0.584      0.928      0.863      0.717       1.59
Train       0.854     0.0736      0.838    0.00141       1.77
Val  203/272     238/238     0.866    0.0739     0.858   0.00175       1.8        33     0.211      0.571      0.928      0.855      0.707        1.6
Train       0.903     0.0721      0.932    0.00382       1.91
Val  204/272     238/238     0.895    0.0694     0.899   0.00188      1.87        33     0.297      0.552      0.934      0.869      0.694       1.56
Train       0.884     0.0702      0.903    0.00325       1.86
Val  205/272     238/238     0.872    0.0684     0.875   0.00286      1.82        31     0.285      0.554      0.937      0.872      0.697       1.56
Train       0.853     0.0672      0.843    0.00134       1.76
Val  206/272     238/238     0.868     0.072     0.884   0.00127      1.83        34      0.22      0.585      0.929      0.863      0.718       1.59
Train       0.907     0.0741      0.929    0.00444       1.91
Val  207/272     238/238     0.899    0.0739     0.901   0.00267      1.88        34     0.252      0.575      0.923      0.849      0.709       1.59
Train        0.88     0.0675      0.826    0.00297       1.78
Val  208/272     238/238      0.86    0.0709     0.861   0.00272      1.79        27     0.265      0.564      0.932      0.864      0.703       1.58
Train       0.918     0.0665      0.817    0.00254        1.8
Val  209/272     238/238     0.927    0.0717     0.808   0.00232      1.81        34     0.316      0.526      0.936      0.868      0.674       1.56
Train       0.912     0.0716      0.882    0.00286       1.87
Val  210/272     238/238      0.88    0.0757     0.912    0.0024      1.87        32     0.249      0.557      0.914      0.831      0.692       1.62
Train       0.878     0.0732      0.931    0.00242       1.88
Val  211/272     238/238     0.891    0.0743     0.895   0.00183      1.86        34     0.251      0.551      0.936      0.871      0.694       1.56
Train       0.875     0.0721      0.862    0.00155       1.81
Val  212/272     238/238     0.892    0.0754     0.853   0.00171      1.82        30     0.238      0.563      0.929      0.856      0.702        1.6
Train       0.859     0.0734      0.895     0.0035       1.83
Val  213/272     238/238     0.874    0.0728     0.867   0.00184      1.82        33     0.238      0.548      0.929      0.861      0.689       1.58
Train       0.892     0.0712      0.869    0.00158       1.83
Val  214/272     238/238     0.885    0.0707     0.837   0.00156      1.79        30     0.308      0.543      0.936       0.87      0.688       1.56
Train       0.932     0.0736      0.904     0.0016       1.91
Val  215/272     238/238     0.911    0.0752     0.914   0.00196       1.9        30     0.243      0.551      0.928      0.855      0.692       1.58
Train       0.914     0.0741      0.926    0.00241       1.92
Val  216/272     238/238     0.892    0.0762     0.933   0.00208       1.9        34      0.27      0.541      0.933      0.861      0.685       1.55
Train       0.883     0.0654      0.821    0.00126       1.77
Val  217/272     238/238     0.875    0.0705     0.884   0.00133      1.83        33     0.294      0.525      0.933      0.857      0.672       1.55
Train       0.892     0.0657      0.845    0.00176        1.8
Val  218/272     238/238     0.888    0.0672     0.841   0.00175       1.8        33     0.238      0.554      0.923      0.849      0.692       1.58
Train       0.883     0.0734      0.877    0.00322       1.84
Val  219/272     238/238     0.883    0.0681     0.809    0.0015      1.76        33     0.283      0.535      0.936      0.868      0.681       1.55
Train       0.852     0.0664      0.791    0.00238       1.71
Val  220/272     238/238     0.865    0.0632     0.784   0.00346      1.72        33     0.253      0.553      0.931      0.864      0.694       1.56
Train       0.888     0.0694       0.92    0.00206       1.88
Val  221/272     238/238     0.891    0.0696     0.914   0.00218      1.88        33      0.27      0.539      0.934      0.866      0.683       1.55
Train       0.901     0.0693      0.841    0.00206       1.81
Val  222/272     238/238       0.9    0.0672     0.823   0.00137      1.79        33     0.235       0.57      0.928      0.861      0.706       1.57
Train       0.874     0.0756      0.981     0.0022       1.93
Val  223/272     238/238     0.874     0.073     0.909   0.00191      1.86        30     0.266      0.527      0.934      0.863      0.674       1.56
Train       0.914     0.0682       0.89    0.00112       1.87
Val  224/272     238/238     0.896    0.0684     0.871   0.00115      1.84        29     0.298      0.547      0.933      0.862       0.69       1.55
Train       0.902     0.0682      0.862   0.000875       1.83
Val  225/272     238/238     0.892    0.0676     0.846  0.000957      1.81        34     0.321      0.543      0.935       0.87      0.687       1.55
Train       0.863     0.0687      0.896    0.00185       1.83
Val  226/272     238/238     0.888    0.0714     0.896   0.00173      1.86        27     0.234      0.569      0.929      0.861      0.706       1.57
Train       0.879     0.0709      0.859     0.0041       1.81
Val  227/272     238/238     0.878     0.069     0.827   0.00165      1.78        32     0.307       0.54      0.933      0.865      0.684       1.55
Train       0.902      0.065       0.86    0.00132       1.83
Val  228/272     238/238     0.895    0.0661     0.867   0.00142      1.83        33     0.268      0.543      0.931      0.863      0.685       1.55
Train       0.869      0.067      0.827    0.00151       1.76
Val  229/272     238/238     0.876    0.0689     0.884    0.0016      1.83        29     0.253      0.536      0.929      0.853       0.68       1.56
Train       0.859     0.0674      0.877    0.00308       1.81
Val  230/272     238/238     0.886    0.0689     0.906   0.00206      1.86        31       0.3      0.542      0.931       0.86      0.685       1.55
Train       0.924     0.0657      0.842    0.00117       1.83
Val  231/272     238/238     0.931    0.0688     0.873   0.00117      1.87        33     0.216      0.577      0.921      0.853       0.71       1.58
Train        0.91     0.0753       0.93    0.00231       1.92
Val  232/272     238/238     0.913     0.073     0.903   0.00153      1.89        27     0.236      0.553      0.929      0.853      0.693       1.58
Train       0.904     0.0685      0.853    0.00134       1.83
Val  233/272     238/238     0.907    0.0686     0.858   0.00158      1.84        29     0.239      0.564      0.929      0.861      0.702       1.55
Train       0.825     0.0677      0.875    0.00372       1.77
Val  234/272     238/238     0.864    0.0679     0.859   0.00323      1.79        31      0.27       0.54      0.931       0.86      0.683       1.55
Train       0.871      0.071      0.893     0.0038       1.84
Val  235/272     238/238     0.865    0.0718     0.885   0.00231      1.82        34     0.271      0.525       0.93      0.856      0.671       1.55
Train       0.877     0.0761      0.943    0.00213        1.9
Val  236/272     238/238     0.892    0.0753     0.925   0.00176      1.89        32     0.285      0.547       0.93      0.861      0.689       1.55
Train       0.909     0.0656      0.762    0.00104       1.74
Val  237/272     238/238     0.888     0.067     0.785   0.00159      1.74        33     0.259      0.546      0.932       0.86      0.689       1.56
Train       0.879     0.0658       0.82    0.00184       1.77
Val  238/272     238/238      0.87    0.0678     0.844   0.00203      1.78        34     0.319      0.549      0.933      0.864      0.691       1.55
Train       0.884     0.0656       0.83   0.000737       1.78
Val  239/272     238/238      0.89      0.07     0.856  0.000924      1.82        33     0.253      0.547      0.931      0.862      0.689       1.55
Train       0.856     0.0652      0.844    0.00139       1.77
Val  240/272     238/238     0.864    0.0697     0.871   0.00165      1.81        32     0.306       0.53      0.934      0.864      0.677       1.55
Train       0.912     0.0664      0.867     0.0016       1.85
Val  241/272     238/238     0.901    0.0689     0.859   0.00136      1.83        33     0.266      0.573      0.929       0.86      0.709       1.57
Train       0.846     0.0652      0.837    0.00151       1.75
Val  242/272     238/238     0.878    0.0701     0.894    0.0018      1.84        34     0.251      0.565      0.927      0.854      0.702       1.57
Train       0.864     0.0669      0.841    0.00423       1.78
Val  243/272     238/238     0.877    0.0697     0.831   0.00414      1.78        33     0.246      0.547      0.928      0.857      0.688       1.56
Train       0.913     0.0704      0.884    0.00456       1.87
Val  244/272     238/238     0.889    0.0694     0.847   0.00203      1.81        32     0.317      0.542      0.931      0.861      0.685       1.55
Train       0.933     0.0688      0.836    0.00112       1.84
Val  245/272     238/238     0.933    0.0667     0.847   0.00118      1.85        31     0.255      0.554      0.927      0.856      0.694       1.56
Train       0.885     0.0653      0.879    0.00222       1.83
Val  246/272     238/238     0.884    0.0678     0.876   0.00175      1.83        33     0.236      0.568      0.925      0.853      0.704       1.57
Train       0.894     0.0703      0.901    0.00168       1.87
Val  247/272     238/238     0.918    0.0677     0.857   0.00175      1.84        34     0.239      0.587      0.918       0.85      0.716       1.59
Train       0.913     0.0703       0.94    0.00141       1.93
Val  248/272     238/238     0.907    0.0721     0.885   0.00103      1.87        28     0.271      0.537      0.933      0.862      0.681       1.54
Train       0.871     0.0654      0.829    0.00263       1.77
Val  249/272     238/238     0.881    0.0694     0.847   0.00433       1.8        30      0.31      0.536      0.932      0.864       0.68       1.55
Train       0.862     0.0679      0.858    0.00192       1.79
Val  250/272     238/238     0.867     0.068     0.814    0.0013      1.75        33     0.263      0.532      0.933      0.863      0.678       1.55
Train       0.916     0.0729      0.937    0.00288       1.93
Val  251/272     238/238     0.893    0.0678     0.866   0.00268      1.83        33     0.231       0.58      0.929      0.857      0.714       1.58
Train       0.902     0.0723      0.913    0.00373       1.89
Val  252/272     238/238     0.865    0.0673     0.875   0.00182      1.81        29     0.267      0.534      0.928      0.857      0.678       1.55
Train       0.857     0.0658      0.891    0.00185       1.82
Val  253/272     238/238     0.868    0.0699     0.876   0.00309      1.82        34     0.315      0.541      0.935      0.867      0.685       1.55
Train       0.893     0.0723      0.919    0.00228       1.89
Val  254/272     238/238     0.864    0.0728     0.953   0.00241      1.89        34     0.215      0.613      0.915      0.848      0.734       1.62
Train       0.879     0.0693      0.973    0.00175       1.92
Val  255/272     238/238     0.875    0.0685     0.916   0.00117      1.86        30     0.253      0.542      0.928      0.856      0.685       1.55
Train       0.881     0.0712       0.91    0.00156       1.86
Val  256/272     238/238     0.878    0.0724     0.907   0.00188      1.86        33     0.302      0.542      0.932      0.863      0.685       1.55
Train       0.891     0.0641      0.818    0.00226       1.78
Val  257/272     238/238     0.898    0.0681     0.835   0.00183       1.8        32     0.316       0.54      0.931      0.864      0.683       1.55
Train       0.865     0.0672      0.777   0.000932       1.71
Val  258/272     238/238     0.881    0.0658     0.824  0.000949      1.77        31     0.306      0.537      0.934      0.866      0.682       1.55
Train       0.889     0.0691      0.857   0.000819       1.82
Val  259/272     238/238     0.869    0.0698     0.873   0.00095      1.81        32     0.236      0.556       0.93      0.858      0.696       1.56
Train       0.861     0.0703      0.923    0.00139       1.86
Val  260/272     238/238     0.879    0.0688     0.858  0.000918      1.81        32     0.305      0.533      0.934      0.865      0.679       1.54
Train       0.896      0.067      0.806   0.000925       1.77
Val  261/272     238/238     0.896    0.0683     0.838   0.00158       1.8        32     0.293       0.54      0.932      0.866      0.684       1.55
Train       0.873     0.0724      0.898    0.00137       1.84
Val  262/272     238/238     0.874    0.0715       0.9   0.00124      1.85        33     0.252      0.525      0.928      0.854       0.67       1.55
Train       0.852     0.0718      0.981     0.0056       1.91
Val  263/272     238/238      0.86    0.0722     0.953   0.00658      1.89        31     0.266      0.538      0.933      0.863      0.682       1.55
Train       0.915      0.064      0.827   0.000837       1.81
Val  264/272     238/238      0.89    0.0659     0.841   0.00102       1.8        32     0.236      0.547      0.928      0.857      0.688       1.56
Train       0.844     0.0682      0.884    0.00136        1.8
Val  265/272     238/238     0.872     0.072       0.9   0.00234      1.85        33     0.321      0.536      0.935      0.867      0.681       1.55
Train       0.859     0.0689      0.869    0.00136        1.8
Val  266/272     238/238     0.857    0.0686     0.852   0.00135      1.78        34     0.311       0.54      0.933      0.866      0.684       1.55
Train       0.887     0.0642      0.819    0.00166       1.77
Val  267/272     238/238     0.877    0.0682     0.834   0.00176      1.78        32     0.268      0.557       0.93      0.859      0.697       1.56
Train       0.861     0.0729      0.981    0.00359       1.92
Val  268/272     238/238     0.881    0.0748     0.986   0.00491      1.95        31     0.237      0.577      0.923      0.852       0.71       1.58
Train       0.872     0.0695      0.868     0.0034       1.81
Val  269/272     238/238     0.892    0.0696     0.864   0.00183      1.83        33     0.299      0.545      0.929       0.86      0.687       1.55
Train       0.874     0.0699      0.902    0.00351       1.85
Val  270/272     238/238     0.883    0.0694     0.899   0.00308      1.85        30     0.255      0.528      0.929      0.858      0.674       1.55
Train       0.893     0.0698      0.862    0.00094       1.83
Val  271/272     238/238     0.883    0.0666     0.834   0.00103      1.78        31     0.259      0.533      0.932      0.861      0.678       1.55
Train       0.928     0.0715      0.952    0.00117       1.95
Val  272/272     238/238     0.894    0.0723     0.946   0.00134      1.91        32     0.251      0.571      0.927      0.853      0.707       1.57
