Train        2.18       1.09       52.3          0       55.6
Val    0/272     238/238      1.97     0.688      18.7         0      21.4        29     0.295      0.585      0.213      0.131      0.313       3.32
Train         1.6      0.306       1.56          0       3.47
Val    1/272     238/238      1.52      0.29      1.55         0      3.37        33     0.238      0.598      0.559      0.407      0.578       2.73
Train        1.38      0.232       1.37          0       2.98
Val    2/272     238/238      1.35     0.224      1.33         0       2.9        28     0.197      0.639      0.577      0.433      0.606        2.5
Train         1.3      0.234        1.5          0       3.03
Val    3/272     238/238      1.28     0.216      1.34         0      2.83        29     0.247       0.66       0.69      0.553      0.675       2.31
Train        1.22      0.192       1.27          0       2.68
Val    4/272     238/238      1.19     0.192      1.27         0      2.66        30     0.197      0.707      0.667      0.553      0.686        2.3
Train        1.22       0.19       1.36          0       2.77
Val    5/272     238/238      1.22     0.181      1.25         0      2.65        34     0.277      0.701      0.758      0.651      0.729       2.14
Train        1.19      0.182       1.25          0       2.62
Val    6/272     238/238      1.19     0.177      1.24         0      2.61        32     0.194      0.709      0.736      0.633      0.722       2.08
Train        1.12       0.17        1.3          0       2.59
Val    7/272     238/238      1.14     0.166      1.21         0      2.51        32     0.234      0.719      0.767      0.663      0.742       2.03
Train        1.09      0.156       1.14          0       2.38
Val    8/272     238/238      1.09     0.155      1.12         0      2.37        34     0.283      0.702      0.795      0.699      0.746       1.99
Train         1.1      0.146       1.04          0       2.29
Val    9/272     238/238      1.11     0.151      1.09         0      2.35        34     0.278       0.66      0.802      0.692      0.724       1.94
Train         1.1      0.143       1.03          0       2.28
Val   10/272     238/238      1.09     0.144      1.06         0      2.29        27     0.244      0.718      0.798      0.701      0.756       1.94
Train        1.08      0.137       1.05          0       2.27
Val   11/272     238/238      1.08     0.143       1.1         0      2.33        32     0.196      0.741      0.784      0.685      0.762       1.95
Train        1.13      0.144        1.2          0       2.47
Val   12/272     238/238       1.1     0.142      1.14         0      2.38        29     0.221      0.706      0.811      0.706      0.755       1.91
Train         1.1      0.132       1.09          0       2.32
Val   13/272     238/238      1.08     0.135      1.08         0       2.3        34     0.293      0.732      0.833      0.751      0.779       1.87
Train        1.07      0.129       1.05          0       2.26
Val   14/272     238/238      1.04     0.127      1.04         0      2.21        34     0.234      0.716      0.809      0.711       0.76       1.87
Train           1       0.12          1          0       2.13
Val   15/272     238/238      1.02     0.123      1.01         0      2.15        30     0.281      0.719      0.836      0.745      0.773       1.85
Train        1.04      0.129       1.07          0       2.25
Val   16/272     238/238      1.02     0.127      1.08         0      2.23        32     0.204       0.77      0.767      0.673      0.769       1.91
Train        1.04      0.128       1.17          0       2.34
Val   17/272     238/238      1.01     0.128       1.1         0      2.23        29     0.191      0.779      0.769      0.677      0.774       1.93
Train        1.01       0.13       1.16          0        2.3
Val   18/272     238/238      1.02     0.125      1.04         0      2.19        31     0.213      0.754       0.81      0.729      0.781       1.86
Train       0.983      0.121       1.01          0       2.12
Val   19/272     238/238     0.986     0.121      1.02         0      2.13        32      0.25      0.739      0.832      0.747      0.783       1.83
Train        1.04      0.116      0.961          0       2.12
Val   20/272     238/238      1.04     0.119     0.996         0      2.16        34     0.294      0.731       0.85      0.764      0.786       1.79
Train        1.05      0.124       1.12          0       2.29
Val   21/272     238/238      1.02     0.118      1.06         0      2.19        32     0.219      0.751       0.81      0.729      0.779        1.8
Train       0.983      0.117       1.08          0       2.18
Val   22/272     238/238      1.01     0.117      1.01         0      2.13        34     0.221      0.768      0.792      0.709       0.78       1.83
Train       0.997      0.121       1.08          0       2.19
Val   23/272     238/238      1.02     0.117      1.02         0      2.16        33     0.237      0.757      0.827      0.748      0.791       1.79
Train        1.01      0.107      0.933          0       2.05
Val   24/272     238/238     0.988     0.109     0.988         0      2.08        31     0.221       0.75      0.779      0.675      0.764       1.84
Train           1      0.112      0.926          0       2.04
Val   25/272     238/238     0.975     0.111     0.935         0      2.02        29     0.274      0.747      0.832      0.748      0.787       1.78
Train        1.03      0.115       1.11          0       2.25
Val   26/272     238/238      1.01     0.115      1.06         0      2.18        30     0.275      0.746      0.843      0.759      0.791       1.76
Train        1.01      0.111      0.997          0       2.12
Val   27/272     238/238      1.01     0.115      1.01         0      2.13        30      0.25      0.709      0.836      0.739      0.768       1.78
Train        1.01      0.105      0.972          0       2.09
Val   28/272     238/238      1.02     0.109      1.02         0      2.14        31     0.287      0.747      0.842      0.758      0.792       1.77
Train        1.02      0.114      0.996          0       2.13
Val   29/272     238/238     0.989     0.119      1.03         0      2.14        29     0.289      0.718      0.848      0.755      0.777       1.75
Train       0.979      0.108       1.07          0       2.16
Val   30/272     238/238     0.984      0.11      1.04         0      2.14        34     0.296      0.742      0.849      0.765      0.792       1.76
Train           1      0.107      0.999          0       2.11
Val   31/272     238/238     0.979     0.107     0.971         0      2.06        26     0.246      0.742      0.812      0.728      0.776       1.76
Train       0.984     0.0996      0.945          0       2.03
Val   32/272     238/238     0.985     0.105     0.943         0      2.03        34     0.249      0.728      0.828      0.741      0.774       1.74
Train       0.957     0.0973      0.899          0       1.95
Val   33/272     238/238     0.976     0.102     0.936         0      2.01        32     0.243      0.731      0.816      0.721      0.771       1.75
Train       0.954      0.096      0.916          0       1.97
Val   34/272     238/238      0.98    0.0995      0.96         0      2.04        34     0.249      0.717      0.844      0.756      0.775       1.72
Train       0.984      0.102      0.907          0       1.99
Val   35/272     238/238     0.986     0.103     0.913         0         2        30     0.217      0.756      0.801      0.717      0.778       1.77
Train       0.951     0.0957       0.97          0       2.02
Val   36/272     238/238     0.951    0.0954     0.951         0         2        32     0.222      0.754      0.799      0.711      0.776       1.76
Train        0.96      0.109       1.03          0        2.1
Val   37/272     238/238     0.961     0.103     0.984         0      2.05        34     0.214      0.774      0.805      0.728      0.789       1.76
Train       0.971      0.102       1.03          0        2.1
Val   38/272     238/238     0.971     0.104     0.998         0      2.07        26     0.284       0.74      0.842      0.759      0.788       1.73
Train       0.987        0.1      0.956          0       2.04
Val   39/272     238/238     0.962     0.102     0.936         0         2        32     0.237      0.786      0.812      0.744      0.799       1.76
Train       0.956      0.097      0.985          0       2.04
Val   40/272     238/238     0.963     0.101     0.987         0      2.05        34     0.254      0.747      0.828      0.753      0.785       1.72
Train        1.04      0.102          1          0       2.14
Val   41/272     238/238      1.01     0.106      1.03         0      2.15        33     0.199      0.775      0.778      0.695      0.776       1.77
Train       0.984      0.106       1.13          0       2.22
Val   42/272     238/238     0.976     0.101     0.997         0      2.07        29     0.219      0.773      0.805      0.729      0.789       1.76
Train       0.997     0.0995          1          0        2.1
Val   43/272     238/238         1    0.0972      0.94         0      2.04        34     0.274      0.746      0.839      0.767       0.79       1.72
Train       0.983     0.0921      0.917          0       1.99
Val   44/272     238/238     0.983    0.0914     0.899         0      1.97        34     0.275       0.73      0.842      0.762      0.782        1.7
Train       0.966     0.0886      0.916          0       1.97
Val   45/272     238/238     0.942    0.0928     0.933         0      1.97        31      0.23      0.748      0.804      0.723      0.775       1.72
Train       0.931     0.0956       0.96          0       1.99
Val   46/272     238/238     0.929    0.0978     0.969         0         2        34     0.251      0.727      0.838      0.756      0.779        1.7
Train       0.983     0.0972      0.988          0       2.07
Val   47/272     238/238     0.964    0.0993     0.971         0      2.03        31     0.197      0.785      0.783      0.707      0.784       1.76
Train           1     0.0982       0.98          0       2.08
Val   48/272     238/238     0.995    0.0978     0.946         0      2.04        33      0.28      0.732      0.849       0.77      0.786        1.7
Train        1.01     0.0955      0.954          0       2.06
Val   49/272     238/238     0.982     0.095     0.919         0         2        31     0.249       0.75       0.82      0.741      0.784       1.71
Train       0.953     0.0941      0.975          0       2.02
Val   50/272     238/238     0.932    0.0955     0.954         0      1.98        33     0.238      0.778      0.822       0.75      0.799       1.72
Train       0.968     0.0945      0.957          0       2.02
Val   51/272     238/238     0.971    0.0945     0.939         0         2        34     0.219      0.781      0.803      0.733      0.792       1.73
Train       0.942     0.0956       1.01          0       2.04
Val   52/272     238/238     0.938    0.0959     0.964         0         2        33     0.279      0.756      0.842      0.764      0.797        1.7
Train           1     0.0927      0.922          0       2.02
Val   53/272     238/238     0.987    0.0951     0.941         0      2.02        34     0.298      0.736      0.856      0.775      0.792       1.69
Train       0.961     0.0909        0.9          0       1.95
Val   54/272     238/238     0.977    0.0983      1.04         0      2.11        30     0.252      0.705      0.826      0.738      0.761       1.71
Train       0.997     0.0966       1.01          0       2.11
Val   55/272     238/238     0.962    0.0964     0.993         0      2.05        29     0.285      0.741      0.849       0.77      0.791       1.67
Train       0.948     0.0876      0.917          0       1.95
Val   56/272     238/238     0.931    0.0922     0.938         0      1.96        28     0.271      0.766      0.841      0.769      0.802       1.69
Train       0.996     0.0946       1.02          0       2.11
Val   57/272     238/238     0.974    0.0942     0.959         0      2.03        34     0.221       0.79      0.796       0.72      0.793       1.74
Train       0.948     0.0868       1.01          0       2.04
Val   58/272     238/238     0.946    0.0913     0.996         0      2.03        31     0.241      0.752      0.812       0.73      0.781       1.71
Train       0.961     0.0965       1.01          0       2.07
Val   59/272     238/238     0.955    0.0976     0.996         0      2.05        34     0.218      0.772      0.806      0.728      0.789       1.73
Train       0.942     0.0943       1.01          0       2.05
Val   60/272     238/238     0.962    0.0979      1.04         0       2.1        34     0.277      0.739      0.832      0.745      0.782       1.69
Train        0.96     0.0912      0.886          0       1.94
Val   61/272     238/238     0.959     0.092      0.89         0      1.94        33       0.3      0.743       0.85       0.77      0.793       1.67
Train       0.935     0.0875      0.877          0        1.9
Val   62/272     238/238      0.92    0.0865     0.883         0      1.89        33      0.25      0.715      0.828      0.738      0.767       1.66
Train       0.968     0.0967      0.981          0       2.05
Val   63/272     238/238     0.966    0.0965     0.951         0      2.01        30     0.202      0.768      0.762      0.665      0.765       1.75
Train       0.979      0.104       1.05          0       2.13
Val   64/272     238/238     0.934    0.0953     0.978         0      2.01        33     0.199        0.8      0.786      0.718      0.793       1.73
Train       0.889     0.0971       1.02          0          2
Val   65/272     238/238     0.893    0.0945     0.942         0      1.93        32     0.272       0.77      0.832      0.755        0.8       1.69
Train       0.959     0.0876       0.92          0       1.97
Val   66/272     238/238     0.951    0.0881     0.931         0      1.97        33     0.218      0.773      0.798       0.72      0.785       1.72
Train       0.944     0.0895      0.931          0       1.96
Val   67/272     238/238     0.935    0.0904     0.913         0      1.94        32     0.237      0.759      0.818      0.744      0.788       1.68
Train       0.929     0.0819      0.869          0       1.88
Val   68/272     238/238     0.936    0.0842     0.886         0      1.91        34     0.297       0.76      0.851      0.781      0.803       1.67
Train           1     0.0896      0.916          0          2
Val   69/272     238/238     0.962    0.0916     0.911         0      1.96        30     0.251      0.754      0.825      0.743      0.788       1.67
Train       0.929     0.0911      0.914          0       1.93
Val   70/272     238/238     0.921    0.0897     0.922         0      1.93        32     0.197      0.789       0.77      0.684       0.78       1.75
Train       0.902     0.0975      0.981          0       1.98
Val   71/272     238/238       0.9    0.0902      0.92         0      1.91        29     0.198      0.784      0.805      0.737      0.795        1.7
Train       0.973     0.0981       1.03          0       2.11
Val   72/272     238/238     0.944    0.0928     0.951         0      1.99        33     0.236      0.755      0.812      0.721      0.783        1.7
Train       0.965     0.0882      0.898          0       1.95
Val   73/272     238/238     0.956    0.0896     0.879         0      1.92        33     0.245      0.739      0.838      0.756      0.785       1.66
Train       0.944     0.0852      0.916          0       1.95
Val   74/272     238/238     0.922    0.0851     0.873         0      1.88        32     0.249      0.744      0.834      0.755      0.787       1.65
Train       0.932     0.0882      0.987          0       2.01
Val   75/272     238/238     0.924    0.0915     0.975         0      1.99        34     0.231      0.753      0.819      0.741      0.784       1.68
Train       0.954     0.0911      0.942          0       1.99
Val   76/272     238/238     0.932    0.0912     0.934         0      1.96        34     0.247      0.777      0.823      0.754      0.799       1.69
Train       0.969      0.089      0.909          0       1.97
Val   77/272     238/238     0.952    0.0896     0.909         0      1.95        32     0.285      0.753      0.838       0.76      0.793       1.66
Train       0.954     0.0918      0.933          0       1.98
Val   78/272     238/238     0.949    0.0896     0.898         0      1.94        33     0.242      0.732      0.844      0.759      0.784       1.63
Train         0.9      0.089      0.936          0       1.93
Val   79/272     238/238     0.893    0.0889     0.909         0      1.89        31     0.239      0.756      0.825      0.747      0.789       1.68
Train       0.934     0.0901      0.963          0       1.99
Val   80/272     238/238     0.927     0.087     0.895         0      1.91        33     0.283      0.726       0.85      0.763      0.783       1.64
Train       0.973     0.0842      0.888          0       1.95
Val   81/272     238/238     0.943    0.0869      0.89         0      1.92        31     0.241       0.72       0.82      0.728      0.767       1.68
Train       0.925     0.0865      0.898          0       1.91
Val   82/272     238/238     0.935    0.0848     0.876         0       1.9        32     0.249      0.733      0.842       0.76      0.784       1.64
Train       0.943     0.0821       0.89          0       1.92
Val   83/272     238/238     0.922    0.0868     0.962         0      1.97        30     0.279      0.736      0.842      0.767      0.785       1.66
Train       0.975     0.0874      0.902          0       1.96
Val   84/272     238/238     0.955    0.0909     0.967         0      2.01        34     0.236      0.747      0.823      0.742      0.783       1.66
Train       0.925      0.091      0.917          0       1.93
Val   85/272     238/238     0.923    0.0888     0.935         0      1.95        32     0.217        0.8      0.783      0.711      0.791       1.72
Train       0.919     0.0917       1.04          0       2.05
Val   86/272     238/238     0.917     0.086     0.958         0      1.96        33     0.217      0.759      0.805      0.721      0.781       1.69
Train       0.885     0.0852      0.923          0       1.89
Val   87/272     238/238     0.912    0.0885       0.9         0       1.9        34     0.206      0.736        0.8      0.711      0.767       1.71
Train       0.925     0.0877      0.965          0       1.98
Val   88/272     238/238      0.91    0.0857     0.913         0      1.91        30      0.22      0.771      0.817      0.741      0.793       1.66
Train       0.966     0.0839      0.906          0       1.96
Val   89/272     238/238     0.956    0.0874     0.914         0      1.96        30     0.217      0.784      0.787      0.711      0.786       1.69
Train       0.923     0.0864      0.978          0       1.99
Val   90/272     238/238      0.93    0.0879     0.981         0         2        34     0.234      0.769      0.823      0.749      0.795       1.66
Train       0.874     0.0827      0.919          0       1.88
Val   91/272     238/238     0.907    0.0875     0.942         0      1.94        27       0.2      0.797      0.778      0.697      0.787       1.72
Train        0.94     0.0881       0.92          0       1.95
Val   92/272     238/238     0.919    0.0881     0.905         0      1.91        30     0.217      0.756      0.809      0.723      0.781       1.68
Train       0.925     0.0866      0.908          0       1.92
Val   93/272     238/238     0.931    0.0851     0.875         0      1.89        33     0.255      0.746      0.842      0.768      0.791       1.63
Train       0.933     0.0814      0.834          0       1.85
Val   94/272     238/238     0.922     0.085     0.891         0       1.9        33     0.197      0.756      0.805      0.725       0.78       1.68
Train       0.936     0.0914       1.02          0       2.05
Val   95/272     238/238     0.918    0.0863      0.96         0      1.96        28      0.22      0.768      0.801      0.714      0.784       1.69
Train       0.951     0.0875      0.916          0       1.95
Val   96/272     238/238     0.926    0.0852     0.905         0      1.92        28     0.239      0.748      0.833      0.754      0.788       1.66
Train       0.906     0.0817      0.916          0        1.9
Val   97/272     238/238      0.91    0.0842     0.929         0      1.92        34      0.25      0.743      0.849      0.771      0.793       1.63
Train       0.927     0.0801      0.896          0        1.9
Val   98/272     238/238     0.943    0.0816     0.896         0      1.92        34     0.213      0.749      0.798      0.704      0.773       1.68
Train       0.913     0.0835       0.86          0       1.86
Val   99/272     238/238     0.917    0.0844      0.87         0      1.87        32     0.246      0.769       0.82      0.739      0.794       1.65
Train       0.921     0.0847        0.9          0       1.91
Val  100/272     238/238     0.915    0.0856      0.92         0      1.92        34     0.192      0.791      0.781      0.701      0.786       1.71
Train       0.958     0.0898       0.97          0       2.02
Val  101/272     238/238     0.953    0.0876     0.935         0      1.98        33     0.219      0.744      0.826      0.746      0.783       1.64
Train        0.95     0.0877      0.896          0       1.93
Val  102/272     238/238      0.95    0.0871     0.882         0      1.92        29     0.195      0.743      0.807      0.726      0.773       1.66
Train       0.944     0.0844      0.938          0       1.97
Val  103/272     238/238     0.928    0.0812     0.886         0       1.9        29     0.223      0.766      0.794      0.711       0.78       1.69
Train        0.87     0.0837      0.914          0       1.87
Val  104/272     238/238       0.9    0.0827     0.884         0      1.87        29     0.219      0.765      0.815      0.738      0.789       1.66
Train       0.949     0.0818       0.89          0       1.92
Val  105/272     238/238     0.928    0.0832      0.89         0       1.9        32     0.217      0.759      0.815      0.731      0.786       1.67
Train       0.924     0.0834      0.984          0       1.99
Val  106/272     238/238     0.912    0.0818     0.938         0      1.93        32     0.276      0.747      0.849      0.778      0.794       1.62
Train         0.9     0.0818      0.913          0        1.9
Val  107/272     238/238     0.893    0.0857     0.941         0      1.92        33     0.274      0.743      0.836      0.749      0.787       1.65
Train       0.976     0.0783      0.845          0        1.9
Val  108/272     238/238     0.917    0.0801     0.856         0      1.85        31     0.237      0.787      0.825      0.752      0.805       1.66
Train        0.91     0.0768      0.869          0       1.86
Val  109/272     238/238     0.913    0.0781     0.853         0      1.84        33     0.272       0.76      0.838      0.759      0.797       1.62
Train       0.936     0.0875      0.903          0       1.93
Val  110/272     238/238     0.894    0.0868     0.929         0      1.91        32     0.209       0.78      0.803      0.728      0.792       1.67
Train       0.893     0.0834      0.931          0       1.91
Val  111/272     238/238     0.891     0.081      0.88         0      1.85        34     0.248      0.769      0.829      0.756      0.798       1.64
Train       0.926     0.0804       0.85          0       1.86
Val  112/272     238/238     0.928    0.0819      0.86         0      1.87        33     0.251      0.766      0.843      0.771      0.802       1.63
Train       0.983     0.0849      0.937          0       2.01
Val  113/272     238/238     0.938    0.0803     0.881         0       1.9        34     0.249      0.735      0.837      0.754      0.783       1.62
Train       0.898     0.0826      0.884          0       1.86
Val  114/272     238/238     0.908    0.0836     0.898         0      1.89        33     0.216      0.807      0.819      0.753      0.813       1.68
Train       0.904     0.0904      0.977          0       1.97
Val  115/272     238/238     0.922    0.0868     0.916         0      1.93        29     0.235      0.742      0.836      0.758      0.787       1.64
Train        0.93     0.0776      0.912          0       1.92
Val  116/272     238/238     0.939    0.0797     0.906         0      1.92        34      0.29      0.752      0.858      0.785      0.801       1.62
Train       0.946     0.0848      0.939          0       1.97
Val  117/272     238/238     0.937    0.0846     0.917         0      1.94        31     0.217      0.766      0.803      0.721      0.784       1.68
Train       0.898     0.0831      0.967          0       1.95
Val  118/272     238/238     0.902    0.0809     0.876         0      1.86        33     0.291      0.764      0.851      0.782      0.805       1.62
Train       0.928     0.0859      0.898          0       1.91
Val  119/272     238/238     0.923    0.0821     0.887         0      1.89        33     0.278      0.728      0.854      0.777      0.786       1.61
Train       0.939     0.0795      0.888          0       1.91
Val  120/272     238/238     0.928    0.0834     0.894         0      1.91        30     0.217      0.762       0.83      0.755      0.794       1.63
Train        0.94     0.0838      0.962          0       1.99
Val  121/272     238/238      0.93    0.0844     0.902         0      1.92        31     0.255      0.756      0.834      0.759      0.793       1.63
Train       0.927     0.0813      0.921          0       1.93
Val  122/272     238/238     0.923    0.0817       0.9         0      1.91        34      0.22      0.743      0.827      0.744      0.783       1.63
Train        0.93     0.0774      0.846          0       1.85
Val  123/272     238/238     0.917    0.0779      0.85         0      1.85        31     0.255      0.748      0.835      0.757      0.789       1.61
Train       0.898     0.0799      0.896          0       1.87
Val  124/272     238/238     0.911     0.081     0.923         0      1.92        30     0.201      0.795      0.806      0.733        0.8       1.67
Train         0.9      0.088       1.09          0       2.08
Val  125/272     238/238     0.901    0.0843     0.962         0      1.95        29     0.241      0.776      0.835      0.759      0.805       1.63
Train       0.941     0.0736       0.86          0       1.88
Val  126/272     238/238     0.932    0.0754     0.869         0      1.88        28      0.23      0.744      0.847      0.765      0.792       1.61
Train        0.93     0.0867      0.993          0       2.01
Val  127/272     238/238     0.918    0.0871     0.969         0      1.97        30     0.223      0.769      0.831      0.756      0.798       1.64
Train       0.954      0.075      0.838          0       1.87
Val  128/272     238/238      0.93    0.0784     0.827         0      1.84        32     0.232      0.743      0.827      0.741      0.783       1.65
Train       0.914     0.0786      0.854          0       1.85
Val  129/272     238/238     0.904    0.0795     0.846         0      1.83        33     0.198      0.784      0.798      0.721      0.791       1.65
Train       0.924     0.0849       0.95          0       1.96
Val  130/272     238/238     0.919    0.0829     0.891         0      1.89        32     0.277      0.757      0.838       0.76      0.796       1.61
Train       0.944     0.0793       0.87          0       1.89
Val  131/272     238/238     0.931    0.0824     0.908         0      1.92        33     0.198      0.797      0.796      0.722      0.797       1.69
Train       0.917     0.0833       0.97          0       1.97
Val  132/272     238/238     0.919    0.0838     0.937         0      1.94        34     0.272      0.736      0.845      0.766      0.787       1.61
Train       0.929     0.0785      0.879          0       1.89
Val  133/272     238/238       0.9    0.0814     0.879         0      1.86        28     0.281      0.761      0.856      0.777      0.805        1.6
Train        0.94     0.0789      0.896          0       1.92
Val  134/272     238/238     0.924     0.079     0.872         0      1.88        31     0.281      0.744      0.844      0.759      0.791       1.63
Train       0.911     0.0777      0.924          0       1.91
Val  135/272     238/238     0.921    0.0795     0.903         0       1.9        30      0.22      0.782      0.823       0.75      0.802       1.64
Train       0.924     0.0829      0.972          0       1.98
Val  136/272     238/238     0.904    0.0828     0.964         0      1.95        32     0.249      0.778      0.843      0.771       0.81       1.63
Train        0.93     0.0796      0.893          0        1.9
Val  137/272     238/238      0.91    0.0839     0.904         0       1.9        31     0.202      0.813      0.812      0.749      0.813       1.67
Train       0.912     0.0883       1.02          0       2.02
Val  138/272     238/238     0.919    0.0824     0.927         0      1.93        34     0.295      0.726      0.847      0.762      0.782       1.61
Train       0.906     0.0848      0.906          0        1.9
Val  139/272     238/238     0.913    0.0844     0.911         0      1.91        32     0.249      0.735      0.847      0.769      0.787       1.61
Train       0.946     0.0802        0.9          0       1.93
Val  140/272     238/238     0.925    0.0823     0.926         0      1.93        34     0.285      0.726      0.847      0.766      0.782       1.61
Train       0.902     0.0806      0.926          0       1.91
Val  141/272     238/238     0.891    0.0809     0.918         0      1.89        29     0.251      0.755       0.84      0.757      0.795       1.62
Train       0.928     0.0813      0.902          0       1.91
Val  142/272     238/238     0.934    0.0805      0.89         0       1.9        31     0.242      0.777      0.832      0.758      0.804       1.62
Train       0.926     0.0779      0.886          0       1.89
Val  143/272     238/238     0.932    0.0801     0.921         0      1.93        32     0.222      0.753      0.817       0.73      0.784       1.65
Train       0.942     0.0845       0.98          0       2.01
Val  144/272     238/238     0.924    0.0811     0.924         0      1.93        34     0.283      0.767      0.854      0.782      0.808       1.62
Train       0.918     0.0824      0.922          0       1.92
Val  145/272     238/238     0.928    0.0819     0.917         0      1.93        27     0.277      0.743      0.844      0.763       0.79       1.61
Train       0.945     0.0796       0.91          0       1.93
Val  146/272     238/238     0.928    0.0819     0.912         0      1.92        33     0.277      0.749      0.848      0.775      0.796       1.61
Train       0.917     0.0813      0.924          0       1.92
Val  147/272     238/238      0.91    0.0831     0.919         0      1.91        32     0.248      0.762      0.837       0.76      0.797       1.61
Train       0.921      0.082      0.977          0       1.98
Val  148/272     238/238     0.896    0.0813      0.91         0      1.89        29     0.457       0.72      0.886      0.802      0.795       1.52
Train       0.835     0.0731      0.728          0       1.64
Val  149/272     238/238     0.805    0.0729     0.756         0      1.63        33     0.291      0.758      0.872      0.781      0.811       1.44
Train       0.816     0.0721        0.7          0       1.59
Val  150/272     238/238     0.813    0.0706      0.69         0      1.57        28     0.235      0.775      0.874       0.79      0.822       1.44
Train       0.785     0.0807      0.819          0       1.68
Val  151/272     238/238     0.781    0.0755      0.73         0      1.59        29     0.324       0.75      0.906      0.819      0.821       1.36
Train       0.729     0.0695      0.698          0        1.5
Val  152/272     238/238     0.731      0.07     0.699         0       1.5        30     0.235       0.79      0.878      0.786      0.832       1.39
Train       0.764      0.074      0.759          0        1.6
Val  153/272     238/238     0.761    0.0717     0.693         0      1.53        34     0.388      0.769      0.913       0.83      0.835       1.33
Train       0.754     0.0713      0.675          0        1.5
Val  154/272     238/238     0.753    0.0705     0.686         0      1.51        32     0.233      0.826      0.909      0.847      0.865       1.29
Train       0.689     0.0728      0.738          0        1.5
Val  155/272     238/238     0.705    0.0683     0.688         0      1.46        32     0.293      0.796      0.921      0.844      0.854       1.29
Train       0.683     0.0661      0.644          0       1.39
Val  156/272     238/238      0.68    0.0649     0.624         0      1.37        34     0.416      0.782      0.922      0.845      0.846       1.27
Train       0.703     0.0631      0.586          0       1.35
Val  157/272     238/238     0.705    0.0642     0.602         0      1.37        34       0.4      0.808      0.925      0.857      0.862       1.24
Train         0.7      0.066      0.575          0       1.34
Val  158/272     238/238     0.687    0.0641      0.59         0      1.34        27      0.34      0.797      0.925      0.843      0.857       1.27
Train       0.679     0.0627      0.578          0       1.32
Val  159/272     238/238     0.667    0.0638     0.605         0      1.34        32     0.234       0.79      0.922      0.828      0.851       1.27
Train       0.713     0.0649      0.658          0       1.44
Val  160/272     238/238      0.69    0.0631     0.624         0      1.38        29     0.273      0.803      0.924      0.846      0.859       1.21
Train       0.717     0.0618       0.59          0       1.37
Val  161/272     238/238     0.673    0.0627     0.589         0      1.33        34     0.434      0.824      0.928       0.87      0.873       1.19
Train       0.673     0.0589       0.58          0       1.31
Val  162/272     238/238     0.644    0.0582     0.581         0      1.28        34       0.3      0.819       0.93       0.86      0.871       1.21
Train        0.62     0.0564      0.549          0       1.22
Val  163/272     238/238     0.624    0.0585     0.546         0      1.23        30     0.405      0.839      0.932      0.874      0.883       1.17
Train       0.653     0.0615      0.583          0        1.3
Val  164/272     238/238     0.629    0.0597     0.588         0      1.28        32     0.233       0.81      0.922      0.842      0.862        1.2
Train       0.634     0.0601      0.626          0       1.32
Val  165/272     238/238     0.616    0.0595     0.585         0      1.26        29     0.234       0.84      0.918      0.853      0.877       1.18
Train       0.607     0.0635       0.65          0       1.32
Val  166/272     238/238     0.608      0.06     0.575         0      1.24        31     0.267      0.854      0.931      0.878      0.891       1.16
Train       0.602     0.0563      0.554          0       1.21
Val  167/272     238/238     0.599     0.057     0.545         0       1.2        32     0.343      0.842      0.935      0.874      0.886       1.15
Train       0.648     0.0562      0.509          0       1.21
Val  168/272     238/238     0.639    0.0569      0.53         0      1.23        34      0.43      0.846      0.938      0.881      0.889       1.14
Train       0.625     0.0576      0.608          0       1.29
Val  169/272     238/238     0.605    0.0555      0.56         0      1.22        32     0.268      0.846      0.935      0.878      0.889       1.14
Train        0.59     0.0583      0.559          0       1.21
Val  170/272     238/238     0.614    0.0578     0.526         0       1.2        34      0.27      0.879      0.932      0.883      0.905       1.13
Train       0.591     0.0607      0.561          0       1.21
Val  171/272     238/238     0.601    0.0579      0.53         0      1.19        33       0.3      0.867      0.938      0.891      0.901       1.11
Train       0.592     0.0516      0.479          0       1.12
Val  172/272     238/238     0.582    0.0538      0.51         0      1.15        31     0.267      0.854      0.929      0.875       0.89       1.15
Train       0.602     0.0524      0.498          0       1.15
Val  173/272     238/238     0.572    0.0535     0.505         0      1.13        29     0.388      0.868      0.937      0.889      0.901        1.1
Train       0.588     0.0577      0.592          0       1.24
Val  174/272     238/238     0.575    0.0571     0.559         0      1.19        30     0.391      0.854      0.938      0.885      0.894       1.11
Train       0.592     0.0548      0.522          0       1.17
Val  175/272     238/238     0.581    0.0531     0.525         0      1.16        30      0.34      0.853      0.942      0.886      0.895       1.11
Train       0.593     0.0522      0.513          0       1.16
Val  176/272     238/238     0.571    0.0544     0.532         0      1.16        31     0.431      0.853      0.939      0.883      0.894       1.09
Train       0.606     0.0569        0.5          0       1.16
Val  177/272     238/238     0.577    0.0574     0.521         0      1.16        29     0.388      0.866       0.94      0.892      0.901       1.07
Train       0.568     0.0535      0.554          0       1.18
Val  178/272     238/238     0.564    0.0536     0.536         0      1.15        34     0.432      0.876      0.942      0.896      0.908       1.08
Train       0.578     0.0552        0.5          0       1.13
Val  179/272     238/238     0.556    0.0535       0.5         0      1.11        26     0.322      0.871      0.935      0.883      0.902       1.09
Train       0.554     0.0512      0.486          0       1.09
Val  180/272     238/238     0.557    0.0524     0.481         0      1.09        34     0.338      0.876       0.94      0.896      0.907       1.07
Train       0.549     0.0486      0.461          0       1.06
Val  181/272     238/238     0.551      0.05     0.477         0      1.08        32     0.326      0.872      0.941      0.891      0.905       1.06
Train       0.545     0.0468      0.468          0       1.06
Val  182/272     238/238     0.542    0.0487     0.491         0      1.08        34     0.339      0.875      0.944      0.896      0.908       1.06
Train       0.554     0.0506      0.457          0       1.06
Val  183/272     238/238     0.544    0.0506     0.459         0      1.05        30      0.26      0.886       0.94      0.896      0.912       1.06
Train        0.55     0.0487      0.474          0       1.07
Val  184/272     238/238     0.539    0.0477      0.47         0      1.06        32     0.269      0.869      0.937      0.887      0.902       1.07
Train       0.524     0.0532      0.517          0       1.09
Val  185/272     238/238     0.525    0.0505     0.498         0      1.07        34     0.259      0.865      0.939      0.885        0.9        1.1
Train       0.535     0.0499      0.507          0       1.09
Val  186/272     238/238     0.526    0.0504     0.492         0      1.07        26     0.404      0.879      0.944      0.901      0.911       1.06
Train       0.529     0.0487      0.469          0       1.05
Val  187/272     238/238     0.515    0.0512     0.464         0      1.03        32     0.295      0.893      0.938      0.896      0.915       1.03
Train       0.519     0.0489      0.476          0       1.04
Val  188/272     238/238      0.52    0.0495     0.479         0      1.05        34     0.338      0.878      0.943      0.898      0.909       1.06
Train       0.555     0.0499      0.497          0        1.1
Val  189/272     238/238     0.532    0.0514     0.511         0      1.09        33     0.235      0.884      0.926      0.881      0.905       1.08
Train       0.532     0.0532       0.56          0       1.15
Val  190/272     238/238     0.527    0.0494     0.487         0      1.06        29     0.261       0.87      0.941      0.892      0.904       1.06
Train       0.533      0.048      0.497          0       1.08
Val  191/272     238/238     0.536    0.0481     0.466         0      1.05        34     0.388      0.891      0.947      0.906      0.918       1.03
Train       0.536     0.0468      0.434          0       1.02
Val  192/272     238/238     0.532    0.0453     0.429         0      1.01        34     0.401      0.889      0.943        0.9      0.915       1.03
Train       0.514     0.0456       0.46          0       1.02
Val  193/272     238/238       0.5    0.0472     0.461         0      1.01        31     0.293      0.891      0.938      0.896      0.914       1.02
Train       0.491      0.047      0.455          0      0.993
Val  194/272     238/238     0.491    0.0484      0.46         0     0.999        34     0.341      0.896      0.944      0.907       0.92       1.02
Train        0.54     0.0505       0.48          0       1.07
Val  195/272     238/238     0.517     0.051     0.465         0      1.03        31     0.235      0.897      0.933      0.892      0.914       1.02
Train       0.519     0.0465       0.47          0       1.03
Val  196/272     238/238     0.521    0.0463     0.453         0      1.02        33     0.402      0.895      0.947      0.909       0.92       1.01
Train       0.543     0.0484      0.467          0       1.06
Val  197/272     238/238      0.52    0.0485     0.445         0      1.01        31     0.326      0.896      0.943      0.902      0.919          1
Train       0.489     0.0449      0.461          0      0.995
Val  198/272     238/238     0.481    0.0456     0.461         0     0.988        33     0.304      0.895       0.94      0.897      0.917       1.01
Train       0.495      0.047      0.461          0          1
Val  199/272     238/238     0.502    0.0469     0.443         0     0.992        34     0.267      0.899      0.942      0.902       0.92       1.02
Train       0.489     0.0465       0.47          0       1.01
Val  200/272     238/238     0.485    0.0457      0.45         0     0.981        33     0.397      0.903      0.942      0.904      0.922      0.981
Train       0.533     0.0461      0.448          0       1.03
Val  201/272     238/238     0.516    0.0471     0.451         0      1.01        34     0.434      0.895      0.947      0.908       0.92      0.984
Train       0.524     0.0463      0.426          0      0.997
Val  202/272     238/238     0.522    0.0491     0.502         0      1.07        30     0.349        0.9      0.942      0.903      0.921      0.987
Train       0.493     0.0478       0.48          0       1.02
Val  203/272     238/238      0.48    0.0466     0.472         0     0.999        29     0.428      0.901      0.946       0.91      0.923      0.988
Train       0.495      0.043      0.422          0       0.96
Val  204/272     238/238     0.467    0.0442     0.436         0     0.947        28     0.387      0.908      0.945      0.912      0.926       0.97
Train       0.525     0.0462      0.489          0       1.06
Val  205/272     238/238     0.504    0.0457      0.45         0         1        34      0.27      0.916      0.938      0.903      0.927      0.983
Train       0.478     0.0429       0.46          0      0.981
Val  206/272     238/238     0.477    0.0447     0.465         0     0.987        31     0.302      0.897      0.946      0.904      0.921      0.987
Train       0.472     0.0485      0.468          0      0.989
Val  207/272     238/238     0.464    0.0479     0.463         0     0.976        34     0.257      0.891      0.936      0.893      0.913      0.998
Train       0.474     0.0471      0.473          0      0.994
Val  208/272     238/238     0.485    0.0485     0.482         0      1.02        34     0.398      0.906      0.944      0.912      0.924      0.961
Train       0.508     0.0457      0.416          0      0.969
Val  209/272     238/238      0.49     0.045     0.414         0     0.949        33      0.43      0.903      0.947      0.913      0.924      0.966
Train       0.487     0.0441      0.409          0       0.94
Val  210/272     238/238     0.468    0.0436     0.407         0     0.919        33     0.338      0.907      0.946      0.911      0.926      0.963
Train       0.479     0.0482      0.454          0      0.981
Val  211/272     238/238     0.475    0.0497      0.44         0     0.964        30     0.235      0.896      0.934      0.893      0.915       1.01
Train       0.492     0.0512      0.472          0       1.02
Val  212/272     238/238     0.468    0.0468     0.444         0     0.959        33     0.236      0.904      0.937      0.898       0.92          1
Train        0.45     0.0466      0.471          0      0.968
Val  213/272     238/238      0.44    0.0466      0.43         0     0.917        32     0.389        0.9      0.945      0.908      0.922      0.975
Train       0.492      0.044      0.418          0      0.955
Val  214/272     238/238     0.474    0.0432     0.422         0     0.939        33     0.263      0.909       0.94      0.902      0.924      0.974
Train       0.468     0.0429      0.425          0      0.937
Val  215/272     238/238     0.464    0.0444     0.416         0     0.924        32     0.302      0.903      0.944      0.907      0.923      0.963
Train       0.437     0.0407      0.405          0      0.883
Val  216/272     238/238      0.45    0.0417      0.41         0     0.902        34     0.432      0.911      0.945      0.912      0.928      0.938
Train       0.509     0.0425      0.434          0      0.986
Val  217/272     238/238      0.48     0.042     0.425         0     0.947        30     0.339      0.909      0.945       0.91      0.927      0.935
Train       0.453     0.0433      0.415          0      0.911
Val  218/272     238/238     0.443    0.0427     0.408         0     0.894        32     0.233      0.915      0.934      0.897      0.924      0.968
Train       0.421     0.0437      0.444          0      0.909
Val  219/272     238/238     0.422    0.0431     0.413         0     0.877        29     0.265      0.918      0.943      0.909       0.93      0.938
Train       0.453     0.0456      0.447          0      0.945
Val  220/272     238/238     0.441    0.0438     0.418         0     0.903        33     0.301      0.912      0.944      0.908      0.927      0.936
Train       0.459     0.0405      0.402          0      0.901
Val  221/272     238/238     0.461    0.0411     0.399         0     0.901        33     0.326       0.91      0.949      0.914      0.929      0.928
Train       0.472     0.0402      0.426          0      0.938
Val  222/272     238/238     0.452    0.0402       0.4         0     0.892        32     0.337      0.911       0.95      0.916       0.93      0.929
Train       0.456     0.0428      0.437          0      0.936
Val  223/272     238/238     0.443    0.0436     0.429         0     0.916        34     0.289      0.913      0.944      0.909      0.928      0.937
Train       0.463     0.0421      0.424          0      0.929
Val  224/272     238/238     0.448    0.0418     0.426         0     0.915        34     0.325      0.912      0.945      0.911      0.929      0.933
Train       0.461     0.0442      0.406          0      0.911
Val  225/272     238/238     0.458    0.0436     0.407         0     0.908        32     0.402      0.912      0.948      0.915       0.93      0.921
Train       0.471     0.0451      0.426          0      0.942
Val  226/272     238/238     0.462    0.0438     0.416         0     0.922        33     0.372       0.91      0.949      0.916      0.929      0.925
Train       0.436     0.0425      0.419          0      0.898
Val  227/272     238/238     0.428    0.0426     0.405         0     0.876        31     0.302      0.911      0.947      0.911      0.928      0.929
Train       0.479     0.0422      0.444          0      0.966
Val  228/272     238/238     0.463    0.0416     0.405         0     0.909        33     0.402       0.91      0.949      0.915      0.929      0.921
Train       0.466     0.0418      0.402          0       0.91
Val  229/272     238/238     0.447    0.0423     0.404         0     0.894        31     0.301       0.91      0.943      0.907      0.926      0.929
Train       0.438     0.0396      0.393          0      0.871
Val  230/272     238/238     0.444    0.0404     0.391         0     0.876        32     0.341      0.911      0.948      0.914      0.929      0.924
Train       0.448     0.0413       0.41          0      0.899
Val  231/272     238/238      0.43    0.0431      0.44         0     0.913        30     0.389      0.915      0.947      0.914      0.931      0.924
Train       0.493     0.0433      0.409          0      0.945
Val  232/272     238/238     0.458    0.0455     0.438         0     0.942        34     0.301       0.91      0.944      0.909      0.926      0.931
Train        0.43     0.0443      0.418          0      0.892
Val  233/272     238/238     0.428    0.0448     0.416         0     0.889        32     0.261      0.913       0.94      0.903      0.926      0.954
Train       0.431     0.0479      0.463          0      0.941
Val  234/272     238/238      0.43    0.0442     0.432         0     0.907        33     0.258      0.911      0.942      0.905      0.926      0.939
Train        0.43     0.0421      0.412          0      0.884
Val  235/272     238/238     0.444    0.0421     0.395         0     0.881        34     0.252      0.913      0.942      0.906      0.927      0.942
Train       0.442     0.0447      0.446          0      0.934
Val  236/272     238/238     0.437    0.0425     0.407         0     0.886        30     0.283      0.912      0.943      0.909      0.927       0.93
Train       0.446     0.0414       0.41          0      0.897
Val  237/272     238/238     0.448    0.0425     0.407         0     0.898        30     0.268      0.915      0.941      0.905      0.928      0.943
Train       0.459     0.0434      0.444          0      0.946
Val  238/272     238/238     0.449    0.0436      0.44         0     0.933        34     0.321      0.911      0.945       0.91      0.928      0.928
Train       0.415     0.0428      0.409          0      0.866
Val  239/272     238/238     0.439    0.0438     0.429         0     0.911        27     0.247      0.919      0.937      0.901      0.928       0.96
Train       0.451     0.0417      0.415          0      0.908
Val  240/272     238/238     0.432    0.0425     0.405         0      0.88        30     0.297      0.908       0.94      0.903      0.924      0.941
Train       0.448     0.0413      0.419          0      0.908
Val  241/272     238/238     0.442    0.0411       0.4         0     0.883        33     0.344      0.912      0.949      0.916       0.93      0.924
Train       0.443     0.0397      0.385          0      0.868
Val  242/272     238/238     0.435    0.0413     0.407         0     0.883        33     0.235      0.914      0.939      0.902      0.926      0.945
Train       0.438     0.0468      0.478          0      0.962
Val  243/272     238/238     0.422     0.044      0.43         0     0.896        28      0.26      0.908       0.94      0.905      0.924      0.943
Train        0.47     0.0439      0.421          0      0.935
Val  244/272     238/238      0.44    0.0414     0.415         0     0.896        28      0.33      0.912      0.947      0.911      0.929      0.924
Train       0.432     0.0418      0.412          0      0.886
Val  245/272     238/238     0.432    0.0415     0.415         0     0.888        34      0.34      0.912      0.951      0.918      0.931      0.924
Train       0.463     0.0405      0.413          0      0.916
Val  246/272     238/238     0.454    0.0402     0.409         0     0.903        34      0.27      0.909      0.942      0.904      0.925      0.941
Train       0.442     0.0403      0.388          0      0.871
Val  247/272     238/238     0.435    0.0412     0.394         0      0.87        32      0.33      0.912      0.946      0.912      0.929      0.926
Train       0.442     0.0441      0.402          0      0.888
Val  248/272     238/238     0.436    0.0437      0.41         0      0.89        34      0.24      0.916      0.935      0.898      0.925       0.96
Train        0.48     0.0424      0.444          0      0.966
Val  249/272     238/238     0.471    0.0428      0.42         0     0.934        33     0.273       0.91      0.946      0.911      0.928      0.929
Train       0.479     0.0412        0.4          0       0.92
Val  250/272     238/238     0.478     0.042     0.396         0     0.916        29      0.24      0.914      0.941      0.906      0.928      0.936
Train       0.467     0.0431      0.434          0      0.944
Val  251/272     238/238     0.443    0.0407     0.404         0     0.888        29     0.273      0.911       0.94      0.903      0.925      0.943
Train        0.41     0.0419      0.413          0      0.865
Val  252/272     238/238     0.419    0.0413     0.398         0     0.858        29     0.262      0.907       0.94      0.903      0.923      0.935
Train        0.46     0.0405      0.411          0      0.911
Val  253/272     238/238     0.445    0.0411       0.4         0     0.886        32     0.259      0.911      0.942      0.906      0.926      0.936
Train       0.424     0.0437      0.441          0      0.909
Val  254/272     238/238     0.425    0.0426     0.421         0     0.889        32     0.403       0.91       0.95      0.916       0.93      0.917
Train       0.442     0.0407      0.406          0      0.888
Val  255/272     238/238     0.434     0.042     0.416         0     0.892        33     0.387      0.911      0.949      0.915       0.93      0.922
Train       0.466     0.0385      0.381          0      0.885
Val  256/272     238/238     0.433    0.0391     0.387         0     0.859        31     0.305       0.91      0.946       0.91      0.928      0.926
Train       0.418     0.0397      0.394          0      0.852
Val  257/272     238/238      0.42    0.0406     0.386         0     0.847        33     0.403       0.91      0.951      0.916       0.93      0.921
Train       0.469     0.0445       0.41          0      0.924
Val  258/272     238/238     0.439    0.0431     0.416         0     0.899        32     0.236      0.913      0.939      0.902      0.926       0.95
Train       0.431     0.0415      0.413          0      0.885
Val  259/272     238/238     0.425    0.0404       0.4         0     0.865        34     0.325      0.911      0.948      0.914      0.929      0.924
Train       0.433     0.0399      0.387          0       0.86
Val  260/272     238/238     0.439    0.0409     0.389         0     0.868        33      0.34      0.913      0.951      0.918      0.931       0.92
Train       0.475     0.0433      0.428          0      0.947
Val  261/272     238/238     0.453    0.0416       0.4         0     0.895        34     0.342      0.911       0.95      0.915       0.93      0.921
Train       0.431     0.0422      0.412          0      0.885
Val  262/272     238/238      0.42    0.0416     0.406         0     0.868        33     0.261       0.91      0.942      0.906      0.926      0.933
Train        0.43     0.0461      0.455          0      0.932
Val  263/272     238/238     0.429    0.0434     0.423         0     0.896        29     0.301      0.908      0.947      0.911      0.927      0.924
Train       0.429     0.0394       0.41          0      0.878
Val  264/272     238/238     0.451    0.0407     0.409         0     0.901        34     0.433      0.909      0.949      0.917      0.928      0.918
Train       0.477     0.0429      0.429          0      0.949
Val  265/272     238/238     0.461    0.0425     0.415         0     0.918        31     0.262      0.913       0.94      0.903      0.926      0.944
Train       0.446     0.0429      0.442          0      0.931
Val  266/272     238/238     0.438    0.0411     0.401         0     0.881        33     0.436      0.907      0.949      0.915      0.928      0.917
Train       0.445     0.0438      0.413          0      0.902
Val  267/272     238/238     0.448    0.0432     0.405         0     0.896        33     0.405      0.913      0.949      0.917      0.931      0.915
Train        0.45     0.0447      0.413          0      0.908
Val  268/272     238/238     0.444     0.045     0.413         0     0.901        30     0.269       0.91      0.945      0.911      0.928      0.925
Train        0.45     0.0444       0.45          0      0.944
Val  269/272     238/238     0.449    0.0422     0.414         0     0.904        31     0.341      0.911       0.95      0.915       0.93      0.922
Train       0.466     0.0427      0.433          0      0.941
Val  270/272     238/238     0.459     0.043     0.421         0     0.923        34     0.269      0.912      0.945      0.911      0.928      0.928
Train        0.47     0.0404      0.389          0      0.899
Val  271/272     238/238     0.448    0.0399     0.393         0     0.881        31     0.339      0.912      0.948      0.913       0.93      0.922
Train       0.442      0.042      0.404          0      0.888
Val  272/272     238/238     0.453    0.0427      0.41         0     0.906        30     0.237      0.914      0.937        0.9      0.925      0.946
