Train        2.33       1.53       68.5       12.3       84.7
Val    0/272       52/52      2.24      1.07      31.1      9.46      43.9        15     0.165          0          0          0          0       10.7
Train        2.25      0.557       4.43       3.16       10.4
Val    1/272       52/52      2.05     0.486       4.3      2.12      8.97        15     0.149          0          0          0          0       6.25
Train        1.99      0.392       3.87      0.734       6.99
Val    2/272       52/52       1.9     0.375      3.73     0.652      6.66        15     0.179     0.0982     0.0724     0.0154     0.0833       5.02
Train        1.94      0.323       2.05      0.368       4.68
Val    3/272       52/52      1.81     0.321      2.24     0.342      4.72        15     0.137     0.0796      0.126      0.018     0.0976       4.48
Train        1.81      0.337       2.31      0.316       4.78
Val    4/272       52/52      1.75     0.329      2.57     0.314      4.96        15     0.137      0.115      0.163     0.0281      0.135       4.11
Train        1.72      0.285       2.28      0.275       4.56
Val    5/272       52/52      1.68     0.289      2.47     0.257      4.69        15     0.137      0.212      0.327      0.119      0.257       3.75
Train        1.62      0.283       1.85      0.194       3.95
Val    6/272       52/52      1.63      0.29      2.07     0.252      4.25        15     0.126      0.303      0.494      0.249      0.376       3.55
Train        1.73      0.267       2.73       0.19       4.92
Val    7/272       52/52      1.67     0.259      2.25      0.17      4.35        15     0.137      0.317      0.586      0.415      0.411       3.44
Train        1.62      0.242       2.01      0.137       4.01
Val    8/272       52/52      1.65      0.24      1.82     0.132      3.85        15     0.163      0.257      0.681      0.475      0.374       3.28
Train        1.71      0.228       1.84      0.174       3.95
Val    9/272       52/52      1.63     0.239      1.91     0.159      3.93        15     0.139      0.273      0.666      0.489      0.387       3.22
Train        1.56      0.224       1.68      0.108       3.57
Val   10/272       52/52      1.53     0.222      1.54     0.109      3.39        15     0.161      0.273      0.735      0.545      0.398       3.11
Train        1.59      0.218       1.57      0.157       3.53
Val   11/272       52/52      1.53     0.238      1.95     0.186       3.9        15     0.137      0.327      0.686      0.536      0.443       3.15
Train        1.57      0.216       1.67     0.0972       3.55
Val   12/272       52/52      1.53      0.23      1.73     0.118      3.61        15     0.131      0.388       0.69      0.569      0.497       3.11
Train        1.51      0.221          2      0.124       3.86
Val   13/272       52/52      1.49     0.218      1.91     0.137      3.75        15     0.124      0.351      0.738      0.588      0.476       3.04
Train        1.51      0.224       2.34      0.133       4.21
Val   14/272       52/52      1.49     0.239      2.15     0.154      4.03        15     0.143      0.304      0.816      0.626      0.443       2.96
Train        1.53      0.213       1.78      0.102       3.62
Val   15/272       52/52      1.53      0.22      1.83     0.152      3.73        14     0.126      0.421      0.733       0.58      0.535       3.04
Train        1.42      0.207       1.96     0.0875       3.67
Val   16/272       52/52      1.39     0.201      1.65    0.0775      3.32        15     0.165      0.354      0.816      0.641      0.494       2.91
Train        1.38      0.191       1.49      0.118       3.18
Val   17/272       52/52      1.36     0.201      1.67     0.149      3.39        15     0.152      0.365      0.827       0.65      0.507       2.87
Train        1.37      0.179       1.49     0.0638       3.11
Val   18/272       52/52      1.36     0.195      1.64    0.0855      3.28        15     0.143      0.389      0.801      0.648      0.524       2.92
Train        1.39      0.186       1.43     0.0502       3.05
Val   19/272       52/52      1.34     0.184      1.49     0.052      3.07        15     0.172      0.345      0.853      0.669      0.491       2.81
Train        1.37      0.181        1.4     0.0658       3.01
Val   20/272       52/52       1.3     0.182      1.49    0.0729      3.05        14     0.166      0.332       0.84       0.65      0.476       2.77
Train        1.43      0.178       1.33     0.0728       3.01
Val   21/272       52/52      1.35     0.182      1.39    0.0667      2.98        15     0.139      0.378      0.805      0.621      0.515       2.78
Train        1.34      0.178       1.67     0.0608       3.24
Val   22/272       52/52      1.29     0.171      1.61    0.0681      3.14        15     0.156      0.349      0.818      0.618      0.489       2.77
Train        1.45      0.176       1.47     0.0689       3.17
Val   23/272       52/52      1.36      0.18      1.68     0.081      3.29        15     0.164      0.385      0.844      0.684      0.529       2.73
Train        1.33      0.163       1.31     0.0556       2.86
Val   24/272       52/52      1.32     0.169      1.38    0.0625      2.93        15     0.139      0.346      0.824      0.625      0.488       2.73
Train        1.33      0.179       1.64      0.046       3.19
Val   25/272       52/52      1.32     0.185      1.53    0.0567      3.09        14     0.143      0.382      0.822      0.623      0.521       2.74
Train        1.26      0.215       2.09     0.0971       3.67
Val   26/272       52/52      1.28     0.199      1.91    0.0889      3.48        15      0.16      0.345      0.852      0.664      0.491       2.69
Train        1.37      0.179       1.68     0.0784       3.31
Val   27/272       52/52      1.32     0.183      1.81      0.11      3.42        15     0.158      0.346      0.848      0.659      0.492       2.68
Train         1.3      0.147       1.18     0.0461       2.67
Val   28/272       52/52      1.23     0.153       1.3    0.0496      2.73        14     0.135      0.397      0.831      0.662      0.537       2.67
Train        1.32       0.18        1.8     0.0899       3.39
Val   29/272       52/52      1.25      0.18      1.77    0.0803      3.28        15      0.14      0.373      0.829      0.651      0.515       2.67
Train        1.31      0.172       1.73     0.0677       3.27
Val   30/272       52/52      1.27     0.177      1.68    0.0889      3.22        15     0.131      0.449      0.814       0.67      0.579       2.72
Train        1.33      0.186       2.24     0.0824       3.84
Val   31/272       52/52      1.28     0.195      2.15     0.121      3.74        15     0.125      0.438      0.807      0.656      0.568       2.72
Train        1.25      0.206       1.99     0.0464       3.49
Val   32/272       52/52      1.21     0.186      1.58    0.0411      3.02        15     0.142       0.39      0.865      0.695      0.538       2.63
Train         1.3      0.166        1.8     0.0699       3.34
Val   33/272       52/52      1.28     0.176      1.97    0.0989      3.53        15     0.133      0.463      0.787       0.65      0.583        2.8
Train        1.27      0.163       1.78     0.0449       3.26
Val   34/272       52/52      1.22     0.173      1.76     0.061      3.21        14     0.164      0.433      0.831      0.688       0.57       2.65
Train        1.32      0.158       1.14     0.0298       2.65
Val   35/272       52/52      1.25     0.149      1.19    0.0291      2.61        15     0.149      0.389      0.861      0.698      0.536       2.61
Train        1.31      0.148        1.4     0.0338       2.89
Val   36/272       52/52      1.26     0.149      1.34    0.0381      2.78        15     0.145      0.385       0.85      0.662       0.53       2.57
Train        1.23      0.161       1.61     0.0407       3.05
Val   37/272       52/52      1.22     0.165      1.73    0.0617      3.17        14     0.134      0.444      0.829      0.662      0.578       2.61
Train        1.24       0.17       1.89     0.0467       3.35
Val   38/272       52/52      1.22     0.168      1.82    0.0721      3.28        15     0.125      0.426      0.801      0.624      0.556       2.62
Train        1.23      0.203       2.32     0.0814       3.84
Val   39/272       52/52      1.24     0.192       2.2    0.0966      3.73        15     0.133      0.466       0.77      0.632       0.58       2.73
Train        1.27      0.183       2.01     0.0575       3.52
Val   40/272       52/52      1.26     0.179       1.8     0.054       3.3        15     0.158      0.423      0.846      0.695      0.564       2.57
Train         1.3      0.153       1.41      0.037       2.89
Val   41/272       52/52      1.25     0.164      1.63    0.0584      3.11        15     0.174      0.433      0.839      0.685      0.571       2.57
Train        1.27      0.139       1.15     0.0328       2.59
Val   42/272       52/52      1.22     0.147      1.38      0.04      2.79        15     0.148      0.428      0.833      0.673      0.566       2.56
Train        1.22       0.16       1.42     0.0283       2.83
Val   43/272       52/52      1.17     0.159      1.45    0.0307      2.81        15      0.14      0.406      0.846      0.673      0.549       2.54
Train        1.27      0.143       1.45     0.0251        2.9
Val   44/272       52/52      1.23     0.141      1.32    0.0293      2.72        13     0.132      0.404      0.859      0.684       0.55       2.47
Train        1.23      0.146       1.53     0.0259       2.94
Val   45/272       52/52      1.19     0.146      1.33     0.035       2.7        15     0.148      0.392      0.878      0.699      0.541       2.47
Train        1.21      0.134       1.35     0.0275       2.72
Val   46/272       52/52      1.17      0.14       1.3    0.0255      2.64        15     0.165      0.412      0.857      0.685      0.556       2.47
Train        1.22      0.155       1.38     0.0445        2.8
Val   47/272       52/52      1.21     0.151      1.44    0.0423      2.84        15     0.148      0.384       0.85      0.661      0.529        2.5
Train        1.28      0.159       1.47     0.0362       2.95
Val   48/272       52/52      1.21     0.152      1.48    0.0347      2.88        15     0.164      0.447      0.837      0.677      0.583       2.48
Train        1.28      0.147        1.4      0.027       2.85
Val   49/272       52/52      1.24     0.153      1.49    0.0361      2.91        15     0.133      0.392      0.848      0.665      0.536       2.44
Train         1.2      0.146       1.63     0.0299       3.01
Val   50/272       52/52      1.22      0.14      1.51    0.0283       2.9        15     0.132      0.471      0.827      0.684      0.601        2.5
Train         1.2      0.134       1.28     0.0238       2.64
Val   51/272       52/52      1.18     0.143      1.38    0.0268      2.73        15     0.161      0.427       0.85      0.682      0.568       2.42
Train        1.22      0.146       1.25      0.022       2.63
Val   52/272       52/52       1.2     0.145      1.33     0.022      2.69        15     0.141      0.403      0.863      0.695      0.549       2.43
Train         1.3      0.138       1.41      0.031       2.88
Val   53/272       52/52      1.19      0.14      1.36    0.0339      2.73        15     0.146      0.401      0.859        0.7      0.547       2.41
Train        1.18      0.136       1.31     0.0179       2.64
Val   54/272       52/52      1.18     0.145      1.35    0.0207       2.7        15     0.137      0.474      0.844      0.701      0.607       2.45
Train        1.26      0.144        1.4     0.0382       2.84
Val   55/272       52/52       1.2     0.148      1.36    0.0434      2.76        15     0.141      0.419      0.855      0.685      0.563       2.44
Train        1.21      0.157       1.57       0.04       2.97
Val   56/272       52/52      1.15      0.15      1.55    0.0363      2.88        15     0.159      0.442      0.833      0.671      0.577       2.43
Train        1.13      0.127       1.25     0.0212       2.53
Val   57/272       52/52      1.13     0.133      1.32    0.0198       2.6        14     0.147      0.396      0.857      0.672      0.542       2.43
Train        1.19      0.126       1.34     0.0196       2.68
Val   58/272       52/52      1.19     0.138      1.39    0.0465      2.76        15      0.13      0.415      0.842      0.649      0.556       2.41
Train        1.18      0.154       1.98     0.0288       3.34
Val   59/272       52/52      1.16     0.153      1.78    0.0341      3.13        15     0.143      0.476      0.807      0.658      0.599        2.5
Train         1.2      0.153       1.49     0.0247       2.87
Val   60/272       52/52      1.15     0.154      1.54    0.0409      2.89        15     0.128      0.428      0.852      0.697       0.57       2.41
Train        1.18      0.137       1.66     0.0185          3
Val   61/272       52/52      1.14     0.141      1.58    0.0203      2.88        15     0.143      0.484      0.831      0.679      0.612       2.46
Train        1.15      0.142       1.51     0.0378       2.84
Val   62/272       52/52      1.15     0.154      1.52    0.0473      2.88        15     0.128      0.448      0.859      0.713      0.589       2.42
Train        1.16      0.136       1.61     0.0198       2.92
Val   63/272       52/52      1.14     0.136      1.57    0.0272      2.87        14     0.134      0.478      0.837      0.684      0.608       2.46
Train        1.14      0.149       1.74     0.0252       3.05
Val   64/272       52/52      1.11     0.146      1.62    0.0373      2.91        15     0.137      0.494      0.824      0.685      0.618       2.46
Train        1.18      0.145        1.8     0.0262       3.14
Val   65/272       52/52      1.15     0.147      1.55    0.0233      2.87        15     0.169      0.403      0.892      0.725      0.555       2.37
Train        1.17      0.145       1.15     0.0265       2.49
Val   66/272       52/52      1.16     0.141      1.37    0.0252      2.69        15     0.168      0.466       0.85      0.697      0.602       2.42
Train        1.19       0.14       1.41     0.0432       2.78
Val   67/272       52/52      1.14     0.142       1.5    0.0423      2.82        15     0.162      0.454      0.853       0.71      0.593        2.4
Train        1.23      0.146       1.14     0.0236       2.54
Val   68/272       52/52      1.13     0.147      1.32    0.0203      2.62        15     0.174      0.489      0.842      0.705      0.619       2.43
Train        1.31      0.129       1.34     0.0437       2.82
Val   69/272       52/52      1.22     0.139      1.54    0.0549      2.95        15     0.169      0.421      0.883      0.726       0.57       2.34
Train         1.2      0.144       1.47     0.0585       2.87
Val   70/272       52/52      1.17     0.145      1.69    0.0862       3.1        15     0.128      0.471      0.796      0.636      0.592       2.47
Train        1.18      0.146       1.84     0.0309        3.2
Val   71/272       52/52      1.17     0.145      1.68    0.0552      3.05        13     0.131      0.507       0.82       0.69      0.627       2.47
Train         1.1      0.138       1.65     0.0198        2.9
Val   72/272       52/52      1.08     0.138      1.51    0.0206      2.74        15     0.139      0.405      0.865      0.691      0.551       2.36
Train        1.14      0.122       1.49     0.0149       2.77
Val   73/272       52/52      1.09     0.127      1.41    0.0189      2.65        15      0.13       0.42      0.872      0.697      0.567       2.35
Train        1.15      0.164        1.6     0.0256       2.94
Val   74/272       52/52      1.12     0.138      1.43    0.0175      2.71        15     0.152      0.395      0.872      0.682      0.544       2.35
Train        1.14      0.125       1.39     0.0137       2.66
Val   75/272       52/52      1.07     0.131      1.38    0.0225      2.61        15     0.129      0.445      0.857        0.7      0.586       2.34
Train        1.21      0.153       1.58     0.0166       2.96
Val   76/272       52/52      1.16     0.142      1.43    0.0163      2.74        15     0.151      0.445      0.861      0.695      0.587       2.35
Train        1.18      0.123       1.33     0.0171       2.65
Val   77/272       52/52      1.17      0.13      1.26    0.0192      2.59        15      0.13      0.434      0.874      0.705       0.58       2.32
Train        1.17       0.15       1.53     0.0447       2.89
Val   78/272       52/52      1.18     0.152      1.37    0.0375      2.74        14     0.169      0.438      0.879      0.714      0.584       2.32
Train        1.29      0.141       1.59     0.0499       3.07
Val   79/272       52/52      1.22     0.152      1.82    0.0712      3.26        15     0.126      0.459       0.85      0.702      0.596       2.36
Train        1.16      0.151        1.9     0.0371       3.25
Val   80/272       52/52      1.13     0.143       1.6    0.0454      2.92        15      0.16      0.437      0.894      0.745      0.587       2.34
Train        1.21       0.13       1.13     0.0191       2.49
Val   81/272       52/52      1.12     0.131      1.21    0.0203      2.48        15     0.158      0.475      0.857      0.724      0.611       2.34
Train         1.2      0.123       1.03     0.0123       2.37
Val   82/272       52/52      1.15     0.124     0.998    0.0126      2.29        15     0.138      0.433      0.889      0.736      0.582        2.3
Train        1.15      0.145       1.65     0.0364       2.99
Val   83/272       52/52      1.12     0.152       1.9    0.0581      3.22        15     0.138      0.499      0.833      0.687      0.624        2.4
Train         1.2      0.118       1.24     0.0122       2.56
Val   84/272       52/52      1.14     0.126      1.33    0.0213      2.62        15     0.174      0.442      0.861      0.702      0.584       2.32
Train        1.17      0.135       1.15     0.0205       2.48
Val   85/272       52/52      1.15     0.143      1.34    0.0231      2.65        15     0.163      0.456      0.865      0.708      0.597        2.3
Train        1.12      0.124       1.17     0.0122       2.42
Val   86/272       52/52       1.1      0.13      1.34    0.0182      2.59        15     0.148      0.498      0.866      0.722      0.632       2.34
Train        1.13      0.126       1.53     0.0273       2.81
Val   87/272       52/52      1.15     0.129      1.57    0.0299      2.87        15     0.157      0.452       0.87      0.705      0.595       2.32
Train        1.16      0.117       1.35     0.0155       2.65
Val   88/272       52/52      1.12     0.126      1.46    0.0219      2.73        15     0.149      0.469      0.861      0.708      0.607       2.33
Train         1.2      0.135       1.58     0.0179       2.93
Val   89/272       52/52      1.14     0.131      1.57    0.0244      2.86        15     0.173      0.464      0.853      0.693      0.601       2.33
Train         1.1      0.126       1.23      0.017       2.47
Val   90/272       52/52      1.07     0.129      1.51    0.0253      2.74        15     0.142       0.44      0.868      0.691      0.584       2.32
Train        1.14      0.115       1.34     0.0122       2.61
Val   91/272       52/52      1.13     0.121      1.39    0.0207      2.66        15     0.165      0.465      0.835      0.667      0.597       2.34
Train        1.14      0.121       1.18     0.0165       2.45
Val   92/272       52/52      1.11     0.125      1.37    0.0254      2.64        15     0.174      0.463      0.866      0.718      0.603        2.3
Train         1.2      0.117       1.07     0.0106        2.4
Val   93/272       52/52      1.13     0.127      1.31    0.0199      2.59        15     0.141      0.473      0.861      0.705      0.611       2.31
Train        1.04      0.114        1.3     0.0107       2.46
Val   94/272       52/52      1.04     0.114      1.28     0.012      2.44        15     0.135      0.437      0.861      0.695      0.579       2.29
Train        1.16       0.13       1.34      0.013       2.64
Val   95/272       52/52      1.06     0.125      1.41    0.0166      2.62        15     0.131      0.481       0.85      0.691      0.614       2.32
Train        1.13      0.127        1.6     0.0139       2.87
Val   96/272       52/52      1.11     0.122      1.41    0.0127      2.66        15     0.165      0.462      0.874      0.721      0.604       2.28
Train        1.14      0.124       1.16     0.0106       2.43
Val   97/272       52/52      1.04     0.116      1.26    0.0101      2.42        15     0.142      0.449      0.872      0.698      0.593       2.28
Train        1.08      0.114       1.24      0.012       2.45
Val   98/272       52/52      1.02     0.121      1.27    0.0172      2.43        15     0.174      0.448      0.887      0.729      0.596       2.28
Train         1.2       0.13       1.22     0.0196       2.56
Val   99/272       52/52      1.09     0.128      1.38    0.0227      2.62        15     0.124      0.482      0.866      0.707      0.619       2.32
Train        1.11      0.131       1.62     0.0214       2.88
Val  100/272       52/52      1.09     0.129      1.48    0.0268      2.72        15     0.124      0.452      0.859      0.692      0.592        2.3
Train        1.14      0.123       1.78      0.023       3.07
Val  101/272       52/52       1.1     0.119      1.38     0.016      2.61        15     0.135      0.443      0.883      0.716       0.59       2.29
Train        1.17       0.13       1.39     0.0397       2.73
Val  102/272       52/52      1.12     0.128      1.43    0.0422      2.73        15     0.137      0.479      0.852      0.695      0.613       2.32
Train        1.11      0.134       1.57     0.0133       2.83
Val  103/272       52/52      1.09     0.137      1.42    0.0155      2.67        15     0.133      0.485       0.84      0.688      0.615       2.32
Train        1.18      0.132       1.61     0.0209       2.95
Val  104/272       52/52      1.11     0.131      1.48     0.035      2.76        15     0.165      0.443        0.9      0.743      0.594       2.24
Train        1.19      0.122        1.1     0.0101       2.43
Val  105/272       52/52      1.11     0.123      1.25    0.0142       2.5        14     0.153      0.491      0.879      0.736       0.63       2.29
Train        1.19      0.118       1.36     0.0142       2.68
Val  106/272       52/52      1.13     0.123      1.44    0.0167      2.72        15     0.174      0.454      0.872      0.705      0.597       2.29
Train        1.09      0.126       1.45     0.0441       2.72
Val  107/272       52/52      1.08     0.126      1.52    0.0399      2.76        15     0.169      0.432      0.885      0.725      0.581       2.27
Train        1.21      0.127       1.39     0.0204       2.74
Val  108/272       52/52      1.13     0.131      1.57    0.0264      2.86        15     0.127      0.458      0.861      0.704      0.598       2.27
Train        1.13      0.145       1.82      0.016        3.1
Val  109/272       52/52      1.09     0.128       1.5     0.018      2.74        15      0.14      0.455      0.868        0.7      0.597       2.29
Train        1.12      0.134       1.74     0.0387       3.04
Val  110/272       52/52       1.1     0.128      1.74    0.0463      3.02        15     0.141      0.456      0.868      0.707      0.598       2.29
Train        1.11      0.164       1.41     0.0168       2.71
Val  111/272       52/52      1.09     0.139      1.34    0.0173      2.59        14     0.167      0.439      0.892      0.748      0.588       2.26
Train        1.13      0.125       1.31     0.0162       2.58
Val  112/272       52/52      1.16     0.125      1.47     0.014      2.76        15     0.163      0.471      0.876      0.719      0.613       2.27
Train        1.12      0.117       1.07    0.00846       2.31
Val  113/272       52/52      1.07     0.119      1.25    0.0118      2.45        15     0.139      0.509      0.859       0.72      0.639       2.32
Train        1.15      0.124       1.41     0.0181       2.71
Val  114/272       52/52      1.14     0.124      1.38    0.0234      2.67        15     0.135      0.471      0.879      0.732      0.614       2.28
Train         1.1      0.133       1.51     0.0141       2.75
Val  115/272       52/52      1.09     0.127      1.53    0.0187      2.76        15     0.172      0.484      0.878      0.726      0.624       2.27
Train         1.2      0.174       1.24     0.0473       2.67
Val  116/272       52/52      1.13     0.138      1.47    0.0511      2.79        15     0.123      0.485      0.859      0.711       0.62       2.29
Train        1.09      0.151       1.85     0.0183       3.11
Val  117/272       52/52      1.12     0.144       1.8    0.0326       3.1        15     0.132      0.499      0.816      0.675      0.619       2.35
Train        1.02      0.133       1.59      0.012       2.75
Val  118/272       52/52      1.05     0.132      1.52    0.0177      2.72        15     0.138      0.485      0.835      0.684      0.613       2.31
Train        1.13      0.122       1.57     0.0147       2.84
Val  119/272       52/52      1.09     0.125      1.51    0.0197      2.75        15     0.143      0.465      0.868      0.721      0.606       2.26
Train        1.11       0.11       1.26    0.00679       2.49
Val  120/272       52/52       1.1     0.117      1.29   0.00959      2.52        15     0.161      0.429      0.881      0.713      0.578       2.25
Train        1.15      0.118       1.23     0.0225       2.52
Val  121/272       52/52      1.08     0.117      1.41    0.0191      2.63        15     0.132      0.473      0.835      0.668      0.604       2.31
Train        1.14       0.13        1.5    0.00773       2.78
Val  122/272       52/52      1.14     0.128      1.25   0.00757      2.52        15     0.153      0.418      0.874      0.709      0.565       2.24
Train        1.15      0.127       1.25     0.0163       2.54
Val  123/272       52/52      1.15      0.13      1.44    0.0259      2.75        15     0.144      0.453      0.872      0.714      0.596       2.23
Train        1.13      0.115       1.39     0.0103       2.64
Val  124/272       52/52      1.09     0.119      1.44    0.0153      2.66        15     0.137      0.444      0.853      0.674      0.584       2.27
Train        1.11      0.125       1.68     0.0183       2.94
Val  125/272       52/52      1.08     0.127      1.61    0.0206      2.84        15     0.142      0.487      0.878      0.724      0.626       2.27
Train        1.07      0.103       1.39     0.0109       2.57
Val  126/272       52/52      1.08     0.107      1.23   0.00939      2.43        15      0.16      0.427      0.883      0.731      0.575       2.26
Train        1.12      0.138       1.32     0.0219        2.6
Val  127/272       52/52      1.07     0.133      1.48    0.0255      2.71        15     0.135      0.441      0.874      0.705      0.586       2.24
Train        1.12      0.109       1.18    0.00956       2.41
Val  128/272       52/52      1.12     0.115      1.32    0.0189      2.57        15     0.149      0.471      0.846      0.681      0.605       2.27
Train         1.1      0.127       1.53     0.0189       2.78
Val  129/272       52/52      1.08     0.135      1.56    0.0225       2.8        15     0.122      0.499      0.835      0.684      0.625       2.32
Train       0.986      0.122       1.78     0.0128        2.9
Val  130/272       52/52     0.993     0.114      1.52    0.0106      2.64        15     0.159       0.48      0.853        0.7      0.615       2.27
Train        1.15      0.114       1.28    0.00911       2.56
Val  131/272       52/52      1.09     0.124      1.39    0.0147      2.62        15     0.135      0.457      0.883      0.727      0.602       2.24
Train        1.17      0.111       1.24    0.00896       2.52
Val  132/272       52/52      1.07     0.114      1.33    0.0117      2.53        15     0.139      0.485      0.855      0.694      0.619       2.29
Train        1.12      0.124       1.57     0.0126       2.83
Val  133/272       52/52      1.08     0.119      1.57     0.014      2.79        15      0.15      0.425       0.87      0.706      0.571       2.26
Train        1.27      0.123       1.23    0.00713       2.62
Val  134/272       52/52      1.18     0.121      1.37    0.0114      2.68        15     0.157      0.485      0.846      0.693      0.616       2.27
Train        1.16      0.123       1.47     0.0263       2.78
Val  135/272       52/52      1.08      0.13      1.65    0.0223      2.88        15     0.162      0.493      0.857      0.706      0.626       2.27
Train        1.16      0.108       1.29     0.0133       2.58
Val  136/272       52/52      1.13     0.114      1.28    0.0121      2.54        15     0.164      0.446      0.885      0.741      0.593       2.23
Train        1.14      0.113       1.14    0.00756        2.4
Val  137/272       52/52      1.09     0.114       1.2   0.00782      2.41        13     0.144       0.44      0.874      0.705      0.585       2.22
Train        1.12      0.123       1.49     0.0111       2.74
Val  138/272       52/52      1.12     0.125      1.42    0.0245      2.68        15     0.128      0.477      0.883      0.733       0.62       2.22
Train        1.12      0.116       1.67     0.0119       2.91
Val  139/272       52/52      1.13     0.115      1.45    0.0126      2.71        15     0.128      0.463      0.861      0.691      0.602       2.25
Train        1.12      0.117       1.75      0.015          3
Val  140/272       52/52      1.12     0.118      1.44    0.0143      2.69        15     0.171        0.4      0.891      0.723      0.552       2.21
Train        1.21      0.113       1.14    0.00664       2.47
Val  141/272       52/52      1.12     0.113      1.29   0.00826      2.53        15     0.158      0.483      0.868      0.714      0.621       2.24
Train        1.16      0.122       1.41     0.0244       2.71
Val  142/272       52/52      1.07     0.121      1.38    0.0193      2.58        15      0.14      0.471      0.866      0.717       0.61       2.24
Train        1.08       0.11       1.46     0.0091       2.66
Val  143/272       52/52      1.06     0.103       1.3   0.00709      2.47        15     0.164      0.399      0.891      0.713      0.551       2.22
Train        1.15      0.105       1.12    0.00672       2.38
Val  144/272       52/52      1.08     0.116      1.33   0.00795      2.53        14     0.173      0.467      0.883      0.727      0.611       2.25
Train        1.16      0.124       1.22     0.0132       2.52
Val  145/272       52/52      1.12     0.122      1.39    0.0128      2.65        15     0.143      0.463      0.876      0.724      0.606       2.22
Train        1.12      0.115       1.64     0.0191       2.89
Val  146/272       52/52      1.12     0.121      1.63    0.0227       2.9        15     0.126      0.491      0.844      0.681      0.621       2.27
Train         1.1      0.121       1.83     0.0124       3.07
Val  147/272       52/52      1.09     0.125      1.71    0.0294      2.95        15     0.135      0.495      0.816      0.663      0.617       2.32
Train        1.07      0.139       1.83     0.0116       3.05
Val  148/272       52/52      1.08     0.131      1.67    0.0133      2.89        15     0.131      0.491      0.868       0.72      0.627       2.26
Train         1.1      0.114       1.47    0.00742       2.69
Val  149/272       52/52       1.1     0.116      1.34   0.00998      2.57        15      0.17       0.45      0.891      0.745      0.598        2.2
Train        1.19      0.118       1.26     0.0131       2.58
Val  150/272       52/52      1.14     0.118       1.4    0.0139      2.67        15     0.168      0.446      0.868        0.7      0.589       2.22
Train        1.19      0.139       1.15    0.00774       2.49
Val  151/272       52/52       1.1     0.126      1.27   0.00859      2.51        14     0.166      0.448      0.887      0.727      0.595       2.24
Train        1.15      0.118       1.15    0.00823       2.43
Val  152/272       52/52      1.11     0.118      1.36     0.012      2.59        13     0.132      0.477      0.876      0.721      0.618       2.21
Train        1.08      0.113       1.45     0.0056       2.65
Val  153/272       52/52      1.07     0.108      1.24   0.00579      2.42        15     0.164      0.449      0.892      0.731      0.598        2.2
Train        1.09       0.11        1.3     0.0154       2.51
Val  154/272       52/52      1.05     0.114      1.34    0.0306      2.54        15     0.126      0.468      0.872      0.711      0.609       2.24
Train        1.11      0.144       1.85     0.0212       3.12
Val  155/272       52/52      1.11     0.124      1.46    0.0158      2.71        14     0.163      0.442      0.889      0.724       0.59       2.21
Train         1.1       0.11       1.06    0.00808       2.28
Val  156/272       52/52      1.09      0.11      1.19   0.00655       2.4        15     0.132      0.497      0.863      0.709      0.631       2.24
Train        1.15      0.107       1.24     0.0104        2.5
Val  157/272       52/52       1.1     0.121      1.52    0.0313      2.78        15      0.13      0.527      0.814      0.673       0.64       2.31
Train        1.14      0.126       1.92      0.015        3.2
Val  158/272       52/52      1.11     0.127      1.67    0.0156      2.92        14     0.139       0.48      0.857      0.711      0.616       2.26
Train        1.07      0.107       1.36    0.00467       2.55
Val  159/272       52/52      1.01      0.11      1.28   0.00584      2.41        15     0.131      0.436      0.887      0.724      0.584       2.19
Train         1.1      0.114       1.55    0.00808       2.77
Val  160/272       52/52      1.07     0.117      1.51    0.0121      2.71        15     0.164      0.491      0.852      0.695      0.623       2.26
Train        1.22      0.101      0.994    0.00522       2.32
Val  161/272       52/52      1.13     0.103      1.05   0.00793      2.29        15      0.14      0.464      0.894      0.742      0.611       2.21
Train        1.16      0.109       1.25    0.00547       2.52
Val  162/272       52/52      1.14     0.108      1.11   0.00579      2.37        15     0.131      0.446      0.889      0.731      0.594       2.16
Train        1.14      0.108       1.68     0.0217       2.95
Val  163/272       52/52       1.1     0.117      1.67    0.0316      2.92        15      0.12      0.486      0.822      0.661      0.611       2.29
Train        1.04       0.11       1.71    0.00732       2.87
Val  164/272       52/52      1.01     0.105       1.4   0.00911      2.52        15     0.144      0.463      0.891      0.731      0.609        2.2
Train        1.12       0.11       1.38    0.00634       2.61
Val  165/272       52/52      1.03     0.117      1.31   0.00622      2.47        15     0.157      0.484       0.87      0.724      0.622       2.21
Train        1.04      0.108       1.32    0.00731       2.48
Val  166/272       52/52      1.05     0.112      1.36    0.0106      2.53        15     0.141      0.434      0.891      0.727      0.584        2.2
Train        1.11      0.126       1.35     0.0154        2.6
Val  167/272       52/52      1.04     0.113      1.22    0.0148      2.39        15     0.136      0.463      0.885      0.737      0.608       2.18
Train        1.06      0.105       1.42    0.00559       2.58
Val  168/272       52/52      1.02     0.104      1.28   0.00571      2.41        15     0.144      0.461      0.883      0.728      0.606       2.21
Train        1.08      0.108       1.46    0.00959       2.66
Val  169/272       52/52      1.05     0.109      1.53    0.0122       2.7        15     0.161      0.444      0.887      0.715      0.592       2.19
Train        1.13      0.113       1.13    0.00738       2.37
Val  170/272       52/52      1.09      0.11      1.21   0.00811      2.42        15     0.164      0.439      0.892      0.737      0.589       2.19
Train        1.07      0.116       1.06    0.00846       2.25
Val  171/272       52/52      1.06     0.113      1.16   0.00822      2.34        15      0.13      0.471      0.881      0.725      0.614        2.2
Train        1.07      0.108       1.36    0.00585       2.54
Val  172/272       52/52     0.999     0.108      1.28    0.0071       2.4        15     0.145      0.463      0.891      0.738       0.61       2.18
Train        1.21      0.101       1.12    0.00626       2.43
Val  173/272       52/52      1.11     0.108      1.14   0.00832      2.36        15     0.173      0.456      0.891       0.74      0.603       2.17
Train        1.15      0.116       1.03    0.00685        2.3
Val  174/272       52/52      1.08     0.114      1.17     0.012      2.37        15     0.134      0.472      0.885      0.724      0.616       2.18
Train        1.06     0.0966        1.5    0.00551       2.66
Val  175/272       52/52      1.06    0.0993      1.26   0.00819      2.43        15     0.132      0.438      0.872      0.696      0.583        2.2
Train        1.11      0.117       1.46    0.00613        2.7
Val  176/272       52/52      1.06     0.113      1.34   0.00632      2.52        15     0.139      0.487      0.879      0.722      0.627       2.22
Train        1.07     0.0996       1.42    0.00871        2.6
Val  177/272       52/52      1.08     0.106      1.54    0.0212      2.74        15     0.136      0.501      0.848      0.699      0.629       2.24
Train        1.08      0.122       1.65     0.0146       2.87
Val  178/272       52/52      1.12     0.123      1.51    0.0209      2.77        15     0.161      0.466      0.892      0.754      0.612       2.19
Train        1.07      0.106       1.32     0.0122       2.51
Val  179/272       52/52      1.03     0.116      1.47    0.0191      2.64        15      0.14      0.455      0.879       0.71        0.6       2.22
Train        1.14      0.105       1.17    0.00482       2.43
Val  180/272       52/52       1.1     0.107      1.25   0.00651      2.46        14     0.139      0.444      0.881       0.72      0.591        2.2
Train        1.13      0.127       1.27    0.00598       2.53
Val  181/272       52/52      1.08     0.112      1.19   0.00576      2.39        15     0.141      0.497      0.889      0.755      0.637        2.2
Train        0.99      0.106       1.28    0.00483       2.38
Val  182/272       52/52      1.01     0.107      1.27   0.00587      2.39        15     0.172      0.433      0.896      0.732      0.584       2.17
Train        1.14      0.104       0.98     0.0054       2.23
Val  183/272       52/52      1.08     0.113      1.09    0.0159       2.3        15     0.124      0.476      0.883      0.733      0.619       2.16
Train        1.13      0.116       1.85     0.0109        3.1
Val  184/272       52/52       1.1     0.112      1.55    0.0123      2.77        14     0.135      0.488      0.853      0.709      0.621       2.23
Train        1.08      0.116        1.6    0.00805        2.8
Val  185/272       52/52      1.04     0.116      1.53   0.00924       2.7        15     0.152      0.446      0.902       0.75      0.597       2.15
Train        1.16      0.103        1.2    0.00586       2.47
Val  186/272       52/52      1.08     0.107       1.3   0.00775       2.5        15     0.132      0.451      0.868      0.711      0.594        2.2
Train         1.1      0.116       1.64    0.00691       2.87
Val  187/272       52/52      1.06     0.116      1.54   0.00998      2.73        14     0.128      0.464      0.872      0.714      0.605       2.19
Train        1.13      0.117       1.85     0.0199       3.12
Val  188/272       52/52       1.1     0.115       1.5    0.0149      2.73        15     0.133      0.428        0.9      0.737       0.58       2.18
Train         1.1      0.101       1.21    0.00458       2.41
Val  189/272       52/52      1.01     0.101      1.29   0.00602      2.41        15     0.162      0.461      0.885      0.723      0.606       2.18
Train        1.13      0.102       1.08    0.00654       2.31
Val  190/272       52/52      1.06     0.101      1.15   0.00631      2.31        15     0.162      0.463      0.889      0.732      0.609       2.17
Train        1.06     0.0983       1.08    0.00645       2.25
Val  191/272       52/52         1    0.0985      1.14    0.0116      2.25        15     0.136      0.481      0.872      0.726       0.62       2.17
Train        1.02      0.111       1.58    0.00702       2.72
Val  192/272       52/52      1.04     0.115      1.37    0.0161      2.54        15     0.126      0.444      0.898      0.734      0.595       2.14
Train        1.04      0.113       1.49    0.00607       2.65
Val  193/272       52/52      1.03     0.109      1.29   0.00562      2.44        15     0.131      0.489      0.883      0.732       0.63       2.18
Train       0.992      0.119       1.36    0.00626       2.47
Val  194/272       52/52         1     0.112      1.23    0.0118      2.35        15      0.13      0.457      0.878      0.726      0.601       2.17
Train       0.986      0.108       1.66    0.00711       2.76
Val  195/272       52/52      1.01     0.107      1.31   0.00644      2.44        15     0.162      0.426      0.881      0.723      0.574       2.19
Train        1.12      0.114       1.16      0.005        2.4
Val  196/272       52/52      1.07     0.115      1.33   0.00718      2.52        15      0.15      0.478      0.866      0.714      0.617        2.2
Train        1.15      0.108       1.43     0.0158        2.7
Val  197/272       52/52      1.09     0.115      1.41    0.0154      2.62        13     0.125      0.473      0.876      0.725      0.614        2.2
Train        1.05      0.109       1.46    0.00752       2.62
Val  198/272       52/52      1.01     0.112      1.32   0.00988      2.45        15     0.129      0.478      0.892      0.759      0.623       2.17
Train        1.11       0.11       1.53    0.00793       2.76
Val  199/272       52/52      1.09     0.109      1.26   0.00671      2.47        15     0.135      0.445      0.891      0.747      0.593        2.2
Train        1.11      0.107       1.19    0.00945       2.42
Val  200/272       52/52      1.09     0.117      1.24     0.013      2.46        15     0.126      0.485      0.904      0.762      0.631       2.18
Train        1.09      0.113       1.75      0.012       2.97
Val  201/272       52/52      1.05     0.112      1.39    0.0141      2.57        14     0.133      0.436      0.905       0.75      0.588       2.18
Train        1.15       0.11       1.74     0.0109       3.01
Val  202/272       52/52       1.1     0.114      1.57    0.0111       2.8        14     0.144      0.502      0.861      0.711      0.634       2.21
Train        1.18      0.117       1.39     0.0131        2.7
Val  203/272       52/52      1.09     0.112      1.37    0.0108      2.58        15     0.151      0.449      0.889      0.743      0.597       2.17
Train        1.22      0.109       1.21    0.00671       2.55
Val  204/272       52/52      1.12     0.101      1.17   0.00636       2.4        15     0.166      0.442      0.907      0.763      0.595       2.15
Train        1.14      0.104        1.2    0.00654       2.44
Val  205/272       52/52      1.06     0.107      1.28   0.00742      2.45        15     0.136      0.472      0.881      0.729      0.614       2.18
Train        1.05      0.108       1.49    0.00707       2.65
Val  206/272       52/52      1.02     0.104      1.47   0.00774       2.6        15     0.148      0.499      0.866       0.73      0.634       2.22
Train        1.12        0.1       1.26    0.00588       2.49
Val  207/272       52/52      1.08     0.102      1.25   0.00566      2.44        15      0.16      0.467      0.904       0.75      0.616       2.17
Train        1.12      0.102        1.4     0.0125       2.64
Val  208/272       52/52      1.08     0.102      1.38    0.0102      2.57        14     0.137      0.438      0.891      0.734      0.587       2.16
Train         1.1       0.11       1.43     0.0186       2.66
Val  209/272       52/52      1.11     0.115      1.54    0.0171      2.78        15     0.142      0.477      0.859      0.701      0.614       2.22
Train       0.991     0.0993       1.37    0.00595       2.46
Val  210/272       52/52      1.02     0.104      1.39   0.00912      2.52        15     0.129      0.443      0.874      0.714      0.588       2.17
Train        1.11      0.122       1.42    0.00642       2.65
Val  211/272       52/52      1.08     0.113      1.21   0.00586      2.41        15     0.133      0.479      0.876      0.729      0.619       2.19
Train         1.1      0.116       1.79     0.0155       3.02
Val  212/272       52/52      1.07      0.12       1.6    0.0192      2.81        15     0.164       0.44      0.898       0.74       0.59       2.15
Train        1.15      0.101       1.35     0.0093        2.6
Val  213/272       52/52      1.08     0.109      1.62    0.0108      2.82        15     0.137      0.499      0.857      0.723      0.631       2.21
Train        1.16      0.113       1.46     0.0125       2.74
Val  214/272       52/52      1.09     0.109      1.35     0.011      2.56        15     0.166      0.439      0.907      0.766      0.591       2.14
Train        1.23      0.109       1.05    0.00532       2.39
Val  215/272       52/52      1.15     0.112      1.15   0.00856      2.42        15     0.166      0.424      0.911      0.741      0.578       2.16
Train        1.21      0.115       1.22     0.0138       2.56
Val  216/272       52/52      1.12     0.114      1.46    0.0159      2.71        15      0.14      0.521      0.833      0.707      0.641       2.24
Train        1.01      0.101       1.22    0.00372       2.34
Val  217/272       52/52     0.992    0.0995      1.16   0.00382      2.25        15     0.173      0.447      0.892       0.74      0.596       2.16
Train        1.15     0.0963       1.12    0.00641       2.37
Val  218/272       52/52      1.08    0.0995      1.23   0.00721      2.42        15     0.137      0.466      0.883      0.734       0.61       2.17
Train        1.09      0.111       1.14     0.0115       2.35
Val  219/272       52/52      1.07     0.114      1.28    0.0189      2.49        15     0.161      0.482      0.878      0.729      0.622       2.16
Train        1.12     0.0951       1.12     0.0034       2.34
Val  220/272       52/52      1.06    0.0991      1.19   0.00346      2.34        15     0.157       0.48      0.885      0.737      0.623       2.17
Train        1.11      0.104       1.43    0.00768       2.66
Val  221/272       52/52      1.08     0.107      1.56   0.00964      2.76        15      0.17      0.475      0.868      0.713      0.614       2.18
Train        1.17      0.103       1.25     0.0115       2.54
Val  222/272       52/52      1.09     0.102      1.28    0.0101      2.48        15     0.156      0.455      0.907      0.755      0.606       2.15
Train        1.13      0.096       1.11    0.00427       2.34
Val  223/272       52/52      1.05       0.1      1.21    0.0046      2.37        13     0.147      0.475      0.876      0.726      0.616       2.19
Train        1.08     0.0964       1.21    0.00381       2.39
Val  224/272       52/52      1.05     0.105      1.31   0.00818      2.47        15      0.13      0.514      0.844      0.699      0.639       2.21
Train        1.02      0.119       1.75    0.00898        2.9
Val  225/272       52/52      1.01     0.108      1.36   0.00687      2.49        15      0.16      0.437      0.907      0.757       0.59       2.14
Train        1.15      0.106       1.21     0.0084       2.47
Val  226/272       52/52       1.1     0.105      1.16    0.0114      2.38        15     0.132      0.448      0.896      0.746      0.597       2.14
Train        1.04      0.122       1.41    0.00506       2.57
Val  227/272       52/52      1.07     0.108      1.24   0.00496      2.43        15     0.161      0.443      0.898      0.741      0.594       2.15
Train        1.11     0.0916       1.01    0.00357       2.22
Val  228/272       52/52      1.07    0.0952      1.02   0.00374      2.19        15     0.154      0.434      0.905      0.745      0.587       2.14
Train        1.08     0.0996       1.25    0.00802       2.44
Val  229/272       52/52      1.03    0.0967      1.23   0.00749      2.37        15     0.167      0.459      0.894      0.748      0.607       2.15
Train        1.12     0.0929      0.971     0.0034       2.19
Val  230/272       52/52      1.08    0.0994      1.13   0.00698      2.32        15     0.134      0.468      0.885      0.738      0.612       2.16
Train        1.01      0.104       1.56    0.00784       2.68
Val  231/272       52/52         1     0.101      1.38   0.00884      2.49        15     0.159      0.466        0.9       0.75      0.614       2.15
Train        1.15      0.103       1.14     0.0057        2.4
Val  232/272       52/52      1.11     0.106      1.27   0.00596      2.49        14     0.168      0.447      0.896      0.745      0.596       2.14
Train        1.09     0.0956       1.09    0.00584       2.28
Val  233/272       52/52      1.03     0.102      1.27   0.00785      2.41        15     0.162      0.486      0.883      0.729      0.627       2.16
Train        1.07      0.106       1.33     0.0148       2.52
Val  234/272       52/52     0.999     0.107      1.37     0.014      2.49        15     0.136      0.493      0.866      0.717      0.629       2.18
Train        1.01      0.103       1.56    0.00541       2.68
Val  235/272       52/52      1.02     0.107      1.43   0.00777      2.56        13      0.15      0.455      0.892      0.738      0.603       2.15
Train        1.09      0.105       1.24    0.00853       2.44
Val  236/272       52/52      1.06     0.108      1.33    0.0124      2.51        15     0.125      0.465      0.883      0.718      0.609       2.16
Train        1.02      0.117       1.77     0.0159       2.92
Val  237/272       52/52      1.05      0.11       1.5    0.0136      2.67        14     0.189      0.431      0.907      0.752      0.584       2.14
Train        1.07     0.0994       1.22    0.00791        2.4
Val  238/272       52/52     0.986     0.103      1.41   0.00955       2.5        15     0.141       0.48      0.887      0.725      0.623       2.17
Train        1.04      0.115       1.26     0.0037       2.42
Val  239/272       52/52      1.02     0.104       1.1   0.00334      2.23        15     0.137      0.438      0.909      0.756      0.591       2.15
Train         1.1      0.093       1.17    0.00463       2.37
Val  240/272       52/52      1.06    0.0964      1.24   0.00818       2.4        15     0.165      0.452      0.898      0.739      0.602       2.15
Train        1.14     0.0985       1.24    0.00967       2.49
Val  241/272       52/52      1.08    0.0952      1.16   0.00736      2.35        15     0.162      0.441      0.911      0.761      0.594       2.14
Train        1.05      0.104       1.22    0.00463       2.38
Val  242/272       52/52      1.05     0.105      1.35   0.00523      2.51        15     0.171      0.482      0.874       0.72      0.621       2.17
Train        1.14     0.0951      0.966     0.0041        2.2
Val  243/272       52/52      1.04    0.0947      1.11   0.00533      2.25        14      0.15      0.476      0.879      0.725      0.618       2.16
Train        1.11     0.0943       1.12    0.00472       2.33
Val  244/272       52/52      1.08     0.102      1.28    0.0104      2.47        15     0.143       0.51      0.842      0.711      0.635       2.22
Train        1.17      0.116       1.63     0.0096       2.93
Val  245/272       52/52      1.13     0.113       1.4     0.012      2.66        15     0.129       0.46      0.894      0.741      0.607       2.15
Train        1.06      0.107       1.67     0.0122       2.85
Val  246/272       52/52      1.05      0.11      1.54    0.0117      2.71        15     0.169      0.497      0.872       0.72      0.633       2.18
Train        1.21        0.1       1.18    0.00604       2.49
Val  247/272       52/52      1.13    0.0993      1.26   0.00589      2.49        15      0.17      0.447      0.904      0.752      0.598       2.14
Train        1.07      0.107      0.919     0.0069        2.1
Val  248/272       52/52      1.02     0.102     0.954   0.00552      2.08        15     0.138      0.438      0.905      0.755      0.591       2.14
Train        1.12      0.115       1.32     0.0129       2.56
Val  249/272       52/52      1.07      0.12       1.4    0.0149      2.61        15     0.135      0.524       0.84      0.705      0.645       2.22
Train        1.13      0.114        1.6    0.00872       2.85
Val  250/272       52/52      1.06     0.114      1.36    0.0076      2.55        14     0.135      0.441      0.902      0.745      0.593       2.14
Train        1.06      0.101       1.02    0.00398       2.19
Val  251/272       52/52      1.03     0.102      1.07   0.00517      2.21        15     0.129      0.466      0.892      0.737      0.612       2.15
Train         1.1      0.114       1.82     0.0107       3.04
Val  252/272       52/52      1.09     0.114      1.58    0.0115       2.8        15     0.141      0.479      0.891      0.734      0.623       2.16
Train        1.01     0.0982       1.33    0.00421       2.44
Val  253/272       52/52      1.01     0.103      1.27   0.00474      2.38        15      0.14      0.459      0.889      0.739      0.606       2.14
Train        1.03     0.0928       1.33    0.00493       2.46
Val  254/272       52/52         1    0.0978       1.2   0.00471       2.3        15     0.168       0.45        0.9      0.758        0.6       2.14
Train        1.12     0.0959       1.02    0.00722       2.25
Val  255/272       52/52      1.04     0.101      1.24   0.00795       2.4        15     0.149      0.512      0.866       0.72      0.643       2.18
Train        1.11      0.104       1.43     0.0146       2.65
Val  256/272       52/52      1.09     0.109      1.42    0.0129      2.63        15     0.147      0.492      0.878      0.728       0.63       2.18
Train        1.05      0.102       1.44     0.0111       2.61
Val  257/272       52/52      1.03     0.103      1.34    0.0132      2.48        15     0.128      0.453      0.896      0.732      0.601       2.15
Train           1      0.113        1.7    0.00665       2.82
Val  258/272       52/52     0.986     0.105      1.42   0.00682      2.52        15     0.137      0.487      0.881      0.732      0.627       2.17
Train        1.01       0.11       1.42    0.00533       2.55
Val  259/272       52/52     0.985     0.109      1.39   0.00535      2.49        15      0.13      0.505      0.874      0.726       0.64       2.18
Train        1.02      0.114       1.59    0.00781       2.73
Val  260/272       52/52      1.03     0.113      1.43   0.00747      2.58        15     0.148      0.457      0.904      0.746      0.607       2.14
Train        1.08     0.0986       1.53     0.0121       2.73
Val  261/272       52/52      1.05     0.103      1.64    0.0128       2.8        15     0.154      0.509      0.855      0.718      0.639       2.19
Train        1.06     0.0927      0.984     0.0043       2.14
Val  262/272       52/52      1.06     0.096     0.971   0.00526      2.14        15     0.165      0.442      0.904      0.763      0.594       2.14
Train        1.13       0.12       1.11    0.00961       2.37
Val  263/272       52/52      1.08     0.116      1.08   0.00882      2.29        14     0.141      0.436      0.905       0.76      0.589       2.14
Train        1.14     0.0978       1.28    0.00396       2.53
Val  264/272       52/52      1.06    0.0976      1.27   0.00426      2.43        15     0.139      0.503      0.891      0.738      0.643       2.17
Train        1.09      0.113       1.47    0.00708       2.67
Val  265/272       52/52      1.07     0.111      1.51   0.00866       2.7        15      0.14       0.49      0.852      0.696      0.622        2.2
Train        1.05        0.1       1.44      0.012        2.6
Val  266/272       52/52      1.03       0.1      1.24    0.0103      2.38        15     0.131      0.452      0.892      0.745        0.6       2.14
Train        1.03      0.108       1.38    0.00432       2.53
Val  267/272       52/52      1.06     0.106      1.27   0.00651      2.44        14     0.125      0.465      0.881      0.731      0.609       2.16
Train         1.1      0.106       1.67     0.0155       2.89
Val  268/272       52/52      1.05     0.106      1.39    0.0119      2.56        15     0.168      0.449      0.904       0.76        0.6       2.14
Train         1.1     0.0914       1.02    0.00482       2.22
Val  269/272       52/52      1.04    0.0986      1.21   0.00442      2.35        15     0.145      0.489      0.874      0.724      0.627       2.18
Train        1.09     0.0955       1.26    0.00856       2.45
Val  270/272       52/52      1.05     0.102      1.31     0.019      2.48        14     0.131      0.472      0.885       0.72      0.616       2.16
Train        1.06       0.11       1.59    0.00597       2.77
Val  271/272       52/52      1.03     0.103      1.18   0.00526      2.32        14      0.14      0.445      0.887      0.736      0.593       2.14
Train         1.1      0.101       1.39    0.00798        2.6
Val  272/272       52/52      1.08     0.111      1.41    0.0104      2.61        15     0.167      0.464      0.891      0.732       0.61       2.15
Train        2.31       1.91       72.8          0       77.1
Val    0/272       52/52      2.18      1.25      32.5         0      35.9        15     0.175          0          0          0          0        6.7
