Train        2.15       0.63       4.08          0       6.85
Val    1/272       52/52      1.98     0.519      3.95         0      6.45        15     0.141          0          0          0          0       5.18
Train        1.87      0.429       3.53          0       5.83
Val    2/272       52/52      1.83     0.395      3.36         0      5.59        15     0.166      0.211     0.0148     0.0069     0.0277       4.35
Train        1.88      0.347       1.92          0       4.15
Val    3/272       52/52      1.77     0.323      2.09         0      4.19        15     0.127       0.12     0.0538     0.0137     0.0744          4
Train         1.8      0.353       2.15          0        4.3
Val    4/272       52/52      1.72     0.335      2.35         0      4.41        15      0.13      0.237      0.106     0.0311      0.146       3.77
Train        1.75      0.302       2.16          0       4.21
Val    5/272       52/52      1.71     0.289      2.32         0      4.31        15     0.133      0.432      0.252      0.137      0.319       3.54
Train        1.58      0.288       1.86          0       3.73
Val    6/272       52/52       1.6     0.289      2.04         0      3.93        15     0.132      0.492      0.325      0.191      0.391       3.44
Train        1.74      0.302       2.69          0       4.73
Val    7/272       52/52      1.65     0.275      2.24         0      4.17        15     0.131      0.505      0.406      0.252       0.45       3.39
Train        1.62      0.231       2.07          0       3.92
Val    8/272       52/52      1.62     0.229      1.89         0      3.74        15     0.155      0.434       0.51      0.288      0.469       3.25
Train        1.71      0.252        1.9          0       3.86
Val    9/272       52/52      1.63     0.249      1.96         0      3.84        15      0.14      0.468      0.508       0.29      0.488       3.17
Train        1.51       0.22       1.73          0       3.46
Val   10/272       52/52      1.51     0.217      1.58         0      3.31        15     0.167      0.467      0.551      0.331      0.506       3.08
Train        1.59      0.224        1.6          0       3.42
Val   11/272       52/52      1.53     0.239      1.98         0      3.75        15     0.135      0.543      0.501      0.335      0.521       3.08
Train        1.58      0.225       1.71          0       3.51
Val   12/272       52/52      1.53     0.232      1.75         0      3.51        15      0.13      0.618      0.484      0.354      0.543       3.06
Train        1.49      0.241       2.02          0       3.76
Val   13/272       52/52      1.47      0.23      1.93         0      3.63        15     0.121      0.589      0.558      0.397      0.573       2.99
Train        1.51      0.234       2.35          0       4.09
Val   14/272       52/52      1.48     0.233      2.14         0      3.86        15     0.147      0.523      0.633      0.426      0.573       2.91
Train         1.5      0.222       1.78          0       3.51
Val   15/272       52/52       1.5     0.226      1.83         0      3.56        14     0.118      0.663      0.536      0.419      0.593       2.98
Train        1.42      0.206       1.94          0       3.56
Val   16/272       52/52      1.41     0.201      1.64         0      3.26        15     0.151      0.575      0.627      0.467        0.6       2.87
Train        1.39      0.192       1.49          0       3.07
Val   17/272       52/52      1.38     0.198      1.67         0      3.25        15     0.147      0.581      0.635      0.441      0.606       2.83
Train        1.39      0.178        1.5          0       3.07
Val   18/272       52/52      1.37     0.188      1.64         0       3.2        15     0.127      0.633      0.622      0.471      0.627       2.88
Train        1.37      0.176       1.43          0       2.98
Val   19/272       52/52      1.33     0.178      1.49         0         3        15     0.159      0.558      0.694      0.488      0.619       2.79
Train        1.39      0.184       1.39          0       2.97
Val   20/272       52/52      1.33     0.186      1.48         0         3        14     0.165      0.545      0.692      0.482       0.61       2.74
Train        1.44      0.178       1.33          0       2.95
Val   21/272       52/52      1.36     0.178      1.39         0      2.93        15     0.141      0.589       0.64      0.455      0.613       2.75
Train        1.35      0.185       1.67          0       3.21
Val   22/272       52/52       1.3      0.18      1.61         0      3.09        15     0.157      0.558      0.659      0.451      0.604       2.75
Train        1.45      0.172       1.47          0        3.1
Val   23/272       52/52      1.36     0.175      1.67         0       3.2        15     0.159       0.62      0.705       0.53       0.66        2.7
Train        1.35      0.167       1.31          0       2.82
Val   24/272       52/52      1.33     0.168      1.38         0      2.88        15     0.131      0.548      0.679      0.477      0.606        2.7
Train        1.34       0.18       1.64          0       3.16
Val   25/272       52/52      1.33     0.181      1.53         0      3.04        14     0.138      0.585      0.664      0.469      0.622       2.73
Train        1.29      0.204       2.08          0       3.57
Val   26/272       52/52      1.28     0.194       1.9         0      3.37        15     0.162      0.574       0.72      0.529      0.639       2.68
Train        1.38      0.187       1.68          0       3.25
Val   27/272       52/52      1.34     0.181       1.8         0      3.32        15     0.169      0.561      0.714      0.519      0.629       2.66
Train        1.33      0.156       1.18          0       2.67
Val   28/272       52/52      1.25     0.157       1.3         0      2.71        14     0.133      0.616      0.681      0.507      0.647       2.65
Train        1.33      0.184       1.79          0       3.31
Val   29/272       52/52      1.27     0.182      1.77         0      3.22        15     0.139      0.598      0.707      0.529      0.648       2.66
Train        1.31       0.17       1.72          0        3.2
Val   30/272       52/52      1.28     0.176      1.67         0      3.13        15     0.125      0.664      0.662      0.533      0.663        2.7
Train        1.33      0.191       2.23          0       3.75
Val   31/272       52/52      1.28     0.195      2.14         0      3.62        15     0.118      0.643      0.655      0.517      0.649       2.69
Train        1.24      0.203          2          0       3.44
Val   32/272       52/52       1.2     0.187      1.59         0      2.97        15     0.137      0.622      0.729      0.564      0.671       2.62
Train        1.31      0.167       1.79          0       3.27
Val   33/272       52/52      1.29     0.173      1.96         0      3.43        15     0.125      0.687      0.627       0.53      0.656       2.75
Train        1.27       0.17       1.79          0       3.23
Val   34/272       52/52      1.24     0.171      1.75         0      3.16        14     0.165       0.67      0.699      0.567      0.684       2.62
Train        1.32      0.162       1.14          0       2.62
Val   35/272       52/52      1.24     0.152      1.19         0      2.58        15     0.138      0.611      0.711      0.547      0.657        2.6
Train        1.29      0.149        1.4          0       2.83
Val   36/272       52/52      1.25     0.146      1.34         0      2.73        15     0.132      0.596      0.709      0.543      0.647       2.57
Train        1.23      0.156       1.61          0          3
Val   37/272       52/52      1.21     0.157      1.73         0      3.09        14     0.122      0.655      0.662       0.52      0.659       2.58
Train        1.27      0.174        1.9          0       3.34
Val   38/272       52/52      1.26     0.169      1.82         0      3.25        15     0.125       0.63      0.655      0.494      0.642       2.59
Train        1.26      0.192       2.32          0       3.77
Val   39/272       52/52      1.25     0.189       2.2         0      3.64        15     0.129      0.679      0.629      0.518      0.653       2.69
Train        1.27      0.183       2.02          0       3.48
Val   40/272       52/52      1.27     0.176      1.81         0      3.25        15      0.16      0.628      0.701      0.548      0.663       2.55
Train         1.3      0.155       1.41          0       2.86
Val   41/272       52/52      1.24     0.156      1.63         0      3.03        15     0.161      0.645      0.694      0.543      0.668       2.55
Train         1.3      0.136       1.16          0       2.59
Val   42/272       52/52      1.24     0.142      1.39         0      2.76        15     0.147      0.626      0.686      0.521      0.655       2.55
Train        1.21       0.16       1.42          0       2.79
Val   43/272       52/52      1.18     0.154      1.45         0      2.78        15     0.134      0.623      0.705      0.531      0.661       2.53
Train        1.27      0.147       1.46          0       2.87
Val   44/272       52/52      1.24      0.14      1.33         0       2.7        13     0.122      0.608      0.698      0.529       0.65       2.47
Train        1.24      0.143       1.53          0       2.92
Val   45/272       52/52       1.2     0.147      1.33         0      2.68        15     0.137      0.613       0.74       0.57      0.671       2.46
Train        1.21      0.134       1.35          0        2.7
Val   46/272       52/52      1.18     0.138       1.3         0      2.61        15     0.167      0.629      0.714      0.557      0.669       2.47
Train        1.24      0.155       1.38          0       2.77
Val   47/272       52/52      1.22     0.154      1.44         0      2.81        15     0.148      0.599      0.722      0.537      0.655       2.49
Train         1.3      0.163       1.47          0       2.93
Val   48/272       52/52      1.21     0.149      1.48         0      2.84        15      0.16      0.648      0.679      0.526      0.663       2.46
Train        1.28      0.155        1.4          0       2.84
Val   49/272       52/52      1.26      0.15      1.49         0       2.9        15     0.121      0.614      0.729      0.557      0.667       2.45
Train         1.2      0.141       1.63          0       2.97
Val   50/272       52/52      1.21     0.138      1.51         0      2.86        15     0.132      0.684       0.69      0.559      0.687       2.49
Train        1.24      0.135       1.28          0       2.65
Val   51/272       52/52       1.2      0.14      1.38         0      2.72        15     0.162      0.628      0.699      0.545      0.662       2.41
Train        1.21      0.148       1.25          0       2.61
Val   52/272       52/52      1.18     0.143      1.33         0      2.66        15     0.137      0.612      0.733      0.565      0.667       2.43
Train        1.32      0.139       1.41          0       2.87
Val   53/272       52/52       1.2     0.141      1.36         0      2.71        15     0.137      0.626      0.737      0.586      0.677       2.42
Train        1.18      0.131        1.3          0       2.62
Val   54/272       52/52      1.18     0.142      1.35         0      2.68        15     0.138      0.676      0.686      0.548      0.681       2.45
Train        1.25      0.144        1.4          0       2.79
Val   55/272       52/52       1.2     0.143      1.37         0      2.71        15     0.133      0.632      0.718      0.558      0.672       2.44
Train        1.23      0.157       1.57          0       2.95
Val   56/272       52/52      1.15      0.15      1.55         0      2.85        15     0.161      0.663      0.699       0.55      0.681       2.43
Train        1.14      0.127       1.25          0       2.52
Val   57/272       52/52      1.14      0.13      1.32         0      2.59        14     0.148      0.611      0.729      0.564      0.665       2.42
Train        1.21       0.13       1.34          0       2.68
Val   58/272       52/52      1.19     0.135      1.39         0      2.72        15     0.135      0.607      0.683      0.511      0.643       2.41
Train         1.2      0.149       1.98          0       3.32
Val   59/272       52/52      1.16     0.147      1.78         0      3.09        15     0.141      0.679      0.668      0.532      0.674       2.49
Train        1.18       0.15       1.49          0       2.83
Val   60/272       52/52      1.16     0.145      1.55         0      2.85        15     0.125      0.638      0.735      0.569      0.683       2.41
Train        1.19      0.132       1.66          0       2.98
Val   61/272       52/52      1.14     0.139      1.58         0      2.86        15     0.139      0.691       0.69      0.549      0.691       2.46
Train        1.17      0.147       1.51          0       2.82
Val   62/272       52/52      1.15     0.157      1.52         0      2.83        15     0.125      0.668      0.738      0.602      0.701       2.43
Train        1.16      0.137       1.61          0       2.91
Val   63/272       52/52      1.13     0.137      1.57         0      2.84        14     0.127      0.681      0.711      0.577      0.696       2.45
Train        1.14       0.15       1.74          0       3.03
Val   64/272       52/52      1.12     0.146      1.62         0      2.88        15      0.13      0.697      0.673      0.549      0.685       2.45
Train        1.14      0.136        1.8          0       3.07
Val   65/272       52/52      1.13      0.14      1.55         0      2.82        15     0.171      0.625      0.776      0.609      0.692       2.37
Train        1.18      0.143       1.15          0       2.47
Val   66/272       52/52      1.17     0.138      1.37         0      2.68        15     0.167      0.671      0.712      0.569      0.691       2.42
Train        1.22      0.142       1.41          0       2.77
Val   67/272       52/52      1.15     0.143       1.5         0      2.79        15     0.164      0.666      0.725      0.575      0.694        2.4
Train        1.23      0.146       1.14          0       2.52
Val   68/272       52/52      1.15     0.141      1.32         0      2.61        15     0.169        0.7      0.709      0.578      0.704       2.43
Train        1.32      0.135       1.34          0        2.8
Val   69/272       52/52      1.24     0.139      1.53         0      2.91        15     0.166      0.636      0.757      0.595      0.691       2.35
Train        1.23      0.147       1.47          0       2.84
Val   70/272       52/52       1.2     0.148      1.69         0      3.04        15     0.125      0.657      0.659      0.515      0.658       2.46
Train        1.18      0.144       1.85          0       3.17
Val   71/272       52/52      1.17     0.145      1.68         0         3        13     0.121      0.704      0.672      0.574      0.688       2.46
Train         1.1      0.135       1.65          0       2.88
Val   72/272       52/52      1.08     0.134      1.51         0      2.73        15     0.138      0.611      0.748       0.57      0.672       2.37
Train        1.13      0.123        1.5          0       2.75
Val   73/272       52/52       1.1     0.126      1.41         0      2.63        15     0.133       0.64       0.75      0.586      0.691       2.36
Train        1.16      0.166        1.6          0       2.93
Val   74/272       52/52      1.14     0.142      1.44         0      2.72        15     0.137      0.613      0.751      0.575      0.675       2.35
Train        1.16      0.125       1.38          0       2.67
Val   75/272       52/52      1.09     0.129      1.39         0       2.6        15     0.134      0.666      0.746      0.598      0.703       2.34
Train        1.21      0.149       1.58          0       2.94
Val   76/272       52/52      1.16     0.138      1.43         0      2.72        15     0.151      0.657      0.731      0.571      0.692       2.35
Train        1.17      0.127       1.34          0       2.63
Val   77/272       52/52      1.17     0.133      1.27         0      2.57        15     0.131      0.653      0.744      0.596      0.696       2.32
Train        1.17      0.147       1.53          0       2.85
Val   78/272       52/52      1.18     0.146      1.38         0      2.71        14     0.157      0.648      0.751      0.593      0.696       2.32
Train        1.28      0.147       1.59          0       3.01
Val   79/272       52/52      1.22     0.152      1.82         0      3.19        15     0.124      0.671      0.716       0.56      0.693       2.36
Train        1.15      0.147        1.9          0        3.2
Val   80/272       52/52      1.13      0.14       1.6         0      2.86        15     0.165      0.648      0.766      0.612      0.702       2.35
Train        1.23      0.124       1.13          0       2.49
Val   81/272       52/52      1.13     0.128      1.21         0      2.47        15     0.154      0.688      0.729      0.596      0.708       2.35
Train         1.2      0.122       1.04          0       2.36
Val   82/272       52/52      1.16     0.123     0.998         0      2.29        15      0.13       0.65      0.763       0.62      0.702       2.31
Train        1.17      0.136       1.66          0       2.96
Val   83/272       52/52      1.12     0.145       1.9         0      3.17        15     0.141      0.696      0.672      0.543      0.684       2.39
Train         1.2      0.122       1.24          0       2.55
Val   84/272       52/52      1.15     0.124      1.33         0      2.61        15     0.172      0.651      0.744      0.587      0.694       2.32
Train        1.17      0.143       1.16          0       2.47
Val   85/272       52/52      1.15     0.137      1.34         0      2.63        15     0.158      0.663      0.744      0.581      0.701       2.31
Train        1.14      0.121       1.17          0       2.43
Val   86/272       52/52      1.11     0.125      1.34         0      2.57        15     0.148      0.703      0.714      0.589      0.708       2.34
Train        1.15      0.127       1.53          0        2.8
Val   87/272       52/52      1.16     0.128      1.57         0      2.85        15     0.165      0.655      0.737      0.574      0.693       2.32
Train        1.18      0.119       1.35          0       2.65
Val   88/272       52/52      1.15     0.124      1.46         0      2.73        15     0.144      0.688      0.733      0.589       0.71       2.33
Train        1.21      0.134       1.58          0       2.92
Val   89/272       52/52      1.15     0.133      1.57         0      2.85        15     0.176      0.676      0.727       0.58      0.701       2.33
Train        1.11       0.13       1.23          0       2.48
Val   90/272       52/52      1.09      0.13      1.52         0      2.74        15     0.137      0.639      0.729      0.563      0.681       2.32
Train        1.15      0.112       1.34          0       2.61
Val   91/272       52/52      1.13     0.118      1.39         0      2.63        15     0.159      0.659      0.692      0.544      0.675       2.34
Train        1.14      0.119       1.17          0       2.43
Val   92/272       52/52      1.12     0.127      1.37         0      2.62        15      0.16      0.672      0.737       0.59      0.703       2.31
Train        1.22      0.118       1.07          0       2.41
Val   93/272       52/52      1.14     0.128      1.31         0      2.58        15     0.139      0.679      0.722      0.571        0.7       2.31
Train        1.05      0.113        1.3          0       2.46
Val   94/272       52/52      1.05     0.112      1.27         0      2.43        15     0.136      0.653      0.744      0.586      0.696       2.29
Train        1.16      0.129       1.35          0       2.63
Val   95/272       52/52      1.06     0.123      1.42         0       2.6        15     0.123      0.693      0.712      0.573      0.703       2.32
Train         1.1       0.12        1.6          0       2.82
Val   96/272       52/52      1.11     0.118      1.41         0      2.64        15     0.168      0.661      0.742       0.59      0.699       2.28
Train        1.17      0.116       1.16          0       2.44
Val   97/272       52/52      1.04     0.111      1.26         0      2.41        15     0.143      0.658      0.744      0.585      0.699       2.28
Train        1.08      0.112       1.24          0       2.43
Val   98/272       52/52      1.02     0.118      1.27         0      2.41        15     0.186      0.654      0.753      0.601        0.7       2.29
Train        1.21      0.126       1.22          0       2.56
Val   99/272       52/52       1.1     0.125      1.39         0      2.61        15     0.125      0.681      0.724      0.585      0.701       2.32
Train        1.12      0.125       1.62          0       2.86
Val  100/272       52/52      1.09     0.125      1.48         0      2.69        15     0.117      0.654      0.725      0.568      0.688        2.3
Train        1.12      0.127       1.77          0       3.02
Val  101/272       52/52      1.08      0.12      1.38         0      2.58        15     0.141      0.655      0.764      0.602      0.705       2.29
Train        1.18      0.126       1.39          0        2.7
Val  102/272       52/52      1.13     0.124      1.44         0      2.69        15     0.124      0.673      0.722      0.578      0.697       2.33
Train         1.1      0.128       1.57          0        2.8
Val  103/272       52/52       1.1      0.13      1.42         0      2.65        15     0.134       0.69      0.718       0.58      0.704       2.32
Train        1.17      0.117       1.62          0        2.9
Val  104/272       52/52      1.11     0.124      1.48         0      2.71        15     0.166      0.653      0.774      0.627      0.708       2.25
Train         1.2      0.123       1.11          0       2.43
Val  105/272       52/52       1.1     0.121      1.25         0      2.48        14      0.15      0.697      0.742       0.61      0.719        2.3
Train         1.2      0.119       1.36          0       2.68
Val  106/272       52/52      1.14     0.123      1.45         0      2.71        15     0.175      0.658      0.742      0.594      0.697       2.29
Train         1.1      0.125       1.45          0       2.68
Val  107/272       52/52      1.09     0.126      1.52         0      2.73        15     0.166      0.638      0.768      0.612      0.697       2.27
Train        1.22      0.122       1.39          0       2.73
Val  108/272       52/52      1.13     0.126      1.57         0      2.83        15     0.119      0.661      0.733       0.58      0.695       2.28
Train        1.13      0.133       1.82          0       3.09
Val  109/272       52/52       1.1     0.123       1.5         0      2.72        15     0.143      0.656      0.729      0.577      0.691        2.3
Train        1.11      0.126       1.74          0       2.98
Val  110/272       52/52       1.1     0.122      1.74         0      2.96        15     0.138      0.654      0.737      0.579      0.693       2.29
Train        1.11      0.182       1.41          0       2.71
Val  111/272       52/52       1.1     0.143      1.35         0      2.59        14     0.171      0.653      0.772      0.619      0.707       2.28
Train        1.16      0.129       1.31          0        2.6
Val  112/272       52/52      1.17     0.126      1.47         0      2.76        15     0.157       0.68      0.751      0.599      0.714       2.28
Train        1.12      0.119       1.07          0       2.31
Val  113/272       52/52      1.07     0.118      1.26         0      2.44        15     0.131      0.701      0.716      0.585      0.708       2.33
Train        1.17      0.122       1.42          0       2.71
Val  114/272       52/52      1.15     0.121      1.39         0      2.66        15     0.138      0.684      0.764      0.626      0.722       2.28
Train        1.11      0.133        1.5          0       2.75
Val  115/272       52/52       1.1     0.124      1.53         0      2.75        15      0.17      0.686       0.75      0.608      0.716       2.28
Train        1.21      0.157       1.25          0       2.61
Val  116/272       52/52      1.13     0.136      1.48         0      2.74        15     0.125      0.688      0.725       0.58      0.706       2.29
Train        1.09      0.143       1.85          0       3.09
Val  117/272       52/52      1.12     0.134       1.8         0      3.06        15     0.122      0.677      0.685      0.559      0.681       2.34
Train        1.04      0.126       1.59          0       2.75
Val  118/272       52/52      1.06     0.121      1.52         0       2.7        15     0.132      0.683      0.711      0.573      0.696       2.31
Train        1.12      0.124       1.57          0       2.81
Val  119/272       52/52      1.09     0.128      1.51         0      2.73        15     0.134      0.678      0.757      0.613      0.715       2.26
Train        1.13       0.11       1.26          0        2.5
Val  120/272       52/52      1.12     0.114       1.3         0      2.53        15     0.153      0.644      0.759      0.595      0.697       2.26
Train        1.15      0.114       1.23          0        2.5
Val  121/272       52/52      1.08     0.114      1.41         0       2.6        15     0.131      0.668      0.711      0.569      0.689        2.3
Train        1.14      0.134        1.5          0       2.78
Val  122/272       52/52      1.14     0.131      1.24         0      2.52        15     0.155       0.63       0.77      0.611      0.693       2.24
Train        1.15       0.12       1.25          0       2.52
Val  123/272       52/52      1.15     0.124      1.44         0      2.71        15      0.14      0.657       0.77      0.612      0.709       2.24
Train        1.12      0.117       1.39          0       2.63
Val  124/272       52/52      1.08     0.118      1.44         0      2.64        15     0.136      0.645      0.727      0.565      0.684       2.27
Train        1.12      0.122       1.68          0       2.92
Val  125/272       52/52      1.09     0.124      1.61         0      2.83        15     0.143      0.675      0.737      0.588      0.705       2.27
Train        1.08      0.103       1.39          0       2.57
Val  126/272       52/52      1.09     0.106      1.23         0      2.43        15     0.152      0.641      0.764      0.618      0.697       2.26
Train        1.13      0.135       1.32          0       2.59
Val  127/272       52/52      1.07     0.128      1.49         0      2.69        15     0.128      0.641       0.75      0.593      0.691       2.24
Train        1.11      0.107       1.18          0        2.4
Val  128/272       52/52      1.12     0.116      1.32         0      2.55        15     0.144      0.681      0.714      0.573      0.697       2.27
Train        1.12      0.127       1.53          0       2.78
Val  129/272       52/52       1.1     0.132      1.56         0      2.79        15     0.118      0.689      0.701      0.565      0.695       2.32
Train       0.988      0.122       1.77          0       2.88
Val  130/272       52/52     0.991     0.112      1.52         0      2.63        15     0.145       0.67      0.725      0.573      0.696       2.27
Train        1.16      0.109       1.28          0       2.55
Val  131/272       52/52       1.1     0.121      1.39         0      2.61        15     0.135      0.664       0.77      0.615      0.713       2.25
Train        1.17      0.116       1.24          0       2.53
Val  132/272       52/52      1.08     0.116      1.34         0      2.53        15     0.143      0.679      0.718      0.578      0.698       2.29
Train        1.12      0.118       1.58          0       2.82
Val  133/272       52/52      1.09     0.115      1.57         0      2.77        15     0.148      0.638       0.75      0.598      0.689       2.25
Train        1.26      0.119       1.23          0       2.61
Val  134/272       52/52      1.18     0.119      1.37         0      2.67        15     0.153      0.684      0.718       0.58        0.7       2.26
Train        1.17      0.127       1.47          0       2.76
Val  135/272       52/52      1.09     0.133      1.65         0      2.87        15     0.163      0.685      0.725      0.587      0.705       2.27
Train        1.16      0.102       1.29          0       2.55
Val  136/272       52/52      1.12     0.106      1.28         0      2.51        15     0.165      0.657      0.776      0.628      0.711       2.24
Train        1.13      0.114       1.15          0       2.39
Val  137/272       52/52      1.09     0.113       1.2         0      2.41        13     0.145      0.653      0.772      0.609      0.707       2.22
Train        1.14      0.121       1.49          0       2.75
Val  138/272       52/52      1.12     0.122      1.42         0      2.66        15     0.121      0.658      0.729      0.583      0.692       2.23
Train        1.13      0.114       1.66          0       2.91
Val  139/272       52/52      1.14     0.114      1.45         0      2.71        15     0.134      0.653      0.724      0.565      0.687       2.25
Train        1.13      0.117       1.75          0       2.99
Val  140/272       52/52      1.13     0.116      1.44         0      2.68        15     0.164      0.614      0.792      0.609      0.692       2.22
Train        1.21      0.115       1.14          0       2.46
Val  141/272       52/52      1.12     0.112      1.29         0      2.52        15     0.155      0.676      0.733      0.591      0.703       2.24
Train        1.15      0.124       1.41          0       2.68
Val  142/272       52/52      1.07     0.124      1.38         0      2.57        15     0.141      0.677      0.742      0.611      0.708       2.24
Train        1.09      0.109       1.45          0       2.65
Val  143/272       52/52      1.07     0.101       1.3         0      2.47        15     0.159      0.617      0.785      0.615      0.691       2.23
Train        1.16      0.107       1.12          0       2.38
Val  144/272       52/52      1.08     0.116      1.33         0      2.53        14      0.18      0.667      0.729      0.593      0.697       2.25
Train        1.16      0.119       1.22          0        2.5
Val  145/272       52/52      1.12     0.118       1.4         0      2.64        15     0.136      0.673      0.753       0.61      0.711       2.22
Train        1.12      0.113       1.64          0       2.87
Val  146/272       52/52      1.13     0.117      1.64         0      2.88        15     0.117      0.681      0.698      0.563      0.689       2.26
Train        1.11      0.118       1.84          0       3.07
Val  147/272       52/52      1.09     0.122      1.72         0      2.93        15     0.127      0.683      0.692      0.556      0.688       2.31
Train        1.09      0.136       1.83          0       3.06
Val  148/272       52/52      1.09     0.129      1.67         0      2.89        15     0.124      0.679       0.74      0.589      0.708       2.26
Train        1.11      0.115       1.47          0       2.69
Val  149/272       52/52      1.11     0.114      1.34         0      2.56        15     0.162      0.662      0.779      0.632      0.716       2.21
Train        1.19      0.119       1.26          0       2.57
Val  150/272       52/52      1.14     0.116       1.4         0      2.66        15     0.176      0.635      0.753      0.584      0.689       2.22
Train         1.2      0.123       1.15          0       2.47
Val  151/272       52/52      1.11     0.114      1.27         0      2.49        14     0.163      0.643      0.776      0.616      0.703       2.24
Train        1.16      0.115       1.16          0       2.43
Val  152/272       52/52       1.1     0.112      1.36         0      2.57        13     0.132      0.673      0.742      0.593      0.706       2.22
Train        1.07      0.108       1.45          0       2.63
Val  153/272       52/52      1.08     0.107      1.24         0      2.42        15     0.157      0.645      0.774      0.615      0.703        2.2
Train         1.1      0.107        1.3          0        2.5
Val  154/272       52/52      1.06     0.112      1.35         0      2.52        15     0.119      0.664      0.737      0.586      0.698       2.25
Train         1.1      0.136       1.84          0       3.08
Val  155/272       52/52       1.1     0.118      1.46         0      2.69        14     0.152      0.651      0.764      0.605      0.703       2.22
Train        1.11      0.113       1.06          0       2.28
Val  156/272       52/52      1.09     0.112      1.19         0       2.4        15     0.131      0.685      0.731      0.593      0.707       2.24
Train        1.14      0.108       1.24          0       2.49
Val  157/272       52/52      1.11     0.121      1.52         0      2.75        15      0.13      0.687      0.688      0.551      0.688       2.31
Train        1.14      0.126       1.91          0       3.19
Val  158/272       52/52      1.11     0.123      1.67         0      2.91        14     0.141       0.67      0.718       0.58      0.693       2.25
Train        1.06      0.102       1.36          0       2.53
Val  159/272       52/52         1     0.107      1.29         0       2.4        15     0.135      0.633      0.763        0.6      0.692        2.2
Train        1.09      0.111       1.54          0       2.75
Val  160/272       52/52      1.07     0.116      1.51         0      2.69        15     0.164      0.685      0.725       0.58      0.705       2.25
Train        1.22     0.0977      0.994          0       2.31
Val  161/272       52/52      1.12     0.102      1.05         0      2.27        15     0.141      0.675      0.777      0.636      0.722       2.22
Train        1.16      0.109       1.25          0       2.52
Val  162/272       52/52      1.13     0.109      1.11         0      2.35        15      0.13       0.64      0.768      0.618      0.698       2.18
Train        1.14      0.108       1.68          0       2.92
Val  163/272       52/52      1.11     0.115      1.67         0      2.89        15      0.13      0.664      0.701      0.556      0.682       2.29
Train        1.04       0.11       1.71          0       2.86
Val  164/272       52/52      1.02     0.105       1.4         0      2.52        15      0.13       0.66      0.764      0.615      0.709       2.21
Train         1.1      0.108       1.38          0       2.59
Val  165/272       52/52      1.03     0.113      1.31         0      2.46        15      0.15      0.689       0.75      0.611      0.718       2.21
Train        1.05      0.107       1.32          0       2.48
Val  166/272       52/52      1.06     0.112      1.36         0      2.53        15     0.134      0.629      0.787      0.625      0.699        2.2
Train        1.12      0.121       1.35          0       2.58
Val  167/272       52/52      1.04     0.112      1.22         0      2.37        15     0.134      0.663      0.766       0.62      0.711        2.2
Train        1.06      0.105       1.42          0       2.58
Val  168/272       52/52      1.03     0.104      1.28         0      2.41        15     0.148      0.666      0.766      0.621      0.713       2.21
Train        1.07      0.104       1.46          0       2.64
Val  169/272       52/52      1.05     0.105      1.53         0      2.69        15     0.159       0.64      0.768      0.602      0.698        2.2
Train        1.13      0.111       1.13          0       2.38
Val  170/272       52/52      1.09     0.109      1.21         0       2.4        15     0.152      0.648       0.77      0.614      0.704        2.2
Train        1.07      0.113       1.06          0       2.24
Val  171/272       52/52      1.05      0.11      1.16         0      2.33        15     0.128      0.659      0.746      0.601        0.7       2.21
Train        1.07      0.109       1.36          0       2.54
Val  172/272       52/52         1     0.107      1.28         0      2.39        15     0.141       0.66      0.777      0.623      0.714       2.18
Train         1.2        0.1       1.12          0       2.42
Val  173/272       52/52       1.1     0.107      1.14         0      2.35        15     0.164      0.662      0.783      0.636      0.718       2.18
Train        1.16      0.116       1.03          0       2.31
Val  174/272       52/52      1.08     0.113      1.17         0      2.36        15     0.134      0.669       0.75      0.606      0.707       2.19
Train        1.06     0.0931        1.5          0       2.65
Val  175/272       52/52      1.06     0.096      1.26         0      2.42        15     0.131      0.637      0.759      0.596      0.693        2.2
Train        1.11      0.113       1.46          0       2.68
Val  176/272       52/52      1.05     0.113      1.34         0      2.51        15     0.136      0.659      0.737      0.584      0.696       2.22
Train        1.06      0.101       1.42          0       2.59
Val  177/272       52/52      1.07     0.107      1.54         0      2.72        15      0.12      0.694      0.724      0.588      0.708       2.24
Train         1.1      0.121       1.65          0       2.87
Val  178/272       52/52      1.13     0.123      1.51         0      2.76        15     0.153      0.664      0.766      0.632      0.711        2.2
Train        1.07      0.104       1.32          0        2.5
Val  179/272       52/52      1.04     0.114      1.47         0      2.62        15     0.135      0.663      0.768      0.612      0.712       2.22
Train        1.14      0.103       1.18          0       2.41
Val  180/272       52/52      1.09     0.103      1.25         0      2.45        14     0.129      0.653      0.781      0.627      0.711        2.2
Train        1.11      0.115       1.27          0        2.5
Val  181/272       52/52      1.07     0.104       1.2         0      2.37        15     0.141      0.693      0.768      0.645      0.729        2.2
Train       0.994      0.105       1.28          0       2.38
Val  182/272       52/52      1.01     0.105      1.27         0      2.38        15     0.167      0.628      0.777      0.615      0.695       2.18
Train        1.14      0.107      0.979          0       2.22
Val  183/272       52/52      1.08     0.114      1.09         0      2.29        15     0.119      0.666      0.755      0.604      0.708       2.17
Train        1.13      0.117       1.86          0       3.11
Val  184/272       52/52       1.1     0.112      1.55         0      2.76        14     0.135      0.688      0.731      0.598      0.709       2.23
Train        1.08      0.113        1.6          0       2.79
Val  185/272       52/52      1.04     0.113      1.53         0      2.69        15     0.142      0.653      0.783       0.63      0.712       2.16
Train        1.14      0.106        1.2          0       2.45
Val  186/272       52/52      1.07     0.108      1.31         0      2.49        15     0.126      0.652      0.763      0.612      0.703        2.2
Train        1.09      0.115       1.64          0       2.84
Val  187/272       52/52      1.05     0.117      1.54         0       2.7        14     0.134      0.659      0.755      0.604      0.704       2.19
Train        1.15      0.116       1.85          0       3.12
Val  188/272       52/52      1.11     0.111       1.5         0      2.72        15     0.127      0.621      0.785      0.622      0.693       2.18
Train         1.1      0.102       1.21          0       2.41
Val  189/272       52/52      1.01       0.1      1.29         0      2.39        15     0.161      0.675      0.779      0.635      0.724       2.18
Train        1.13      0.101       1.08          0       2.31
Val  190/272       52/52      1.06     0.101      1.15         0      2.31        15     0.162      0.666      0.783      0.632       0.72       2.17
Train        1.05     0.0961       1.09          0       2.24
Val  191/272       52/52     0.997    0.0966      1.14         0      2.23        15     0.131       0.67      0.746      0.605      0.706       2.18
Train        1.03      0.106       1.58          0       2.71
Val  192/272       52/52      1.04     0.113      1.37         0      2.53        15     0.129      0.633      0.777      0.618      0.698       2.15
Train        1.05      0.112        1.5          0       2.66
Val  193/272       52/52      1.03     0.107       1.3         0      2.43        15     0.123      0.683      0.751      0.612      0.716       2.19
Train       0.982      0.118       1.36          0       2.46
Val  194/272       52/52         1     0.113      1.23         0      2.34        15     0.123      0.656      0.777      0.624      0.711       2.18
Train       0.982      0.105       1.65          0       2.74
Val  195/272       52/52         1     0.106      1.31         0      2.42        15     0.165      0.622      0.787      0.623      0.695        2.2
Train        1.13      0.112       1.16          0        2.4
Val  196/272       52/52      1.07     0.115      1.33         0      2.52        15     0.138      0.676       0.74      0.604      0.707        2.2
Train        1.14      0.109       1.43          0       2.68
Val  197/272       52/52      1.08     0.115      1.41         0       2.6        13     0.121      0.662      0.753      0.601      0.705       2.21
Train        1.07      0.107       1.46          0       2.64
Val  198/272       52/52      1.02      0.11      1.33         0      2.45        15     0.134      0.682      0.783      0.646      0.729       2.18
Train        1.11      0.107       1.54          0       2.76
Val  199/272       52/52      1.09     0.105      1.26         0      2.46        15     0.137      0.656      0.792      0.649      0.718       2.21
Train        1.11      0.106       1.19          0        2.4
Val  200/272       52/52      1.09     0.115      1.24         0      2.44        15     0.119      0.676       0.77      0.635       0.72       2.18
Train         1.1       0.11       1.76          0       2.97
Val  201/272       52/52      1.05     0.109      1.39         0      2.55        14      0.13      0.647      0.807      0.649      0.718       2.18
Train        1.14      0.108       1.74          0       2.99
Val  202/272       52/52      1.11     0.113      1.58         0       2.8        14     0.138      0.678      0.729      0.584      0.702       2.21
Train        1.18      0.116       1.39          0       2.69
Val  203/272       52/52      1.09      0.11      1.37         0      2.57        15     0.132      0.659      0.787       0.65      0.717       2.18
Train        1.21      0.108       1.21          0       2.53
Val  204/272       52/52      1.11     0.103      1.18         0      2.39        15     0.167      0.644      0.794      0.648      0.711       2.16
Train        1.13      0.105        1.2          0       2.44
Val  205/272       52/52      1.05     0.107      1.28         0      2.44        15      0.13      0.668      0.761      0.615      0.711       2.19
Train        1.05      0.108       1.49          0       2.65
Val  206/272       52/52      1.02     0.103      1.47         0      2.59        15     0.144      0.686      0.742      0.613      0.713       2.22
Train        1.13      0.102       1.27          0       2.49
Val  207/272       52/52      1.09     0.103      1.26         0      2.45        15     0.152      0.662      0.783      0.638      0.718       2.18
Train        1.12      0.102       1.41          0       2.63
Val  208/272       52/52      1.08     0.102      1.38         0      2.56        14     0.141      0.647      0.794       0.64      0.713       2.17
Train         1.1      0.107       1.43          0       2.64
Val  209/272       52/52      1.11     0.111      1.55         0      2.77        15     0.142      0.666      0.737      0.586        0.7       2.22
Train       0.988        0.1       1.37          0       2.46
Val  210/272       52/52      1.02     0.106       1.4         0      2.52        15     0.124      0.633      0.774      0.618      0.696       2.18
Train        1.11      0.118       1.41          0       2.64
Val  211/272       52/52      1.08     0.113      1.22         0      2.41        15     0.131      0.679      0.753       0.62      0.714       2.19
Train        1.09      0.114        1.8          0          3
Val  212/272       52/52      1.07     0.116       1.6         0      2.79        15     0.163      0.635      0.777      0.615      0.699       2.16
Train        1.15     0.0974       1.35          0        2.6
Val  213/272       52/52      1.09     0.105      1.62         0      2.82        15     0.134      0.683      0.727      0.603      0.704       2.21
Train        1.15      0.109       1.46          0       2.71
Val  214/272       52/52      1.08     0.107      1.35         0      2.54        15     0.155      0.647      0.801       0.65      0.716       2.15
Train        1.22      0.108       1.05          0       2.38
Val  215/272       52/52      1.15     0.111      1.15         0       2.4        15     0.167      0.633      0.798       0.64      0.706       2.16
Train         1.2      0.119       1.22          0       2.54
Val  216/272       52/52      1.11     0.115      1.46         0      2.68        15     0.141      0.699      0.716      0.594      0.708       2.24
Train        1.01      0.103       1.22          0       2.33
Val  217/272       52/52      0.99    0.0997      1.16         0      2.25        15     0.166      0.654      0.798       0.65      0.719       2.17
Train        1.16      0.095       1.12          0       2.38
Val  218/272       52/52      1.09    0.0959      1.23         0      2.42        15     0.134      0.665       0.77      0.628      0.714       2.17
Train         1.1      0.105       1.14          0       2.34
Val  219/272       52/52      1.08     0.107      1.28         0      2.47        15     0.158      0.676      0.776      0.626      0.723       2.17
Train        1.13      0.097       1.11          0       2.34
Val  220/272       52/52      1.06    0.0967      1.19         0      2.34        15     0.164      0.675      0.777      0.633      0.722       2.18
Train        1.12      0.101       1.44          0       2.65
Val  221/272       52/52      1.08     0.104      1.56         0      2.75        15     0.171      0.674      0.757      0.613      0.713       2.18
Train        1.18      0.104       1.26          0       2.54
Val  222/272       52/52      1.09     0.102      1.28         0      2.47        15     0.153      0.645      0.794      0.637      0.712       2.16
Train        1.14     0.0949       1.11          0       2.35
Val  223/272       52/52      1.06    0.0971      1.21         0      2.36        13     0.146      0.672       0.77      0.619      0.717       2.19
Train        1.07     0.0943       1.21          0       2.37
Val  224/272       52/52      1.04     0.104      1.32         0      2.46        15     0.136      0.686      0.711      0.574      0.698       2.21
Train        1.03      0.116       1.75          0       2.89
Val  225/272       52/52      1.02     0.105      1.36         0      2.49        15     0.165      0.641        0.8      0.641      0.712       2.14
Train        1.16      0.103       1.21          0       2.47
Val  226/272       52/52      1.11     0.101      1.16         0      2.38        15     0.123       0.65      0.798      0.646      0.716       2.15
Train        1.04       0.12        1.4          0       2.57
Val  227/272       52/52      1.08     0.108      1.24         0      2.43        15     0.153       0.64       0.79      0.628      0.707       2.16
Train        1.14     0.0888       1.01          0       2.24
Val  228/272       52/52      1.08    0.0946      1.02         0       2.2        15     0.148      0.622      0.805      0.638      0.702       2.15
Train        1.09     0.0979       1.26          0       2.44
Val  229/272       52/52      1.04    0.0971      1.24         0      2.38        15     0.162      0.654      0.792      0.641      0.716       2.16
Train        1.11     0.0924      0.972          0       2.17
Val  230/272       52/52      1.07    0.0974      1.13         0       2.3        15     0.124      0.664      0.774       0.63      0.715       2.17
Train           1      0.105       1.57          0       2.68
Val  231/272       52/52         1     0.103      1.38         0      2.49        15     0.164      0.653      0.785      0.628      0.713       2.16
Train        1.15     0.0996       1.14          0       2.39
Val  232/272       52/52      1.11     0.103      1.27         0      2.48        14     0.173      0.636      0.787      0.627      0.703       2.15
Train        1.09        0.1       1.09          0       2.28
Val  233/272       52/52      1.02    0.0997      1.28         0       2.4        15     0.159      0.678      0.768      0.621       0.72       2.17
Train        1.09      0.103       1.34          0       2.52
Val  234/272       52/52      1.01     0.104      1.38         0      2.49        15     0.124       0.68      0.746      0.604      0.712       2.18
Train           1      0.103       1.56          0       2.67
Val  235/272       52/52      1.02     0.106      1.43         0      2.55        13     0.149      0.653      0.783       0.63      0.712       2.15
Train        1.09      0.105       1.23          0       2.43
Val  236/272       52/52      1.05     0.111      1.33         0      2.49        15     0.133      0.642      0.763      0.604      0.697       2.16
Train        1.02      0.114       1.78          0       2.91
Val  237/272       52/52      1.05      0.11       1.5         0      2.66        14     0.163      0.637        0.8       0.64      0.709       2.15
Train        1.08     0.0978       1.23          0        2.4
Val  238/272       52/52     0.995    0.0993      1.41         0       2.5        15     0.138      0.667      0.764       0.61      0.712       2.18
Train        1.05      0.114       1.26          0       2.42
Val  239/272       52/52      1.03     0.104      1.11         0      2.24        15     0.131      0.626       0.79      0.637      0.699       2.15
Train         1.1     0.0964       1.17          0       2.37
Val  240/272       52/52      1.05       0.1      1.24         0      2.39        15     0.154      0.641      0.783      0.625      0.705       2.16
Train        1.13     0.0965       1.24          0       2.47
Val  241/272       52/52      1.08    0.0943      1.17         0      2.34        15     0.153      0.634        0.8      0.642      0.707       2.15
Train        1.05      0.101       1.22          0       2.38
Val  242/272       52/52      1.05     0.106      1.36         0      2.51        15     0.165       0.68      0.766      0.611      0.721       2.17
Train        1.13     0.0959      0.967          0       2.19
Val  243/272       52/52      1.03    0.0948      1.12         0      2.25        14     0.137      0.665      0.759      0.616      0.709       2.17
Train        1.12     0.0956       1.12          0       2.33
Val  244/272       52/52      1.09     0.101      1.29         0      2.47        15     0.128      0.702      0.725      0.599      0.714       2.23
Train        1.17      0.111       1.63          0       2.91
Val  245/272       52/52      1.14     0.108       1.4         0      2.65        15     0.135      0.642      0.781      0.623      0.705       2.15
Train        1.05      0.104       1.67          0       2.82
Val  246/272       52/52      1.05     0.107      1.54         0       2.7        15     0.169      0.676      0.737      0.598      0.705       2.18
Train         1.2     0.0968       1.18          0       2.49
Val  247/272       52/52      1.13    0.0964      1.27         0      2.49        15     0.173      0.649      0.792      0.637      0.713       2.15
Train        1.07      0.106      0.919          0        2.1
Val  248/272       52/52      1.02     0.104     0.955         0      2.08        15     0.142      0.644      0.794      0.647      0.711       2.15
Train         1.1      0.116       1.33          0       2.55
Val  249/272       52/52      1.07     0.119      1.41         0       2.6        15     0.138      0.704      0.716      0.591       0.71       2.22
Train        1.12      0.111       1.61          0       2.84
Val  250/272       52/52      1.07     0.114      1.36         0      2.54        14     0.138      0.642       0.79      0.632      0.708       2.15
Train        1.06      0.102       1.02          0       2.18
Val  251/272       52/52      1.03     0.102      1.07         0      2.21        15     0.135      0.656       0.77      0.615      0.708       2.16
Train        1.09      0.111       1.82          0       3.02
Val  252/272       52/52      1.09      0.11      1.59         0      2.79        15     0.141      0.671      0.772      0.616      0.718       2.17
Train           1     0.0984       1.33          0       2.43
Val  253/272       52/52      1.01     0.104      1.27         0      2.38        15     0.143      0.643      0.779      0.619      0.705       2.15
Train        1.03      0.091       1.33          0       2.46
Val  254/272       52/52         1    0.0971      1.19         0      2.29        15     0.161      0.644       0.79       0.64       0.71       2.14
Train        1.12     0.0929       1.02          0       2.23
Val  255/272       52/52      1.05    0.0942      1.25         0      2.39        15     0.151      0.696      0.738      0.608      0.716       2.19
Train        1.12      0.104       1.43          0       2.65
Val  256/272       52/52      1.09     0.109      1.42         0      2.62        15     0.138      0.676      0.751      0.611      0.712       2.18
Train        1.05      0.102       1.44          0       2.59
Val  257/272       52/52      1.03     0.103      1.33         0      2.47        15     0.118      0.651      0.774      0.618      0.707       2.16
Train        1.01      0.111        1.7          0       2.82
Val  258/272       52/52     0.996     0.104      1.42         0      2.52        15     0.132      0.668      0.753      0.609      0.708       2.18
Train        1.02      0.106       1.42          0       2.55
Val  259/272       52/52      0.99     0.105      1.39         0      2.48        15     0.129      0.695      0.738      0.603      0.716       2.19
Train        1.01      0.113       1.59          0       2.72
Val  260/272       52/52      1.03     0.109      1.43         0      2.57        15      0.15      0.656       0.79      0.639      0.717       2.14
Train        1.09     0.0966       1.53          0       2.71
Val  261/272       52/52      1.05     0.102      1.64         0      2.79        15     0.165      0.696      0.738      0.611      0.716       2.19
Train        1.06     0.0922      0.983          0       2.13
Val  262/272       52/52      1.07    0.0952     0.972         0      2.13        15     0.169      0.639        0.8      0.657      0.711       2.14
Train        1.14      0.114       1.12          0       2.37
Val  263/272       52/52       1.1     0.113      1.08         0      2.29        14      0.13      0.636      0.796      0.638      0.707       2.15
Train        1.14     0.0984       1.29          0       2.53
Val  264/272       52/52      1.06    0.0976      1.27         0      2.43        15     0.134      0.677      0.759      0.617      0.716       2.18
Train        1.09      0.112       1.47          0       2.67
Val  265/272       52/52      1.06     0.107      1.51         0      2.68        15     0.137      0.677      0.727      0.581      0.701        2.2
Train        1.07     0.0984       1.44          0       2.61
Val  266/272       52/52      1.04    0.0971      1.24         0      2.39        15     0.132       0.65      0.785      0.636      0.711       2.15
Train        1.04      0.107       1.39          0       2.53
Val  267/272       52/52      1.06     0.103      1.27         0      2.44        14      0.14      0.666      0.772      0.622      0.715       2.17
Train        1.08      0.105       1.67          0       2.85
Val  268/272       52/52      1.04     0.106      1.39         0      2.54        15     0.163      0.641      0.787      0.635      0.707       2.14
Train        1.11       0.09       1.02          0       2.21
Val  269/272       52/52      1.04    0.0964      1.21         0      2.35        15     0.136       0.68      0.761      0.617      0.718       2.19
Train        1.09     0.0958       1.26          0       2.45
Val  270/272       52/52      1.06    0.0994      1.31         0      2.46        14     0.127      0.657      0.753        0.6      0.702       2.17
Train        1.08       0.11       1.59          0       2.79
Val  271/272       52/52      1.05     0.102      1.18         0      2.33        14     0.134      0.644      0.783      0.626      0.707       2.15
Train        1.12     0.0992       1.39          0       2.61
Val  272/272       52/52       1.1     0.108       1.4         0      2.61        15     0.165      0.662      0.785      0.623      0.718       2.16
