Train        1.45       0.75         26          0       28.2
Val    0/272   7379/7379      1.01     0.343      7.09         0      8.44        12     0.228      0.473      0.618      0.383      0.536       1.33
Train       0.691      0.145      0.726          0       1.56
Val    1/272   7379/7379     0.677     0.139     0.718         0      1.53        15     0.223      0.489      0.719      0.468      0.582       1.19
Train        0.65      0.131      0.683          0       1.46
Val    2/272   7379/7379     0.642     0.128     0.675         0      1.45        16     0.261      0.495      0.764      0.516      0.601       1.15
Train       0.629      0.125      0.685          0       1.44
Val    3/272   7379/7379     0.629     0.123     0.688         0      1.44        12     0.184        0.5      0.761      0.514      0.603       1.15
Train        0.62      0.122      0.673          0       1.42
Val    4/272   7379/7379     0.615      0.12     0.663         0       1.4        14     0.229      0.503      0.791      0.547      0.615        1.1
Train       0.612      0.118      0.657          0       1.39
Val    5/272   7379/7379     0.608     0.117     0.658         0      1.38        14      0.19      0.509      0.784      0.547      0.617       1.09
Train       0.603      0.117      0.678          0        1.4
Val    6/272   7379/7379       0.6     0.116     0.659         0      1.37        11     0.204      0.507      0.802      0.565      0.621       1.08
Train       0.598      0.114      0.627          0       1.34
Val    7/272   7379/7379     0.593     0.113     0.636         0      1.34        10     0.205      0.509      0.804      0.569      0.623       1.07
Train       0.593      0.114       0.65          0       1.36
Val    8/272   7379/7379     0.589     0.113     0.639         0      1.34        16     0.227       0.52       0.81      0.588      0.634       1.04
Train       0.587      0.112      0.628          0       1.33
Val    9/272   7379/7379     0.589     0.112     0.641         0      1.34        11     0.204      0.508      0.815      0.583      0.626       1.06
Train       0.587      0.113      0.614          0       1.31
Val   10/272   7379/7379     0.587     0.112     0.628         0      1.33        15     0.277      0.518      0.817      0.595      0.634       1.04
Train       0.586      0.112      0.642          0       1.34
Val   11/272   7379/7379     0.582     0.111     0.629         0      1.32        15     0.205      0.512       0.82      0.594      0.631       1.05
Train        0.58      0.111      0.637          0       1.33
Val   12/272   7379/7379     0.578      0.11      0.64         0      1.33        15     0.227      0.517      0.822      0.601      0.634       1.04
Train       0.579       0.11      0.619          0       1.31
Val   13/272   7379/7379     0.579      0.11     0.629         0      1.32        16     0.256      0.518      0.828      0.612      0.638       1.02
Train        0.58       0.11      0.624          0       1.31
Val   14/272   7379/7379     0.576     0.109      0.62         0      1.31        16     0.264      0.525      0.824      0.613      0.641       1.03
Train       0.576      0.111      0.629          0       1.32
Val   15/272   7379/7379     0.577      0.11     0.628         0      1.31        15       0.2      0.509      0.829      0.605      0.631       1.08
Train       0.577      0.111      0.617          0        1.3
Val   16/272   7379/7379     0.574     0.109     0.618         0       1.3        15     0.262      0.528      0.827      0.618      0.645       1.02
Train       0.574       0.11      0.631          0       1.32
Val   17/272   7379/7379     0.574     0.109     0.626         0      1.31        12     0.206       0.51      0.839      0.618      0.635       1.04
Train       0.569      0.108      0.619          0        1.3
Val   18/272   7379/7379      0.57     0.108     0.624         0       1.3        16     0.258      0.523      0.832      0.623      0.642       1.01
Train        0.57      0.109      0.623          0        1.3
Val   19/272   7379/7379     0.568     0.108     0.627         0       1.3         8     0.182      0.516      0.837      0.621      0.638       1.04
Train       0.569      0.107      0.622          0        1.3
Val   20/272   7379/7379      0.57     0.108     0.627         0       1.3        13     0.199      0.509      0.841      0.625      0.634       1.03
Train       0.568       0.11       0.63          0       1.31
Val   21/272   7379/7379     0.565     0.108     0.623         0       1.3        15     0.206      0.507      0.842      0.622      0.633       1.06
Train       0.571      0.108      0.615          0       1.29
Val   22/272   7379/7379     0.568     0.108     0.618         0      1.29        13     0.226      0.525      0.841      0.637      0.646       1.02
Train       0.571       0.11      0.625          0       1.31
Val   23/272   7379/7379      0.57     0.108     0.618         0       1.3        16     0.216      0.519      0.844      0.634      0.643       1.02
Train       0.564      0.107      0.613          0       1.28
Val   24/272   7379/7379     0.566     0.107     0.613         0      1.29        15     0.217      0.524      0.845       0.64      0.647          1
Train       0.564      0.107      0.621          0       1.29
Val   25/272   7379/7379     0.563     0.107      0.62         0      1.29        14     0.275      0.538      0.837      0.642      0.655      0.998
Train       0.559      0.108       0.62          0       1.29
Val   26/272   7379/7379      0.56     0.107     0.619         0      1.29        17     0.256      0.534      0.842      0.644      0.654          1
Train       0.558      0.106      0.611          0       1.28
Val   27/272   7379/7379     0.558     0.106     0.615         0      1.28        15     0.232       0.53      0.843      0.643      0.651          1
Train       0.563      0.108      0.609          0       1.28
Val   28/272   7379/7379     0.562     0.107     0.617         0      1.29        14     0.229      0.527      0.847      0.648       0.65       1.01
Train        0.56      0.107      0.618          0       1.28
Val   29/272   7379/7379      0.56     0.106     0.606         0      1.27        11     0.184      0.521      0.848      0.642      0.645       1.02
Train       0.564      0.107      0.616          0       1.29
Val   30/272   7379/7379     0.563     0.106     0.613         0      1.28        15      0.26      0.527      0.852      0.652      0.651      0.994
Train       0.556      0.107      0.604          0       1.27
Val   31/272   7379/7379     0.557     0.106     0.607         0      1.27        16     0.263      0.536      0.844      0.648      0.656       0.99
Train       0.562      0.108      0.615          0       1.29
Val   32/272   7379/7379     0.561     0.107     0.611         0      1.28        14     0.227      0.529      0.847      0.651      0.651      0.993
Train       0.563      0.107      0.624          0       1.29
Val   33/272   7379/7379     0.558     0.106     0.614         0      1.28        11     0.184      0.523      0.852      0.649      0.648       1.01
Train       0.557      0.106       0.61          0       1.27
Val   34/272   7379/7379     0.557     0.105     0.611         0      1.27        16     0.229      0.538      0.846      0.656      0.658      0.992
Train       0.557      0.106      0.608          0       1.27
Val   35/272   7379/7379     0.556     0.105     0.599         0      1.26        12     0.202      0.527      0.852      0.655      0.651      0.999
Train       0.558      0.107      0.619          0       1.28
Val   36/272   7379/7379     0.558     0.106     0.618         0      1.28        13     0.206       0.51      0.859       0.65       0.64       1.02
Train        0.55      0.105      0.589          0       1.24
Val   37/272   7379/7379      0.55     0.105     0.597         0      1.25        16     0.259      0.538      0.853      0.665       0.66      0.985
Train       0.558      0.107      0.622          0       1.29
Val   38/272   7379/7379     0.555     0.106     0.621         0      1.28        11     0.185      0.527      0.856      0.656      0.652       1.02
Train       0.559      0.106      0.608          0       1.27
Val   39/272   7379/7379     0.557     0.105     0.604         0      1.27        15     0.273      0.537      0.854      0.665      0.659      0.977
Train       0.553      0.105      0.615          0       1.27
Val   40/272   7379/7379     0.555     0.105     0.613         0      1.27        12     0.201      0.509      0.862      0.653       0.64       1.05
Train       0.554      0.105      0.609          0       1.27
Val   41/272   7379/7379     0.555     0.105     0.604         0      1.26        16     0.234      0.537      0.856      0.667       0.66      0.982
Train       0.561      0.107      0.618          0       1.29
Val   42/272   7379/7379     0.559     0.105      0.61         0      1.27        16      0.23       0.54      0.854      0.667      0.662      0.981
Train       0.551      0.105      0.606          0       1.26
Val   43/272   7379/7379     0.553     0.105     0.607         0      1.26        15     0.265      0.541      0.854      0.669      0.662      0.972
Train       0.551      0.105        0.6          0       1.26
Val   44/272   7379/7379     0.551     0.105     0.602         0      1.26        11     0.201      0.524      0.862      0.665      0.652      0.999
Train       0.554      0.106      0.614          0       1.27
Val   45/272   7379/7379     0.555     0.106     0.611         0      1.27        11     0.201      0.517      0.863       0.66      0.647       1.02
Train        0.55      0.105      0.588          0       1.24
Val   46/272   7379/7379     0.551     0.105     0.598         0      1.25        13     0.183      0.525       0.86      0.664      0.652       1.02
Train       0.547      0.105      0.602          0       1.25
Val   47/272   7379/7379     0.547     0.104     0.594         0      1.25        11     0.186      0.527      0.861      0.666      0.654          1
Train       0.553      0.106      0.597          0       1.26
Val   48/272   7379/7379     0.552     0.105     0.597         0      1.25        15     0.274      0.548      0.855      0.675      0.668      0.971
Train       0.553      0.106      0.614          0       1.27
Val   49/272   7379/7379      0.55     0.104     0.609         0      1.26        14     0.236       0.53      0.862      0.672      0.656      0.983
Train       0.547      0.105      0.603          0       1.26
Val   50/272   7379/7379     0.548     0.105     0.608         0      1.26        12     0.262      0.542      0.855       0.67      0.663      0.989
Train       0.549      0.105      0.609          0       1.26
Val   51/272   7379/7379     0.549     0.104     0.611         0      1.26        11     0.263      0.547      0.855      0.675      0.667       0.97
Train       0.556      0.106      0.617          0       1.28
Val   52/272   7379/7379     0.551     0.104     0.614         0      1.27        16     0.227      0.527      0.863      0.671      0.654      0.988
Train        0.55      0.105      0.604          0       1.26
Val   53/272   7379/7379     0.551     0.105      0.61         0      1.27        13     0.206      0.517       0.87      0.671      0.648      0.996
Train       0.553      0.106        0.6          0       1.26
Val   54/272   7379/7379      0.55     0.105     0.602         0      1.26        11     0.205      0.525      0.864       0.67      0.653      0.995
Train       0.547      0.104      0.603          0       1.25
Val   55/272   7379/7379     0.547     0.104     0.603         0      1.25        16     0.272      0.551      0.859      0.685      0.672      0.966
Train       0.548      0.105      0.601          0       1.25
Val   56/272   7379/7379      0.55     0.104     0.596         0      1.25        14     0.214      0.545      0.857      0.678      0.666      0.977
Train       0.551      0.106      0.619          0       1.28
Val   57/272   7379/7379     0.549     0.104     0.605         0      1.26        13     0.215       0.53      0.866      0.676      0.658       0.99
Train       0.546      0.105      0.603          0       1.25
Val   58/272   7379/7379     0.543     0.104     0.599         0      1.25        11     0.186      0.519      0.869      0.674       0.65       1.01
Train       0.548      0.104      0.597          0       1.25
Val   59/272   7379/7379     0.547     0.104     0.607         0      1.26        13     0.186       0.52      0.868      0.672       0.65       1.01
Train       0.547      0.105      0.593          0       1.25
Val   60/272   7379/7379     0.546     0.104     0.597         0      1.25        15     0.207      0.518       0.87      0.676       0.65       1.01
Train       0.549      0.105      0.611          0       1.27
Val   61/272   7379/7379     0.548     0.104     0.611         0      1.26        15     0.264      0.544       0.86       0.68      0.667      0.985
Train       0.546      0.105      0.597          0       1.25
Val   62/272   7379/7379     0.547     0.104     0.602         0      1.25        17     0.231      0.532      0.869      0.682       0.66      0.976
Train        0.55      0.104      0.598          0       1.25
Val   63/272   7379/7379     0.546     0.104       0.6         0      1.25        14      0.26      0.546      0.862      0.686      0.669      0.971
Train       0.553      0.105      0.606          0       1.26
Val   64/272   7379/7379     0.549     0.104     0.606         0      1.26        17     0.258      0.544      0.865      0.685      0.668      0.973
Train       0.545      0.105        0.6          0       1.25
Val   65/272   7379/7379     0.542     0.104     0.602         0      1.25        10     0.184      0.533      0.864      0.679       0.66          1
Train       0.549      0.105      0.609          0       1.26
Val   66/272   7379/7379     0.545     0.104     0.601         0      1.25        15     0.233      0.552      0.862      0.687      0.673      0.973
Train       0.539      0.105      0.598          0       1.24
Val   67/272   7379/7379      0.54     0.105       0.6         0      1.25        14     0.221      0.527      0.872      0.685      0.657      0.983
Train       0.541      0.103      0.588          0       1.23
Val   68/272   7379/7379     0.543     0.103     0.598         0      1.24        13     0.204      0.529      0.869       0.68      0.657       0.99
Train       0.546      0.105      0.608          0       1.26
Val   69/272   7379/7379     0.548     0.104     0.599         0      1.25        11     0.184      0.533       0.87      0.684      0.661      0.987
Train       0.543      0.103      0.594          0       1.24
Val   70/272   7379/7379     0.542     0.103      0.59         0      1.23        11     0.219      0.535      0.871      0.686      0.663      0.976
Train       0.544      0.104      0.598          0       1.25
Val   71/272   7379/7379     0.546     0.104     0.596         0      1.25        12     0.186      0.521      0.871      0.679      0.652       1.01
Train        0.54      0.104      0.598          0       1.24
Val   72/272   7379/7379     0.544     0.104     0.599         0      1.25        17     0.227      0.546      0.867      0.692       0.67      0.972
Train       0.542      0.104      0.598          0       1.24
Val   73/272   7379/7379     0.542     0.103     0.598         0      1.24        11     0.183      0.534      0.873      0.687      0.662      0.995
Train       0.547      0.104      0.588          0       1.24
Val   74/272   7379/7379     0.545     0.103     0.591         0      1.24        17      0.28      0.548      0.867      0.693      0.671      0.956
Train       0.541      0.103      0.596          0       1.24
Val   75/272   7379/7379      0.54     0.103     0.595         0      1.24        15     0.216      0.526      0.876      0.689      0.657      0.981
Train       0.543      0.103      0.601          0       1.25
Val   76/272   7379/7379     0.544     0.103     0.599         0      1.25        16     0.258      0.551      0.868      0.696      0.674      0.977
Train       0.546      0.105      0.604          0       1.25
Val   77/272   7379/7379     0.545     0.104     0.605         0      1.25        13     0.206      0.527      0.872      0.683      0.657      0.994
Train       0.542      0.103      0.605          0       1.25
Val   78/272   7379/7379     0.542     0.103     0.607         0      1.25        13     0.221      0.527      0.876      0.687      0.658      0.987
Train       0.543      0.105      0.601          0       1.25
Val   79/272   7379/7379     0.544     0.104     0.598         0      1.25        13     0.203      0.537      0.874      0.693      0.665      0.979
Train       0.543      0.103        0.6          0       1.25
Val   80/272   7379/7379     0.543     0.103     0.601         0      1.25        17     0.279      0.558      0.871      0.706       0.68      0.954
Train       0.541      0.103      0.597          0       1.24
Val   81/272   7379/7379     0.541     0.103     0.598         0      1.24        15      0.23      0.549       0.87      0.697      0.673      0.981
Train       0.539      0.103      0.589          0       1.23
Val   82/272   7379/7379     0.539     0.103     0.586         0      1.23        12     0.216       0.54      0.875      0.694      0.667      0.977
Train       0.539      0.103      0.582          0       1.22
Val   83/272   7379/7379     0.539     0.102     0.587         0      1.23        17     0.211      0.534      0.875      0.695      0.663      0.981
Train       0.544      0.105      0.616          0       1.26
Val   84/272   7379/7379     0.543     0.104     0.606         0      1.25        14     0.235      0.519      0.879      0.688      0.652      0.985
Train       0.545      0.104      0.597          0       1.25
Val   85/272   7379/7379     0.543     0.103     0.592         0      1.24        12     0.223      0.552      0.874      0.704      0.677      0.958
Train       0.542      0.103      0.594          0       1.24
Val   86/272   7379/7379      0.54     0.102     0.597         0      1.24        17     0.234      0.538      0.876      0.697      0.667      0.974
Train       0.541      0.102      0.582          0       1.23
Val   87/272   7379/7379     0.542     0.102     0.587         0      1.23        16     0.233      0.547      0.873      0.702      0.672      0.968
Train       0.542      0.102      0.606          0       1.25
Val   88/272   7379/7379     0.541     0.102     0.602         0      1.25        13     0.239      0.547      0.872      0.697      0.672      0.995
Train        0.54      0.103      0.598          0       1.24
Val   89/272   7379/7379     0.542     0.103     0.602         0      1.25        14     0.231      0.533      0.878      0.696      0.663      0.981
Train       0.535      0.104      0.594          0       1.23
Val   90/272   7379/7379     0.535     0.102     0.591         0      1.23        10     0.227      0.543      0.874      0.698       0.67      0.973
Train       0.539      0.102      0.577          0       1.22
Val   91/272   7379/7379     0.539     0.102     0.581         0      1.22        16     0.241      0.555      0.872      0.708      0.678      0.958
Train       0.536      0.103      0.577          0       1.22
Val   92/272   7379/7379     0.536     0.103     0.587         0      1.23         9     0.185      0.538      0.879      0.699      0.667      0.981
Train       0.539      0.104      0.597          0       1.24
Val   93/272   7379/7379     0.539     0.103     0.597         0      1.24        17     0.259      0.565      0.872      0.714      0.686      0.949
Train       0.542      0.104      0.597          0       1.24
Val   94/272   7379/7379     0.539     0.103     0.596         0      1.24        14     0.265      0.559      0.873      0.709      0.682       0.95
Train       0.541      0.103      0.583          0       1.23
Val   95/272   7379/7379     0.537     0.102     0.586         0      1.23         9     0.191      0.536      0.876      0.697      0.665      0.985
Train       0.534      0.103      0.592          0       1.23
Val   96/272   7379/7379     0.537     0.103     0.597         0      1.24        12      0.19      0.528      0.878      0.694       0.66      0.993
Train       0.538      0.104      0.588          0       1.23
Val   97/272   7379/7379     0.539     0.103      0.59         0      1.23        14     0.243      0.549      0.874      0.704      0.674      0.967
Train       0.535      0.102      0.586          0       1.22
Val   98/272   7379/7379     0.535     0.102     0.597         0      1.23        14     0.217      0.529       0.88      0.696      0.661      0.985
Train       0.536      0.103      0.598          0       1.24
Val   99/272   7379/7379      0.54     0.103     0.598         0      1.24        14     0.268      0.562      0.872      0.715      0.684      0.956
Train       0.542      0.103      0.604          0       1.25
Val  100/272   7379/7379     0.541     0.103     0.604         0      1.25        16     0.279      0.557      0.878      0.715      0.682      0.964
Train        0.54      0.104      0.592          0       1.24
Val  101/272   7379/7379     0.537     0.102     0.596         0      1.24        12     0.213      0.539      0.879      0.704      0.668      0.971
Train        0.54      0.104      0.602          0       1.25
Val  102/272   7379/7379     0.538     0.103     0.594         0      1.23        14     0.245      0.546       0.88      0.713      0.674      0.967
Train       0.539      0.103      0.586          0       1.23
Val  103/272   7379/7379      0.54     0.102     0.599         0      1.24        14     0.274      0.543      0.877      0.705      0.671      0.975
Train       0.536      0.103      0.589          0       1.23
Val  104/272   7379/7379     0.533     0.103     0.588         0      1.22        13     0.232      0.534      0.882      0.709      0.665      0.984
Train       0.536      0.103        0.6          0       1.24
Val  105/272   7379/7379     0.537     0.102     0.596         0      1.24        14     0.237      0.544      0.881      0.712      0.673      0.964
Train       0.537      0.103      0.592          0       1.23
Val  106/272   7379/7379     0.537     0.103     0.588         0      1.23        16     0.269       0.56      0.878      0.717      0.683      0.961
Train       0.538      0.103      0.584          0       1.22
Val  107/272   7379/7379     0.537     0.102     0.587         0      1.23        13     0.195      0.536      0.882      0.706      0.666      0.977
Train       0.537      0.104      0.602          0       1.24
Val  108/272   7379/7379     0.537     0.103     0.599         0      1.24        15     0.208      0.537      0.882      0.709      0.668      0.988
Train       0.537      0.104        0.6          0       1.24
Val  109/272   7379/7379     0.535     0.102       0.6         0      1.24        13     0.254      0.545      0.878      0.709      0.672      0.958
Train       0.537      0.102       0.59          0       1.23
Val  110/272   7379/7379     0.536     0.102     0.597         0      1.23        12     0.224      0.544       0.88      0.713      0.673      0.964
Train       0.538      0.103      0.584          0       1.22
Val  111/272   7379/7379     0.535     0.102     0.589         0      1.23        15     0.285      0.561      0.878      0.722      0.684      0.944
Train       0.535      0.104      0.591          0       1.23
Val  112/272   7379/7379     0.534     0.102     0.582         0      1.22        14     0.243       0.56      0.877      0.719      0.683      0.954
Train       0.536      0.102      0.587          0       1.22
Val  113/272   7379/7379     0.536     0.102     0.596         0      1.23        14     0.218      0.527      0.886      0.708      0.661      0.971
Train       0.539      0.103       0.59          0       1.23
Val  114/272   7379/7379     0.536     0.102     0.597         0      1.24        14     0.207      0.522      0.885        0.7      0.656      0.993
Train       0.537      0.103      0.593          0       1.23
Val  115/272   7379/7379     0.535     0.102     0.596         0      1.23        16     0.258      0.545      0.881      0.713      0.673       0.98
Train       0.531      0.103      0.591          0       1.23
Val  116/272   7379/7379     0.535     0.103     0.592         0      1.23        15     0.264      0.557      0.878      0.717      0.682      0.954
Train       0.536      0.103      0.597          0       1.24
Val  117/272   7379/7379     0.533     0.102     0.595         0      1.23        13     0.194       0.53      0.884      0.706      0.663      0.989
Train       0.533      0.102       0.59          0       1.22
Val  118/272   7379/7379     0.532     0.101     0.589         0      1.22        15     0.232      0.558      0.878      0.719      0.683      0.961
Train        0.53      0.101      0.588          0       1.22
Val  119/272   7379/7379     0.534     0.102     0.595         0      1.23        12     0.204      0.523      0.885      0.704      0.658      0.995
Train       0.533      0.103      0.606          0       1.24
Val  120/272   7379/7379     0.533     0.102     0.595         0      1.23        14     0.259      0.548      0.884      0.724      0.677      0.954
Train       0.539      0.102      0.593          0       1.23
Val  121/272   7379/7379     0.536     0.102     0.589         0      1.23        14     0.219      0.529      0.885      0.708      0.662      0.985
Train       0.536      0.105      0.618          0       1.26
Val  122/272   7379/7379     0.533     0.103     0.599         0      1.23        16     0.226      0.549      0.883       0.72      0.677       0.96
Train       0.531      0.102      0.577          0       1.21
Val  123/272   7379/7379     0.531     0.102     0.588         0      1.22        15     0.217      0.545      0.884       0.72      0.674       0.95
Train       0.532      0.103      0.594          0       1.23
Val  124/272   7379/7379      0.53     0.102     0.598         0      1.23        12     0.182      0.534      0.883      0.709      0.666      0.986
Train       0.534      0.103      0.596          0       1.23
Val  125/272   7379/7379     0.532     0.102     0.591         0      1.23        16     0.219      0.542      0.886      0.721      0.673      0.969
Train       0.536      0.103        0.6          0       1.24
Val  126/272   7379/7379     0.533     0.101     0.594         0      1.23        11     0.205      0.531      0.886       0.71      0.664      0.987
Train        0.53      0.102      0.579          0       1.21
Val  127/272   7379/7379     0.531     0.102      0.59         0      1.22        17     0.234      0.558      0.881      0.724      0.683      0.959
Train       0.533      0.103      0.592          0       1.23
Val  128/272   7379/7379     0.533     0.102     0.593         0      1.23        11     0.199      0.532      0.888      0.714      0.665          1
Train       0.529      0.101      0.592          0       1.22
Val  129/272   7379/7379      0.53     0.101     0.592         0      1.22        17     0.232      0.558      0.881      0.726      0.684      0.951
Train       0.534      0.101      0.592          0       1.23
Val  130/272   7379/7379     0.535     0.101     0.587         0      1.22        14     0.204      0.538      0.887       0.72      0.669      0.972
Train       0.532      0.103        0.6          0       1.23
Val  131/272   7379/7379     0.531     0.102     0.594         0      1.23        13     0.262      0.557      0.881      0.726      0.683      0.948
Train       0.529      0.101      0.569          0        1.2
Val  132/272   7379/7379      0.53     0.101     0.585         0      1.22        16      0.24      0.555      0.882      0.728      0.681      0.958
Train       0.531      0.103      0.595          0       1.23
Val  133/272   7379/7379     0.531     0.102     0.595         0      1.23        16     0.257       0.56      0.881      0.726      0.685      0.955
Train        0.53      0.102      0.585          0       1.22
Val  134/272   7379/7379     0.528     0.101     0.582         0      1.21        16     0.277       0.56      0.884      0.731      0.685      0.946
Train       0.529      0.102      0.588          0       1.22
Val  135/272   7379/7379     0.532     0.102     0.589         0      1.22        13     0.206      0.545      0.886      0.725      0.675      0.967
Train       0.535      0.104      0.606          0       1.25
Val  136/272   7379/7379     0.531     0.102     0.602         0      1.24        15     0.234      0.562      0.882       0.73      0.687      0.947
Train       0.524      0.102       0.59          0       1.22
Val  137/272   7379/7379     0.527     0.101     0.594         0      1.22        16     0.215      0.545      0.887      0.726      0.675      0.957
Train       0.529      0.104      0.591          0       1.22
Val  138/272   7379/7379     0.532     0.102     0.596         0      1.23        15     0.278      0.564       0.88       0.73      0.687      0.959
Train        0.53      0.101      0.582          0       1.21
Val  139/272   7379/7379     0.528       0.1     0.581         0      1.21        16     0.239      0.556      0.886       0.73      0.683      0.952
Train       0.531      0.103      0.598          0       1.23
Val  140/272   7379/7379     0.531     0.102     0.598         0      1.23        15     0.259      0.557      0.882      0.728      0.682      0.967
Train       0.531      0.101      0.578          0       1.21
Val  141/272   7379/7379     0.529     0.101     0.581         0      1.21        14     0.235      0.551      0.887      0.731       0.68      0.946
Train       0.525      0.101      0.593          0       1.22
Val  142/272   7379/7379     0.526     0.101     0.591         0      1.22        16     0.214      0.537      0.886      0.721      0.669      0.965
Train       0.525      0.101      0.575          0        1.2
Val  143/272   7379/7379     0.531     0.101     0.583         0      1.22        13      0.26      0.559      0.885      0.735      0.685      0.945
Train       0.524      0.101      0.591          0       1.22
Val  144/272   7379/7379     0.524     0.101     0.591         0      1.22        16     0.213      0.551      0.886      0.729      0.679      0.951
Train       0.529      0.102      0.593          0       1.22
Val  145/272   7379/7379     0.529     0.102     0.594         0      1.22        15     0.233      0.553      0.888      0.732      0.682      0.951
Train       0.529      0.102       0.59          0       1.22
Val  146/272   7379/7379     0.527     0.102      0.59         0      1.22        16      0.26      0.565      0.884      0.737       0.69      0.949
Train       0.529      0.102      0.605          0       1.24
Val  147/272   7379/7379     0.528     0.101     0.596         0      1.22        14     0.218      0.545      0.885      0.724      0.675      0.958
Train       0.526      0.101       0.58          0       1.21
Val  148/272   7379/7379     0.527     0.101     0.584         0      1.21        12      0.22      0.535      0.888      0.724      0.668      0.979
Train       0.532      0.102      0.611          0       1.25
Val  149/272   7379/7379      0.53     0.101     0.591         0      1.22        12     0.218      0.543      0.887      0.726      0.673       0.97
Train       0.527      0.102      0.588          0       1.22
Val  150/272   7379/7379     0.529     0.101     0.588         0      1.22        14     0.216      0.544      0.887       0.73      0.675      0.962
Train       0.525      0.101      0.579          0        1.2
Val  151/272   7379/7379     0.526     0.101     0.587         0      1.21        15     0.227      0.553      0.888      0.736      0.682      0.954
Train       0.527      0.101      0.581          0       1.21
Val  152/272   7379/7379     0.526     0.101     0.583         0      1.21        14      0.23      0.559      0.886      0.738      0.685      0.944
Train       0.525      0.103      0.589          0       1.22
Val  153/272   7379/7379     0.525     0.101     0.581         0      1.21        11     0.203      0.534      0.888      0.722      0.667      0.992
Train       0.529      0.102      0.586          0       1.22
Val  154/272   7379/7379     0.527     0.101     0.592         0      1.22        15      0.26      0.564      0.881      0.736      0.688      0.947
Train       0.532      0.103      0.582          0       1.22
Val  155/272   7379/7379      0.53     0.102     0.586         0      1.22        15     0.218      0.538      0.894      0.735      0.672      0.963
Train       0.526      0.102      0.596          0       1.22
Val  156/272   7379/7379     0.525     0.102     0.597         0      1.22        14      0.22      0.547      0.888      0.733      0.677      0.951
Train        0.53      0.103      0.591          0       1.22
Val  157/272   7379/7379     0.528     0.101     0.587         0      1.22        15     0.216       0.54      0.892      0.731      0.673      0.977
Train       0.527      0.102      0.595          0       1.22
Val  158/272   7379/7379     0.524     0.101     0.588         0      1.21        14     0.256      0.561      0.888       0.74      0.688      0.958
Train       0.529      0.102      0.592          0       1.22
Val  159/272   7379/7379     0.529     0.101     0.588         0      1.22        15     0.219      0.552      0.888      0.735      0.681      0.951
Train       0.525      0.101      0.586          0       1.21
Val  160/272   7379/7379     0.526     0.101     0.586         0      1.21        16     0.255      0.563      0.886      0.741      0.689      0.938
Train        0.53      0.101      0.577          0       1.21
Val  161/272   7379/7379     0.528     0.101     0.584         0      1.21        13     0.241      0.545      0.891      0.735      0.677      0.962
Train       0.526      0.101      0.594          0       1.22
Val  162/272   7379/7379     0.526     0.101     0.593         0      1.22        15     0.228      0.552      0.888      0.735      0.681      0.949
Train       0.524      0.101      0.578          0        1.2
Val  163/272   7379/7379     0.524     0.101     0.587         0      1.21        15     0.222      0.545       0.89      0.735      0.676      0.958
Train       0.523      0.101      0.596          0       1.22
Val  164/272   7379/7379     0.524     0.101     0.601         0      1.22        13     0.217      0.533      0.891      0.727      0.667      0.977
Train       0.529      0.102      0.588          0       1.22
Val  165/272   7379/7379     0.528     0.101     0.596         0      1.22        15     0.257      0.561      0.888      0.744      0.687      0.942
Train        0.53      0.101      0.594          0       1.23
Val  166/272   7379/7379     0.528     0.101     0.581         0      1.21        15     0.204      0.546      0.891      0.733      0.677      0.965
Train       0.522        0.1       0.58          0        1.2
Val  167/272   7379/7379     0.525     0.101     0.588         0      1.21        15     0.278      0.573      0.885      0.747      0.696      0.934
