55.5036 151.155 163.972 684.449 0 0.990874 
69.727 113.793 113.104 205.348 0 0.947458 
404.591 511.726 687.873 986.688 0 0.914798 
154.661 129.478 184.312 194.432 0 0.881864 
584.711 158.752 636.117 295.346 0 0.856665 
583.056 126.778 614.849 194.746 0 0.79706 
556.865 68.6771 614.874 160.843 0 0.788433 
599.484 2.64003 661.299 110.828 0 0.741086 
708.426 121.866 737.522 196.799 0 0.733288 
674.679 167.53 716.634 299.328 0 0.730577 
509.263 24.768 555.083 114.535 0 0.722351 
402.035 67.4764 430.371 137.83 0 0.708132 
621.829 152.702 673.203 297.296 0 0.673972 
475.591 82.2238 509.951 163.211 0 0.661216 
160.792 295.861 213.507 417.579 0 0.635107 
570.551 0 608.618 80.5844 0 0.624481 
525.543 86.1884 562.961 162.901 0 0.601181 
452.53 119.347 483.354 190.424 0 0.599263 
134.832 91.6844 185.915 183.891 0 0.593585 
540.765 5.64143 572.065 73.0317 0 0.589989 
472.309 16.5969 506.262 92.881 0 0.580799 
550.213 147.189 579.464 198.971 0 0.566753 
275.596 125.347 304.773 177.799 0 0.558803 
763.709 14.7319 789.101 129.495 0 0.545885 
544.831 363.584 598.879 415.373 0 0.542251 
434.7 80.2395 467.966 154.368 0 0.534081 
665.02 0.294445 703.024 80.1597 0 0.528117 
662.335 110.537 693.239 193.7 0 0.507813 
