408.412 370.421 563.874 807.13 0 0.999897 
915.891 425.794 1000.62 615.778 0 0.999669 
795.053 427.913 883.508 694.927 0 0.999196 
604.341 419.699 645.259 593.852 0 0.998357 
243.816 387.879 319.232 620.566 0 0.997291 
663.466 423.095 702.469 569.101 0 0.996553 
696.081 433.653 775.991 727.827 0 0.994114 
851.827 371.468 911.481 620.482 0 0.991919 
326.264 417.49 377.933 605.069 0 0.991627 
706.783 396.264 766.523 497.348 0 0.989857 
531.139 431.321 541.689 469.492 0 0.825786 
558.052 428.513 571.599 489.451 0 0.75497 
