625.077 233.442 923.995 698.437 0 0.999187 
292.711 198.629 553.462 826.432 0 0.998805 
32.1196 331.536 74.4422 441.705 0 0.958237 
186.109 319.87 214.353 399.102 0 0.907495 
250.75 91.9505 568.166 566.579 0 0.898082 
314.916 334.703 604.171 924.952 0 0.88752 
159.938 320.875 190.564 411.154 0 0.881695 
969.893 329.212 1000.89 408.421 0 0.880413 
648.213 214.801 681.274 266.901 0 0.878655 
522.312 300.841 558.593 401.221 0 0.828354 
433.406 24.3953 984.938 438.197 0 0.815261 
315.044 1.15875 819.063 417.003 0 0.806055 
122.714 328.358 165.906 421.264 0 0.797266 
562.585 324.002 600.119 415.318 0 0.788239 
587.584 235.233 618.759 317.744 0 0.769084 
188.42 266.737 221.148 323.789 0 0.761212 
499.344 316.188 531.002 399.989 0 0.75608 
68.1441 345.797 93.9031 410.109 0 0.753768 
686.486 162.461 713.348 236.189 0 0.747246 
271.605 323.535 314.202 442.467 0 0.731486 
511.441 181.755 550.364 246.5 0 0.731016 
279.794 187.782 306.219 237.825 0 0.713068 
602.367 313.975 631.238 388.361 0 0.694162 
63.705 292.68 105.81 381.257 0 0.690772 
502.635 284.248 526.781 337.262 0 0.684598 
298.772 330.792 323.318 426.932 0 0.677897 
173.645 180.496 206.19 234.498 0 0.65608 
107.407 320.98 133.858 399.203 0 0.608718 
