795.485 180.701 1018.53 830.582 0 0.999507 
108.283 164.377 365.5 851.907 0 0.998947 
452.024 315.919 789.097 964.893 0 0.998421 
470.323 159.612 682.215 803.621 0 0.99815 
439.043 60.9839 517.31 229.962 0 0.994767 
423.862 0 490.315 161.485 0 0.992705 
721.857 79.1128 802.685 230.935 0 0.991124 
372.153 48.5146 444.553 224.9 0 0.990646 
180.16 296.019 445.362 940.373 0 0.990403 
513.554 0 601.955 126.873 0 0.989917 
522.073 39.9761 596.993 229.083 0 0.98544 
587.933 0 668.655 181.735 0 0.978967 
393.928 315.344 452.164 738.592 0 0.968776 
818.898 0 887.866 115.961 0 0.956044 
322.747 234.54 413.064 763.475 0 0.9445 
