210.156 579.594 350.576 1027.79 0 0.998075 
777.631 578.39 951.744 1023.21 0 0.995717 
149.631 495.517 236.332 781.696 0 0.983693 
181.914 232.661 274.501 459.581 0 0.979065 
30.5684 665.647 219.576 1026.4 0 0.977534 
327.548 0 443.9 187.675 0 0.969841 
432.489 435.446 536.77 807.559 0 0.969377 
295.717 69.2929 379.005 254.366 0 0.967982 
345.725 300.665 450.871 562.99 0 0.960922 
309.305 170.178 393.553 469.267 0 0.952129 
688.456 158.11 765.077 323.578 0 0.947391 
643.639 442.134 819.615 1022.32 0 0.926984 
268.872 369.838 350.104 651.675 0 0.924782 
36.7199 330.705 123.451 497.177 0 0.916005 
861.85 82.7389 965.514 367.252 0 0.90869 
56.6164 504.923 157.61 772.853 0 0.895698 
153.75 333.387 215.056 495.07 0 0.857644 
229.528 137.705 307.773 329.236 0 0.852363 
59.7684 438.08 159.301 643.957 0 0.793237 
758.332 169.885 857.778 381.193 0 0.766953 
634.659 2.12136 738.247 232.163 0 0.735104 
1.28978 555.494 56.8143 821.258 0 0.698652 
424.833 145.271 516.161 436.75 0 0.680691 
444.759 0 551.551 193.576 0 0.679088 
208.812 410.541 283.804 611.986 0 0.669684 
537.055 196.13 633.281 568.362 0 0.641403 
250.186 289.549 316.813 480.604 0 0.614458 
744.866 0 804.945 113.459 0 0.612928 
125.655 685.226 234.358 1001.17 0 0.59102 
86.4229 127.786 186.751 379.614 0 0.586095 
733.007 256.448 778.146 375.586 0 0.585646 
0.230663 403.806 58.9228 604.344 0 0.549541 
681.338 523.776 800.799 1030.1 0 0.531584 
