516.81 547.575 723.897 1010.21 0 0.999114 
827.209 276.016 963.165 660.183 0 0.997654 
511.175 154.105 546.018 278.623 0 0.994976 
589.795 836.634 978.013 1011.53 0 0.991387 
710.381 632.007 951.571 913.427 0 0.979546 
426.928 2.89219 476.662 88.8696 0 0.970121 
913.331 367.281 1011.8 705.911 0 0.947857 
909.48 218.179 953.832 275.78 0 0.946941 
675.447 156.668 707.885 267.91 0 0.939855 
696.606 220.837 730.341 276.665 0 0.904653 
469.365 0 526.626 160.269 0 0.90426 
880.587 7.63556 919.188 113.705 0 0.903371 
21.0237 121.976 55.7818 184.77 0 0.900299 
848.939 216.298 885.585 276.783 0 0.895083 
790.711 228.406 822.851 275.957 0 0.89168 
722.519 0.945249 767.012 80.7036 0 0.85839 
742.168 232.305 781.767 278.299 0 0.856697 
918.706 19.2897 959.151 107.376 0 0.769804 
595.261 135.602 645.093 281.788 0 0.759011 
960.538 58.7436 1000.27 146.59 0 0.67776 
952.469 0 982.923 76.1621 0 0.666773 
810.078 0 865.409 98.3773 0 0.653271 
768.957 1.40044 809.184 74.7173 0 0.615919 
759.528 44.4703 804.932 161.308 0 0.597976 
318.352 0 356.85 78.387 0 0.590395 
931.98 560.396 1023.78 998.19 0 0.589484 
858.647 1.50823 886.385 73.488 0 0.587495 
915.935 23.7734 961.885 148.243 0 0.544976 
999.702 44.2023 1024.66 131.458 0 0.530911 
968.395 21.9963 998.135 83.345 0 0.526449 
