97.1075 277.861 212.441 725.988 0 0.999647 
538.201 282.878 608.533 630.059 0 0.998454 
623.728 250.401 784.342 859.051 0 0.997985 
931.507 331.566 972.788 501.419 0 0.997373 
826.482 348.28 859.344 479.674 0 0.996479 
76.2398 333.279 113.677 497.394 0 0.992605 
339.767 321.695 400.125 548.424 0 0.991577 
412.914 315.738 477.127 581.81 0 0.980263 
385.979 328.873 423.786 518.591 0 0.95427 
519.412 306.638 558.752 543.555 0 0.816691 
259.09 374.882 277.122 414.242 0 0.769144 
43.8306 51.3319 592.986 400.482 0 0.695684 
124.794 188.155 137.596 252.507 0 0.641837 
358.88 100.112 952.518 443.647 0 0.518306 
