621.075 223.818 952.622 709.407 0 0.999739 
306.152 196.218 524.523 814.184 0 0.998649 
47.8523 331.948 90.6942 443.337 0 0.981942 
988.121 336.419 1017.38 414.174 0 0.899442 
664.739 213.797 698.132 267.583 0 0.879632 
385.484 0.824983 912.863 419.681 0 0.878943 
201.865 318.898 230.234 400.674 0 0.872261 
604.087 236.824 634.243 319.799 0 0.849274 
80.0804 292.797 121.708 406.269 0 0.834822 
174.818 322.847 204.792 412.711 0 0.813051 
139.534 328.59 181.982 422.89 0 0.81255 
538.764 302.299 575.139 400.614 0 0.789554 
197.273 65.3033 576.604 513.601 0 0.77783 
525.946 182.565 563.68 247.667 0 0.768044 
480.29 84.4806 1020.09 489.282 0 0.759525 
578.779 325.777 616.007 415.142 0 0.747262 
515.929 319.095 546.521 399.069 0 0.733085 
519.428 285.24 543.352 337.864 0 0.715995 
618.485 316.658 649.215 385.144 0 0.707087 
204.48 265.74 237.445 325.592 0 0.691162 
67.1457 36.3873 583.625 433.013 0 0.679797 
189.444 181.374 222.004 234.436 0 0.662188 
703.992 164.443 730.202 237.772 0 0.632759 
487.396 295.632 515.84 356.955 0 0.619172 
83.9296 347.369 113.126 411.188 0 0.593777 
134.157 291.483 167.572 357.776 0 0.571336 
939.421 333.159 971.345 389.087 0 0.543719 
621.87 238.912 647.167 313.839 0 0.524254 
429.787 115.151 459.777 184.249 0 0.515754 
192.665 299.841 215.322 354.268 0 0.514671 
