611.535 412.737 660.567 626.273 0 0.999354 
670.4 428.092 861.905 784.04 0 0.999082 
161.663 351.608 388.394 792.403 0 0.999057 
888.305 416.97 1024.75 745.336 0 0.998238 
798.647 421.436 873.712 648.27 0 0.998166 
96.774 372.494 197.956 674.467 0 0.99529 
803.721 423.584 829.503 519.641 0 0.990259 
660.447 408.438 699.121 616.71 0 0.917818 
529.645 432.239 547.347 493.233 0 0.916922 
518.783 432.604 530.629 482.191 0 0.857241 
696.653 397.171 742.128 491.538 0 0.741312 
505.093 436.154 513.203 465.505 0 0.504293 
