827.157 134.456 1027.72 791.534 0 0.999531 
512.404 55.543 732.556 710.489 0 0.999188 
277.536 29.5961 566.877 692.933 0 0.99913 
784.581 335.511 1026.86 993.914 0 0.998326 
104.614 113.626 338.711 767.627 0 0.998306 
260.496 217.423 514.466 833.968 0 0.996739 
283.998 0 353.885 152.878 0 0.996166 
1.16848 90.7631 161.948 770.376 0 0.989698 
343.441 0 434.333 145.679 0 0.984783 
522.398 228.706 755.836 889.735 0 0.98032 
190.675 388.671 521.601 1030.85 0 0.979297 
0 289.357 174.134 951.389 0 0.960282 
