839.983 177.995 1020.68 818.068 0 0.999482 
117.639 207.056 209.303 743.841 0 0.999152 
515.169 0 598.209 147.351 0 0.998669 
442.481 82.2193 516.943 240.317 0 0.998545 
383.708 76.8879 452.74 239.82 0 0.997463 
376.687 5.66273 441.482 150.411 0 0.997323 
658.728 0 725.952 213.906 0 0.996681 
616.658 292.66 915.395 925.516 0 0.995813 
197.806 126.801 313.944 808.787 0 0.995565 
303.905 158.243 506.859 741.349 0 0.995385 
707.407 97.6029 797.784 243.616 0 0.994318 
484.419 217.655 584.221 740.24 0 0.992523 
0.710521 177.52 105.02 783.203 0 0.992448 
585.137 6.1702 661.338 190.209 0 0.991902 
165.703 127.788 219.293 231.815 0 0.991854 
726.236 0 792.082 177.63 0 0.990177 
305.21 0 376.987 131.971 0 0.988708 
431.325 8.30634 493.378 178.903 0 0.982784 
512.658 67.8796 595.98 243.557 0 0.98123 
288.814 75.6828 351.401 229.423 0 0.977191 
641.179 370.606 982.588 996.501 0 0.900678 
