861.59 419.744 1026.2 759.198 0 0.999107 
198.424 397.35 388.953 804.931 0 0.998669 
610.52 420.778 657.976 620.867 0 0.997846 
801.296 416.147 883.18 665.374 0 0.997053 
136.858 339.126 235.849 639.181 0 0.996716 
807.98 421.489 831.882 519.417 0 0.995659 
676.126 442.728 790.507 760.455 0 0.988512 
661.479 417.689 698.724 610.77 0 0.918576 
536.005 434.266 550.93 489.851 0 0.896042 
524.978 433.181 536.885 485.938 0 0.776592 
61.5644 353.43 111.352 588.797 0 0.756853 
702.747 391.633 746.119 503.359 0 0.724592 
