174.263 539.878 291.445 1015.61 0 0.996385 
286.284 503.584 402.941 1025.74 0 0.995475 
448.158 280.638 504.125 403.802 0 0.991252 
41.0243 524.009 214.103 1010.32 0 0.990021 
362.428 257.615 452.38 409.039 0 0.987328 
931.795 620.898 1016.2 840.571 0 0.985089 
316.207 325.023 369.967 413.153 0 0.973275 
378.184 572.603 553.787 1023.27 0 0.971573 
272.066 305.114 319.597 417.061 0 0.956461 
167.125 159.046 254.665 286.398 0 0.918111 
294.257 126.35 359.597 321.068 0 0.896502 
495.061 255.152 565.992 402.547 0 0.872998 
897.539 379.624 967.599 561.896 0 0.846642 
565.945 364.884 670.352 885.367 0 0.821738 
543.529 384.391 747.159 990.35 0 0.802823 
857.074 619.68 933.662 830.919 0 0.759825 
460.586 453.711 567.933 945.206 0 0.7589 
239.294 139.51 285.998 277.903 0 0.744021 
2.13367 663.541 91.4949 1003.34 0 0.617551 
875.133 192.864 931.086 365.581 0 0.617469 
518.383 349.297 554.67 409.461 0 0.594035 
896.81 582.062 934.829 716.16 0 0.592126 
572.213 213.266 621.476 412.75 0 0.513028 
