85.4601 270.663 469.217 879.094 0 0.999755 
601.445 152.629 735.978 787.072 0 0.999073 
848.593 311.524 1025.35 884.942 0 0.998604 
141.178 88.8573 206.61 245.356 0 0.998439 
677.205 81.9939 743.443 252.762 0 0.99833 
508.76 112.573 611.152 753.843 0 0.99615 
739.841 153.063 795.132 260.809 0 0.995998 
779.52 230.62 866.682 471.253 0 0.994655 
270.412 129.567 334.943 252.978 0 0.994194 
728.712 274.923 777.82 485.599 0 0.988699 
793.3 390.237 858.574 493.826 0 0.987541 
98.2849 132.574 155.701 250.113 0 0.987173 
187.58 129.925 243.837 252.255 0 0.985983 
233.059 210.676 471.808 711.841 0 0.98447 
338.549 126.137 392.769 258.629 0 0.973931 
881.703 123.968 954.091 259.776 0 0.972928 
771.508 85.3054 828.98 234.322 0 0.946506 
542.624 10.6185 601.188 130.104 0 0.943484 
15.478 418.141 521.583 948.355 0 0.940137 
880.486 399.502 923.524 496.98 0 0.917331 
507.173 75.1029 559.666 214.754 0 0.908386 
728.558 4.18398 783.337 169.823 0 0.867408 
215.525 2.66703 248.995 53.7889 0 0.861798 
312.805 84.259 356.15 215.954 0 0.842722 
