298.869 416.624 366.948 610.035 0 0.999518 
605.932 410.247 649.012 596.632 0 0.99938 
909.298 412.632 1020.01 624.874 0 0.999158 
383.006 346.172 531.289 775.374 0 0.996828 
810.528 380.368 913.602 707.847 0 0.996529 
697.696 434.023 772.798 727.589 0 0.996301 
664.316 416.449 702.227 575.114 0 0.995615 
220.734 350.959 288.453 601.898 0 0.995113 
823.301 428.277 844.561 526.167 0 0.981969 
711.093 397.56 760.066 498.43 0 0.921076 
530.868 430.948 541.69 470.229 0 0.897863 
555.906 429.317 571.076 491.863 0 0.880663 
516.743 434.631 526.159 467.132 0 0.792083 
