7.27337 390.497 214.432 973.67 0 0.999601 
702.847 318.354 951.709 963.914 0 0.998928 
367.526 299.242 581.409 797.165 0 0.995734 
328.807 194.723 432.296 474.959 0 0.989803 
310.288 7.34263 391.861 313.972 0 0.988857 
217.648 212.132 318.713 587.181 0 0.986531 
226.218 390.035 474.112 999.431 0 0.984656 
536.843 6.23564 654.211 277.022 0 0.984234 
8.56715 115.893 113.877 375.181 0 0.983871 
89.8238 82.6554 231.025 398.037 0 0.981181 
901.04 275.884 1023.57 941.749 0 0.979726 
444.429 50.2926 553.26 402.978 0 0.960105 
208.478 128.735 332.228 325.128 0 0.953481 
644.182 134.152 742.94 536.609 0 0.936906 
433.402 0.951284 511.339 254.681 0 0.932847 
364.587 0 467.32 118.128 0 0.918002 
522.007 197.611 630.587 472.078 0 0.879211 
144.741 254.872 221.161 557.284 0 0.861105 
703.172 235.721 927.064 757.128 0 0.848763 
386.419 83.3356 461.772 408.406 0 0.825528 
