464.248 884.961 566.757 1022.86 0 0.996596 
25.0263 490.178 120.838 615.828 0 0.986614 
158.555 471.749 220.021 661.13 0 0.979975 
134.036 643.419 183.218 754.95 0 0.97104 
835.682 713.884 923.903 1007.91 0 0.970716 
308.835 622.042 362.987 738.934 0 0.970149 
755.276 721.139 833.095 900.086 0 0.959505 
106.817 261.165 176.866 428.362 0 0.958537 
229.646 594.028 313.366 749.547 0 0.958336 
397.277 913.952 476.274 1023.23 0 0.942657 
177.814 655.536 226.863 753.365 0 0.940517 
14.9666 852.214 143.643 1017.44 0 0.93848 
732.234 529.706 791.526 702.304 0 0.937924 
817.84 318.534 888.164 466.853 0 0.917258 
627.884 659.076 685.262 765.481 0 0.916926 
821.228 273.84 893.291 380.642 0 0.913924 
96.5668 477.96 146.819 609.545 0 0.912327 
384.763 129.694 452.558 282.248 0 0.904092 
119.132 546.665 168.446 658.454 0 0.903875 
416.644 362.039 491.798 578.202 0 0.88307 
884.293 537.218 938.974 690.238 0 0.880928 
487.793 390.608 555.724 535.108 0 0.856909 
360.874 328.163 419.383 602.005 0 0.846844 
340.718 538.399 386.079 656.126 0 0.844323 
43.9305 407.081 94.9742 504.665 0 0.842809 
457.903 287.516 515.276 446.424 0 0.840176 
813.161 524.74 872.717 640.517 0 0.837718 
441.364 674.719 479.912 745.36 0 0.835779 
711.652 132.093 769.505 314.626 0 0.833111 
179.759 930.914 306.899 1020.75 0 0.829867 
878.572 388.559 936.797 523.214 0 0.819755 
615.425 469.579 670.483 588.93 0 0.817035 
234.929 533.018 290.74 651.8 0 0.812181 
544.307 331.682 621.102 500.29 0 0.806118 
371.818 224.464 438.267 348.88 0 0.792373 
753.954 399.644 814.085 538.936 0 0.785834 
84.4566 204.148 128.376 320.941 0 0.784663 
774.913 597.049 845.555 727.569 0 0.783916 
355.735 585.478 433.24 742.645 0 0.76951 
417.078 33.7791 486.348 188.015 0 0.76653 
494.057 51.7776 548.492 190.406 0 0.759679 
408.228 537.938 464.993 667.779 0 0.756381 
365.547 946.562 413.275 1022.05 0 0.74801 
607.316 544.674 658.165 717.94 0 0.744092 
811.351 797.008 853.382 917.892 0 0.736491 
555.146 45.7037 615.303 193.233 0 0.734424 
302.092 125.504 355.777 267.953 0 0.724836 
454.963 126.178 517.511 276.533 0 0.721001 
750.772 909.892 801.779 1024.88 0 0.720739 
647.335 126.372 706.194 323.421 0 0.706051 
4.00404 849.959 64.2582 1024.23 0 0.704483 
982.204 473.843 1026.41 946.726 0 0.701009 
818.398 844.093 893.807 997.213 0 0.688293 
725.656 73.875 786.472 191.777 0 0.684775 
