179.396 486.749 304.886 1010.53 0 0.996143 
369.97 193.517 460.735 351.229 0 0.993529 
386.218 501.38 563.393 1016.4 0 0.987232 
451.542 226.613 507.692 346.685 0 0.980468 
562.666 288.675 686.676 806.268 0 0.980076 
172.142 101.004 264.2 223.449 0 0.97972 
43.772 452.882 217.914 1024.06 0 0.969749 
294.96 478.462 408.024 1017.34 0 0.968791 
931.462 560.702 1020.91 777.085 0 0.96587 
5.18443 597.305 89.8142 1006.66 0 0.949409 
325.709 265.705 374.031 356.733 0 0.940064 
277.759 244.557 326.766 359.999 0 0.923862 
901.162 323.838 976.676 493.664 0 0.902174 
458.171 380.438 569.873 819.811 0 0.875852 
501.01 195.786 572.956 345.553 0 0.849247 
955.51 399.527 994.798 523.256 0 0.817613 
983.125 310.946 1023.34 488.446 0 0.766776 
533.505 316.204 753.482 981.523 0 0.756719 
873.695 569.255 932.94 760.929 0 0.755289 
299.598 66.4123 363.019 254.535 0 0.738674 
0.06566 566.33 47.4852 1034.07 0 0.709886 
645.838 358.485 739.361 828.171 0 0.615026 
846.602 397.645 900.019 562.423 0 0.552454 
771.779 261.251 821.374 370.218 0 0.540077 
487.604 141.339 528.703 257.969 0 0.531349 
880.795 135.6 935.51 296.659 0 0.520229 
901.671 266.97 979.817 421.202 0 0.503432 
