747.972 213.767 1010.79 864.675 0 0.999728 
742.064 66.0548 956.613 692.218 0 0.99799 
85.9563 192.64 401.623 833.474 0 0.997201 
411.624 170.812 634.552 829.903 0 0.996922 
489.121 0 576.859 112.887 0 0.996872 
432.22 361.558 726.539 987.409 0 0.996816 
698.413 74.7302 790.273 229.099 0 0.995608 
61.2746 71.722 364.251 666.957 0 0.986871 
564.932 0 643.187 166.904 0 0.979429 
503.325 27.8887 568.786 228.756 0 0.978065 
64.5121 404.698 398.543 998.807 0 0.972272 
395.263 0 467.38 131.733 0 0.964835 
343.555 0 408.654 117.653 0 0.945107 
43.6551 143.489 165.311 808.885 0 0.935337 
345.94 48.3253 421.183 221.966 0 0.932637 
367.968 253.587 420.934 784.876 0 0.904656 
