597.931 214.081 939.942 731.459 0 0.99986 
310.132 165.633 517.421 798.388 0 0.997863 
64.0806 338.007 104.824 450.221 0 0.976848 
661.771 333.128 696.793 424.598 0 0.953555 
190.256 323.491 220.563 413.419 0 0.929987 
406.76 0 936.258 428.147 0 0.921986 
620.132 238.23 652.262 321.983 0 0.908275 
153.753 329.811 193.59 421.194 0 0.903072 
6.2002 335.726 46.1421 420.124 0 0.892608 
503.802 332.936 532.645 401.194 0 0.879384 
682.156 219.09 715.128 272.093 0 0.872688 
928.133 307.681 959.445 379.474 0 0.869775 
271.082 78.3119 568.987 596.562 0 0.840083 
205.753 182.022 237.795 235.331 0 0.834156 
592.365 328.977 631.877 422.194 0 0.825108 
217.675 320.973 244.361 408.723 0 0.813476 
509.809 77.2852 1019.71 465.663 0 0.778138 
905.194 310.721 930.532 374.059 0 0.774552 
96.3438 293.712 135.366 385.095 0 0.747133 
554.469 309.382 589.588 398.433 0 0.731962 
956.068 328.732 987.793 386.846 0 0.717328 
635.682 319.709 665.773 398.066 0 0.716085 
532.859 322.211 561.534 396.865 0 0.706773 
543.226 183.912 582.88 249.444 0 0.70172 
220.426 267.958 252.474 327.093 0 0.69383 
887.475 327.779 920.018 391.363 0 0.690497 
39.0448 336.903 67.2093 415.667 0 0.689766 
100.286 347.415 129.193 413.513 0 0.665943 
862.383 317.917 890.738 362.568 0 0.647071 
720.998 167.834 746.635 234.647 0 0.6154 
528.813 322.086 554.9 374.253 0 0.607418 
510.55 162.556 539.445 231.216 0 0.60498 
462.631 0 1037.38 334.89 0 0.59707 
37.1614 51.3458 529.717 473.106 0 0.596982 
96.5821 241.12 118.868 314.393 0 0.570091 
536.626 286.449 559.582 338.295 0 0.569005 
840.355 193.924 867.053 247.888 0 0.561362 
