492.418 782.254 590.478 1013.34 0 0.997809 
161.022 583.253 211.478 684.087 0 0.985888 
142.07 391.7 207.956 599.429 0 0.983598 
213.016 517.199 298.555 671.093 0 0.981676 
719.663 901.664 790.054 1024.68 0 0.977123 
124.719 837.222 284.164 1018.18 0 0.975704 
3.67539 814.899 125.325 1017.13 0 0.974463 
792.65 887.732 890.658 1025.98 0 0.972411 
760.068 645.42 837.692 830.216 0 0.962735 
602.69 941.685 704.523 1023.08 0 0.948041 
844.635 626.007 931.426 914.708 0 0.945456 
114.138 565.345 163.505 684.26 0 0.942024 
7.09437 415.59 95.4051 542.292 0 0.933382 
291.755 543.818 354.295 675.635 0 0.926457 
376.289 37.4563 445.097 214.951 0 0.917444 
78.0033 395.592 128.357 532.209 0 0.915242 
329.659 461.361 375.879 579.987 0 0.887109 
88.5823 184.658 154.962 356.791 0 0.885038 
341.36 883.054 426.253 1021.03 0 0.878764 
410.616 834.451 495.102 1018.63 0 0.866878 
737.764 459.698 797.394 623.838 0 0.860797 
713.283 40.4818 768.924 195.882 0 0.842899 
348.119 272.862 408.383 430.336 0 0.824775 
902.02 907.078 985.587 1026.84 0 0.824535 
353.584 138.712 428.616 278.119 0 0.812561 
817.117 723.904 861.711 852.679 0 0.805893 
484.03 310.761 547.64 446.537 0 0.794991 
702.74 731.065 759.681 869.96 0 0.793178 
452.666 199.495 508.081 357.255 0 0.791224 
447.342 37.7426 512.377 204.222 0 0.789996 
825.456 446.805 877.818 577.75 0 0.764299 
289.939 28.0274 363.051 178.741 0 0.750511 
823.724 174.424 894.661 292.938 0 0.749752 
759.233 314.22 816.597 466.213 0 0.723578 
26.6957 326.284 76.3617 426.569 0 0.717989 
761.98 159.402 820.311 309.462 0 0.712327 
222.054 454.061 278.295 583.766 0 0.704101 
824.355 220.013 888.959 403.602 0 0.704 
149.486 267.449 191.714 395.012 0 0.700278 
55.7038 266.505 93.1079 403.714 0 0.677897 
850.589 855.698 894.705 984.651 0 0.67735 
824.493 779.558 895.232 933.019 0 0.665918 
767.658 590.016 843.264 736.954 0 0.660232 
849.207 575.661 926.855 747.875 0 0.652234 
746.642 251.054 802.057 377.978 0 0.643544 
