59.6142 173.189 283.451 816.457 0 0.999203 
412.084 115.377 482.21 270.951 0 0.997708 
963.285 114.093 1022.9 275.14 0 0.993888 
190.72 202.302 413.099 833.478 0 0.993493 
724.381 130.903 785.076 278.476 0 0.991427 
243.618 135.028 410.478 741.689 0 0.990709 
470.509 97.5969 521.566 191.243 0 0.989269 
822.104 119.95 970.775 799.858 0 0.987012 
17.8588 112.713 81.9807 262.748 0 0.985473 
466.792 152.9 522.95 274.371 0 0.983508 
895.513 145.482 1018.96 815.915 0 0.975677 
519.41 145.503 568.114 271.563 0 0.973933 
549.49 141.987 612.893 274.224 0 0.969399 
600.369 111.038 638.346 240.932 0 0.961829 
585.557 460.8 644.021 648.052 0 0.955611 
615.922 142.065 674.349 274.81 0 0.952887 
460.537 460.139 520.458 631.331 0 0.949552 
455.687 25.6645 486.543 150.724 0 0.946228 
513.605 484.21 573.833 637.958 0 0.943645 
522.44 37.9448 581.95 185.26 0 0.936231 
301.942 17.0211 355.885 140.107 0 0.932243 
225.044 155.793 268.653 269.985 0 0.929325 
734.373 41.5337 785.387 138.962 0 0.924338 
410.8 23.8282 447.442 153.723 0 0.915675 
219.31 93.5084 273.652 207.51 0 0.906523 
822.139 22.1209 879.684 119.422 0 0.884133 
83.7592 160.1 124.83 263.657 0 0.868004 
682.577 148.964 737.219 277.275 0 0.818511 
355.916 21.079 389.057 116.159 0 0.811656 
257.603 161.773 304.177 269.43 0 0.809928 
