166.404 303.362 287.814 733.794 0 0.999679 
927.649 318.756 972.811 498.069 0 0.999476 
641.031 227.833 820.914 845.779 0 0.998888 
438.789 348.072 469.596 485.669 0 0.998826 
833.389 340.329 861.432 479.39 0 0.996776 
506.036 328.199 644.181 634.489 0 0.993657 
75.4731 325.655 119.965 502.436 0 0.993002 
311.723 315.123 370.782 566.317 0 0.992071 
340.892 334.636 421.501 585.649 0 0.972467 
57.6924 339.471 89.2266 487.912 0 0.88527 
599.585 374.012 614.251 414.319 0 0.620505 
428.231 79.142 977.711 432.612 0 0.614676 
136.514 183.762 148.533 254.331 0 0.604826 
173.642 84.6666 746.576 457.153 0 0.575811 
894.866 369.55 911.126 411.53 0 0.572129 
