695.765 429.449 749.627 680.044 0 0.998867 
745.961 421.001 807.593 729.814 0 0.996054 
339.542 325.441 475.899 934.748 0 0.99231 
953.144 430.859 997.469 688.154 0 0.985876 
2.15732 404.56 69.1823 757.113 0 0.931061 
0 332.609 25.7082 400.181 0 0.813582 
862.344 20.1798 877.939 70.3383 0 0.699029 
636.314 349.094 655.793 408.344 0 0.605179 
53.344 338.218 80.9241 440.667 0 0.601646 
26.751 333.64 59.1954 417.782 0 0.561539 
508.9 293.333 527.252 324.427 0 0.546658 
572.233 286.56 589.121 326.43 0 0.503642 
