271.083 331.116 387.308 897.788 0 0.998693 
10.8585 278.287 187.064 924.668 0 0.998314 
362.752 295.693 542.035 855.564 0 0.995246 
134.035 221.607 287.364 876.44 0 0.991818 
878.564 337.268 962.402 552.236 0 0.977596 
638.616 203.41 758.503 808.979 0 0.96699 
531.95 154.962 662.832 779.172 0 0.959643 
953.74 316.819 1022.58 548.989 0 0.939857 
293.1 7.49334 350.758 106.414 0 0.908395 
772.201 347.003 862.57 618.855 0 0.872444 
780.439 11.9077 839.122 117.106 0 0.836696 
383.221 239.742 488.711 425.124 0 0.741511 
918.458 28.3807 1012.53 263.103 0 0.739309 
505.146 160.031 721.894 848.022 0 0.678082 
579.997 38.5042 623.725 95.8387 0 0.674935 
505.017 33.8464 561.45 101.081 0 0.650006 
349.343 0 444.442 100.129 0 0.618691 
775.05 265.499 840.534 423.577 0 0.615376 
848.843 231.776 895.761 406.589 0 0.603634 
727.336 18.0611 784.768 119.976 0 0.541539 
