802.73 318.647 840.391 423.476 0 0.999363 
422.46 191.923 623.208 783.991 0 0.99801 
878.805 312.645 915.418 427.176 0 0.996128 
642.222 304.892 697.686 461.247 0 0.992527 
62.5036 280.853 88.8768 346.846 0 0.924801 
137.154 291.889 166.075 348.04 0 0.880241 
852.962 316.674 876.716 416.981 0 0.862143 
282.317 271.695 486.862 812.043 0 0.859529 
842.223 320.536 875.506 422.987 0 0.739142 
189.468 268.363 207.123 348.397 0 0.670262 
926.237 316.354 940.662 343.176 0 0.668419 
741.701 380.363 771.544 429.428 0 0.549638 
