923.232 277.485 1020.9 931.291 0 0.99771 
409.147 314.955 625.624 954.81 0 0.994474 
273.464 500.695 315.187 614.091 0 0.987962 
73.066 496.976 108.62 577.275 0 0.950395 
348.984 488.927 399.649 595.713 0 0.931313 
136.294 503.722 172.476 612.284 0 0.919403 
102.188 491.047 139.409 580.605 0 0.917282 
360.626 211.369 662.516 772.271 0 0.916795 
213.827 495.719 251.656 580.704 0 0.904165 
833.035 397.201 866.05 476.515 0 0.875879 
82.0073 83.6797 634.359 608.443 0 0.824848 
712.027 492.698 738.45 552.699 0 0.806988 
858.305 340.919 885.822 403.451 0 0.802829 
845.488 478.322 876.54 560.17 0 0.78985 
465.754 100.015 964.527 614.523 0 0.766878 
391.596 478.524 428.566 576.456 0 0.766229 
167.986 497.087 196.937 581.88 0 0.744524 
875.647 489.761 911.137 587.04 0 0.737625 
801.608 498.72 839.474 584.645 0 0.721832 
303.967 452.82 342.672 570.32 0 0.721738 
764.872 461.043 795.597 546.798 0 0.708938 
737.276 480.178 768.326 541.48 0 0.688094 
655.519 484.408 683.405 549.802 0 0.668798 
330.593 33.9438 865.311 599.815 0 0.668511 
937.179 317.071 963.477 395.521 0 0.665553 
40.5622 509.756 80.7483 585.083 0 0.627213 
824.84 475.306 850.865 537.719 0 0.622422 
681.58 488.567 706.884 553.067 0 0.610862 
896.018 372.659 923.489 434.837 0 0.607608 
412.254 334.476 444.498 394.505 0 0.597439 
299.669 397.225 324.067 479.447 0 0.583562 
857.848 395.587 881.429 460.453 0 0.582215 
