914.895 304.68 1025.6 905.272 0 0.999194 
404.913 261.027 627.344 928.739 0 0.997331 
258.965 475.121 301.126 587.732 0 0.987238 
862.422 474.318 898.359 570.674 0 0.961832 
791.6 470.882 829.087 568.896 0 0.924593 
834.155 459.131 868.134 542.432 0 0.855784 
723.188 460.99 753.562 514.55 0 0.629458 
56.6456 475.97 101.457 565.106 0 0.620212 
120.061 489.057 162.214 597.264 0 0.604927 
13.4648 33.9084 587.701 604.615 0 0.593976 
214.196 481.59 246.888 557.785 0 0.554998 
201.089 483.085 234.456 559.229 0 0.544045 
376.744 460.887 416.178 554.247 0 0.53406 
289.934 434.474 329.058 510.208 0 0.529524 
374.608 362.695 743.855 1012.17 0 0.521609 
623.419 480.185 670.154 582.998 0 0.517387 
