720.915 434.854 822.124 924.445 0 0.995791 
8.17679 433.683 142.064 936.96 0 0.99448 
636.817 494.445 728.112 853.534 0 0.989082 
881.274 450.396 1021.9 992.797 0 0.985291 
372.883 346.473 521.754 936.967 0 0.96863 
607.116 476.84 666.618 777.29 0 0.964957 
853.68 414.73 886.393 535.431 0 0.901754 
663.335 178.561 686.827 285.12 0 0.852485 
34.0157 733.287 103.893 930.963 0 0.851822 
352.328 535.739 375 614.843 0 0.850806 
527.446 487.3 548.272 564.318 0 0.817236 
599.706 475.67 624.884 551.361 0 0.767283 
844.141 496.186 874.711 561.991 0 0.764352 
893.598 373.113 921.731 458.181 0 0.741715 
837.552 280.55 864.763 346.261 0 0.713843 
857.7 192.325 880.188 240.074 0 0.662121 
548.711 561.93 577.384 610.665 0 0.64494 
424.362 102.139 983.262 551.641 0 0.636089 
808.786 350.958 840.656 434.91 0 0.630444 
506.169 129.269 528.194 180.479 0 0.629944 
921.248 31.9785 945.422 80.006 0 0.62665 
665.989 401.121 694.426 476.569 0 0.601353 
19.7782 22.9897 465.557 364.686 0 0.577415 
830.31 18.2007 856.25 88.5046 0 0.573958 
793.281 320.072 821.322 397.778 0 0.564711 
753.894 43.2937 776.028 165.176 0 0.562247 
924.228 200.621 949.219 257.068 0 0.556859 
779.083 100.034 805.933 165.42 0 0.556617 
920.487 237.455 944.205 296.002 0 0.553172 
218.813 306.82 244.465 356.126 0 0.551043 
929.386 381.161 955.831 434.329 0 0.541409 
135.219 289.244 162.281 339.094 0 0.514852 
696.831 386.406 719.873 435.511 0 0.505821 
