190.519 399.123 256.458 623.06 0 0.99885 
349.844 431.823 387.898 556.238 0 0.995351 
291.632 426.378 351.448 563.576 0 0.994455 
657.457 416.601 687.39 539.6 0 0.992966 
936.413 401.629 987.138 589.714 0 0.991768 
107.172 433.722 180.409 589.817 0 0.991042 
467.284 403.699 493.597 535.007 0 0.971526 
620.225 430.284 634.092 494.2 0 0.969283 
73.3721 431.476 95.6104 498.924 0 0.960194 
410.935 498.333 596.185 930.634 0 0.958326 
393.421 428.331 427.876 525.531 0 0.795191 
416.819 431.619 438.387 512.54 0 0.733641 
