379.608 382.139 466.022 682.115 0 0.997979 
437.273 403.495 511.391 707.059 0 0.995447 
592.171 453.055 638.408 636.032 0 0.989069 
242.157 423.306 303.535 657.218 0 0.986966 
168.522 471.531 192.619 590.645 0 0.980803 
225.399 484.368 246.027 587.66 0 0.919396 
707.723 493.742 723.252 525.666 0 0.85771 
572.882 487.118 595.921 564.908 0 0.821326 
292.271 497.332 312.536 588.282 0 0.785138 
192.637 486.426 212.965 573.617 0 0.75846 
87.8661 503.839 105.563 603.128 0 0.644328 
393.511 408.399 447.516 629.761 0 0.593345 
