237.675 162.557 615.352 820.693 0 0.999547 
879.358 157.673 944.895 464.896 0 0.997327 
179.912 78.0811 642.161 601.304 0 0.985088 
253.384 313.18 491.867 940.75 0 0.983286 
0.384767 103.103 52.497 663.519 0 0.933477 
581.715 10.2914 612.851 101.832 0 0.931714 
960.166 102.162 1023.04 633.065 0 0.866849 
606.622 102.473 637.448 154.976 0 0.862508 
356.458 44.4474 390.054 131.053 0 0.859099 
293.898 116.9 320.841 164.267 0 0.856547 
553.797 22.4318 582.001 124.111 0 0.832265 
418.031 53.3657 452.185 130.052 0 0.823171 
217.526 133.694 246.623 164.273 0 0.798057 
268.241 111.515 294.626 161.247 0 0.796067 
87.4232 101.757 123.905 168.951 0 0.791551 
46.1062 111.591 74.4968 174.648 0 0.782776 
71.6315 124.703 539.22 679.45 0 0.780954 
683.298 114.58 710.857 160.14 0 0.772182 
189.917 130.126 218.789 162.777 0 0.77076 
700.849 82.241 727.266 132.199 0 0.764939 
307.634 0 338.781 75.0378 0 0.744756 
145.817 95.4599 182.357 169.725 0 0.727966 
583.555 95.0566 608.331 147.151 0 0.725168 
269.752 141.92 294.082 166.9 0 0.70332 
454.491 53.7512 481.958 136.381 0 0.69701 
318.623 58.8127 347.334 111.707 0 0.683149 
22.2179 96.732 53.6673 170.839 0 0.679993 
701.16 118.856 735.115 181.424 0 0.67853 
118.681 92.2742 147.747 171.397 0 0.661807 
