260.608 349.273 471.855 766.535 0 0.999795 
598.442 300.743 647.715 548.222 0 0.99876 
927.342 327.36 979.457 496.314 0 0.998014 
838.905 334.511 867.113 474.366 0 0.997012 
673.581 167.926 804.134 885.555 0 0.992441 
862.973 337.328 893.296 468.731 0 0.985558 
380.555 294.235 481.905 639.328 0 0.980961 
108.237 333.915 149.88 496.112 0 0.979085 
185.202 308.555 291.188 588.35 0 0.973229 
456.273 342.009 488.639 485.311 0 0.954471 
234.939 324.519 294.753 519.305 0 0.930442 
183.671 187.25 207.03 255.387 0 0.76206 
659.555 230.321 849.605 865.116 0 0.711066 
39.7356 363.852 72.0935 488.897 0 0.701636 
