185.006 368.181 555.641 981.628 0 0.907305 
392.679 337.017 452.263 419.736 0 0.856823 
284.27 311.644 667.901 933.139 0 0.825785 
215.096 145.205 670.313 808.168 0 0.750371 
321.413 6.68654 373.977 148.117 0 0.727187 
20.3367 165.498 578.831 822.147 0 0.689805 
524.123 12.7247 586.767 133.429 0 0.684081 
376.759 21.8042 412.196 119.871 0 0.658319 
482.101 24.2874 530.887 121.912 0 0.62371 
163.667 357.473 199.97 419.728 0 0.593738 
424.098 20.3587 466.382 125.429 0 0.532079 
508.747 99.6102 562.634 265.489 0 0.525708 
