206.659 364.535 291.191 731.934 0 0.998472 
513.283 353.508 633.907 828.099 0 0.997341 
905.886 391.805 955.279 576.363 0 0.97682 
460.151 309.922 552.865 843.765 0 0.97387 
393.532 38.5173 973.87 493.189 0 0.966805 
968.629 426.525 1017.61 588.129 0 0.898232 
201.23 80.5412 798.439 539.353 0 0.837824 
818.595 387.096 862.788 519.241 0 0.786121 
397.204 434.254 434.934 545.809 0 0.74175 
868.337 285.641 896.858 335.35 0 0.624744 
487.312 187.187 1013.06 611.325 0 0.568163 
36.8899 57.6543 627.693 518.014 0 0.547443 
290.549 419.751 311.089 488.211 0 0.515321 
