300.929 413.261 371.511 612.743 0 0.999664 
910.363 414.148 1017.52 627.829 0 0.999214 
605.276 410.856 648.318 597.15 0 0.999204 
394.437 350.804 549.748 789.778 0 0.998836 
699.018 441.48 772.234 723.449 0 0.998458 
808.445 404.672 912.329 700.365 0 0.997323 
663.453 417.764 702.784 574.316 0 0.997079 
222.21 354.883 289.528 606.432 0 0.992415 
708.967 396.854 763.581 497.843 0 0.964769 
531.031 431.253 541.92 469.876 0 0.918636 
556.215 430.414 571.607 493.941 0 0.859602 
517.161 434.963 526.378 467.191 0 0.765453 
