122.532 161.58 421.179 803.065 0 0.999841 
68.2234 113.825 190.66 589.766 0 0.997649 
410.869 91.6263 517.957 525.967 0 0.997214 
80.1626 368.64 518.325 917.512 0 0.981909 
911.561 87.7269 1015.58 478.903 0 0.973297 
367.225 110.398 391.142 137.689 0 0.908443 
717.269 80.8705 743.311 126.834 0 0.823857 
127.756 582.284 515.702 921.891 0 0.821002 
588.403 110.801 608.488 138.539 0 0.820387 
343.193 106.992 368.859 136.973 0 0.715844 
491.594 29.8323 517.189 128.055 0 0.698878 
564.867 109.047 591.153 138.673 0 0.677085 
669.361 2.41619 694.624 109.568 0 0.665662 
282.432 70.5244 305.339 142.142 0 0.649932 
253.346 90.0757 283.674 142.77 0 0.648281 
156.265 6.48832 716.904 155.887 0 0.61163 
216.497 97.0868 243.953 148.676 0 0.602012 
607.394 110.199 635.333 138.028 0 0.602006 
801.129 57.6835 824.587 111.739 0 0.595633 
303.9 75.9519 331.513 139.932 0 0.569466 
548.424 32.0117 575.121 116.886 0 0.566131 
3.27665 38.6015 33.8362 98.2056 0 0.559043 
522.996 26.3253 546.51 87.0637 0 0.556038 
220.265 30.3118 237.942 56.4188 0 0.523342 
521.641 97.7637 546.817 141.658 0 0.522327 
497.785 94.1646 522.066 139.284 0 0.503391 
