752.925 206.643 813.235 369.537 0 0.996866 
739.928 398.199 900.897 893.251 0 0.996204 
453.599 436.843 569.344 981.255 0 0.993767 
36.4097 429.07 186.006 972.959 0 0.993682 
135.593 342.331 225.585 716.447 0 0.989406 
206.371 582.168 339.484 960.368 0 0.968666 
644.714 570.134 760.424 964.032 0 0.958537 
867.853 327.851 923.022 505.41 0 0.957872 
934.534 82.9059 1019.03 360.731 0 0.838439 
839.871 108.296 902.756 381.63 0 0.806165 
617.377 20.6713 681.28 236.759 0 0.760139 
432.817 72.7699 473.798 135.729 0 0.711199 
471.576 27.1485 537.61 133.964 0 0.683568 
684.531 195.851 737.127 344.717 0 0.588745 
