61.3728 121.615 195.103 728.122 0 0.993937 
397.796 425.36 687.701 1032.74 0 0.965244 
562.65 65.2199 617.849 166.67 0 0.942785 
348.326 82.7477 387.014 131.712 0 0.939246 
343.228 30.1134 384.51 115.786 0 0.930991 
440.389 77.3421 472.006 144.398 0 0.924795 
72.7398 107.027 123.093 208.077 0 0.906125 
586.522 126.41 618.001 192.496 0 0.894716 
512.836 18.0094 554.529 109.29 0 0.87835 
529.72 79.225 569.993 165.932 0 0.876625 
693.874 339.509 727.69 411.868 0 0.805167 
551.366 146.764 584.558 195.373 0 0.779255 
710.503 119.977 739.364 188.817 0 0.734278 
618.33 350.547 652.688 408.455 0 0.641263 
482.166 77.655 517.757 161.051 0 0.619983 
590.6 153.003 637.176 282.974 0 0.606513 
159.507 155.846 209.176 309.449 0 0.60524 
277.348 65.3104 314.556 145.986 0 0.603975 
576.577 0 614.092 76.9036 0 0.589977 
108.472 90.9047 138.626 165.511 0 0.584972 
742.008 339.882 776.38 410.466 0 0.578858 
170.847 297.272 219.477 411.951 0 0.577743 
542.702 3.8789 572.103 68.9017 0 0.574108 
680.042 161.291 717.257 297.787 0 0.564175 
604.85 353.621 629.659 407.718 0 0.563011 
192.414 21.6347 573.737 716.173 0 0.559407 
663.804 109.801 697.875 189.703 0 0.528565 
159.106 131.639 189.245 197.626 0 0.516416 
604.3 0.603008 661.268 113.742 0 0.501409 
