111.222 416.692 353.134 763.208 0 0.999794 
610.701 406.113 660.234 625.956 0 0.999448 
898.982 421.269 1022.48 754.573 0 0.99692 
793.055 414.997 873.409 661.068 0 0.996365 
662.341 418.317 836.39 799.112 0 0.994166 
518.461 433.188 545.026 493.509 0 0.985627 
80.9822 394.583 155.859 646.07 0 0.979358 
802.343 421.091 827.333 516.01 0 0.978787 
103.915 397.418 161.13 601.702 0 0.95967 
685.08 392.227 730.819 491.552 0 0.738554 
510.199 443.932 522.982 489.767 0 0.52089 
43.7649 379.774 129.949 682.463 0 0.513609 
