562.131 551.465 670.572 1008.12 0 0.999354 
85.425 500.754 232.379 1009.65 0 0.998388 
247.117 532.541 396.11 1008.06 0 0.996356 
691.702 564.591 807.965 1032.45 0 0.993642 
932.512 152.216 1005.22 439.779 0 0.989727 
840.186 253.691 904.927 419.702 0 0.988295 
730.113 449.646 888.909 947.128 0 0.950561 
963.088 390.27 1020.2 570.998 0 0.907581 
0.337798 654.019 112.833 884.072 0 0.881416 
419.012 90.3542 477.411 180.941 0 0.821 
53.4049 105.936 111.372 188.957 0 0.759835 
749.154 73.9107 822.949 343.136 0 0.752443 
532.619 56.2031 608.795 180.919 0 0.725487 
801.153 385.754 860.654 573.293 0 0.72095 
693.353 50.1289 761.562 273.77 0 0.704772 
736.943 318.675 781.479 546.199 0 0.651712 
605.487 13.5206 666.314 161.293 0 0.585659 
273.329 4.4414 344.92 174.495 0 0.580046 
919.755 0 979.258 142.509 0 0.549455 
395.897 99.2374 425.994 179.558 0 0.544021 
491.111 0 555.497 151.023 0 0.517662 
354.749 122.922 393.82 181.204 0 0.501053 
