589.946 357.906 694.058 841.765 0 0.998131 
250.667 378.497 434.688 890.594 0 0.997858 
146.547 369.415 230.356 773.907 0 0.997763 
785.637 426.355 849.277 665.019 0 0.995259 
934.001 384.512 1022.48 786.527 0 0.991406 
404.126 367.438 499.979 835.752 0 0.984269 
510.973 350.931 605.668 809.953 0 0.920961 
217.218 338.82 299.996 847.843 0 0.822599 
483.58 374.504 571.7 835.907 0 0.759571 
365.837 28.3654 965.732 526.635 0 0.68414 
230.194 37.4077 823.139 601.807 0 0.598367 
761.3 404.768 785.972 468.996 0 0.5089 
