973.076 398.513 1023.82 583.487 0 0.935592 
474.499 314.727 660.091 794.85 0 0.921597 
397.399 326.355 535.079 800.212 0 0.902084 
156.014 167.393 192.345 238.065 0 0.731299 
452.03 227.575 483.668 294.283 0 0.688367 
41.8004 17.4984 611.417 392.213 0 0.683602 
219.906 137.242 246.726 192.48 0 0.673885 
26.5552 220.316 53.7115 273.621 0 0.670777 
205.657 262.073 230.055 309.688 0 0.639613 
59.0314 370.29 111.905 492.611 0 0.638799 
328.133 209.297 353.083 282.023 0 0.636854 
383.242 167.276 411.145 233.426 0 0.595787 
186.112 209.083 212.389 258.691 0 0.573014 
80.6063 186.063 107.045 239.688 0 0.571935 
523.757 234.798 551.236 291.088 0 0.567722 
245.355 206.304 275.473 287.089 0 0.566203 
65.2377 216.493 100.699 275.277 0 0.554794 
109.465 223.6 132.341 277.144 0 0.532411 
150.267 256.443 177.901 307.877 0 0.518913 
