574.364 565.639 694.94 1004.6 0 0.998763 
258.332 571.536 402.883 1000.46 0 0.998526 
95.7408 513.203 235.826 999.95 0 0.997592 
861.037 268.956 928.215 440.114 0 0.995774 
0 685.995 130.048 929.563 0 0.994773 
705.038 583.391 830.692 1013.39 0 0.994535 
951.75 161.77 1020.82 474.367 0 0.918811 
713.75 70.5279 782.761 282.191 0 0.916603 
283.162 12.2652 357.901 181.305 0 0.835268 
503.467 0 573.435 164.016 0 0.82819 
729.078 461.21 911.665 951.778 0 0.819821 
553.532 65.5388 629.205 189.108 0 0.770553 
800.387 393.145 887.418 601.724 0 0.729341 
514.796 122.762 556.035 188.307 0 0.687877 
941.228 7.48573 1003.5 149.393 0 0.65716 
435.862 103.688 497.006 191.872 0 0.586736 
