662.359 216.752 865.597 744.123 0 0.99948 
309.972 138.515 527.528 784.388 0 0.9899 
701.484 348.233 735.882 439.673 0 0.980551 
100.901 345.045 139.967 457.904 0 0.958772 
226.986 334.665 262.618 427.153 0 0.936345 
899.137 325.891 933.555 397.224 0 0.93222 
967.712 316.402 1000.06 391.803 0 0.926967 
284.869 8.00134 546.205 606.807 0 0.908738 
186.552 338.913 231.641 437.088 0 0.897917 
629.783 343.488 667.321 439.44 0 0.886263 
568.083 331.845 594.273 398.336 0 0.87648 
243.656 190.885 276.553 246.211 0 0.869162 
439.382 28.5137 958.923 424.24 0 0.856028 
136.35 360.071 163.79 425.367 0 0.855959 
130.83 302.69 174.636 396.269 0 0.831255 
675.961 329.037 706.76 406.097 0 0.82783 
104.491 163.364 139.406 229.616 0 0.824709 
540.502 340.058 567.989 411.331 0 0.82442 
660.907 249.178 689.981 329.465 0 0.815678 
722.055 227.514 754.657 282.623 0 0.802332 
580.555 192.24 618.875 265.966 0 0.725217 
950.824 317.663 974.441 386.675 0 0.720497 
683.315 251.036 705.875 311.755 0 0.717493 
761.776 174.466 785.918 241.89 0 0.712796 
775.618 203.399 802.493 254.621 0 0.684918 
252.849 334.585 278.95 416.415 0 0.670661 
43.7714 351.512 77.3828 428.859 0 0.64795 
649.891 328.119 677.405 406.408 0 0.632225 
362.413 352.735 488.637 942.293 0 0.624556 
571.03 298.229 596.984 352.606 0 0.573596 
510.904 338.735 534.829 412.302 0 0.573321 
594.816 314.532 633.126 407.096 0 0.559797 
134.184 248.865 159.707 314.637 0 0.554552 
482.811 121.687 517.166 187.092 0 0.548923 
548.369 165.211 580.435 237.768 0 0.534621 
55.5774 240.123 86.4764 312.186 0 0.532651 
546.041 86.7636 1015.71 454.952 0 0.532094 
925.659 337.256 958.356 413.931 0 0.526939 
860.218 230.585 882.013 293.963 0 0.508997 
75.4196 343.479 102.312 409.156 0 0.507672 
254.71 277.484 285.018 340.15 0 0.506227 
698.763 282.459 720.623 341.522 0 0.505771 
