746.003 423.226 806.996 653.491 0 0.995223 
378.902 319.682 539.736 932.562 0 0.9912 
695.378 396.931 771.02 746.087 0 0.89008 
34.4858 422.572 119.365 729.168 0 0.884852 
124.283 324.782 151.136 397.006 0 0.69269 
716.845 340.235 734.432 387.177 0 0.676843 
147.962 436.621 188.462 543.404 0 0.619275 
345.979 441.343 374.346 527.103 0 0.61653 
999.048 149.912 1021.89 212.432 0 0.597752 
17.8974 316.456 54.5788 399.422 0 0.593332 
0.394747 296.764 20.6828 374.73 0 0.564693 
685.132 385.712 702.676 457.111 0 0.563941 
312.727 443.249 344.775 529.561 0 0.549008 
761.603 16.5851 783.706 67.5254 0 0.518549 
