846.493 430.862 895.465 560.926 0 0.995144 
535.407 357.147 807.004 803.051 0 0.989057 
584.839 418.446 616.621 539.132 0 0.977885 
347.013 443.133 391.165 573.25 0 0.974902 
139.736 416.573 187.444 623.619 0 0.973953 
563.419 432.087 577.795 492.108 0 0.958583 
66.7383 443.358 95.5765 511.253 0 0.95705 
313.874 428.934 348.183 555.531 0 0.942848 
169.929 420.262 206.09 603.489 0 0.907187 
290.172 434.171 316.697 512.92 0 0.889153 
392.475 405.157 421.625 534.232 0 0.828359 
415.481 425.939 433.281 529.572 0 0.811973 
