281.263 694.515 315.611 848.032 0 0.998432 
629.565 395.473 652.976 492.911 0 0.997844 
686.118 631.769 713.334 774.077 0 0.994713 
479.504 739.673 511.677 901.771 0 0.98442 
739.098 588.658 764.919 729.44 0 0.983262 
306.748 369.113 323.646 439.808 0 0.981222 
543.681 681.727 570.242 823.317 0 0.980164 
226.188 392.093 246.19 461.929 0 0.965638 
627.655 321.689 645.213 394.152 0 0.964727 
828.68 315.95 853.11 389.491 0 0.963606 
970.493 551.893 989.042 678.388 0 0.952867 
601.782 640.815 632.726 794.751 0 0.947957 
410.054 347.62 427.817 436.496 0 0.947341 
836.603 652.837 859.36 800.946 0 0.936524 
621.391 632.739 648.848 776.487 0 0.936308 
953.848 545.191 980.844 670.18 0 0.932684 
233.478 477.835 259.661 617.665 0 0.931823 
935.461 528.969 959.204 652.921 0 0.880214 
175.589 399.877 198.589 474.467 0 0.876039 
526.2 358.043 540.518 424.385 0 0.863102 
510.913 346.067 528.61 419.253 0 0.840169 
354.106 365.587 374.99 426.034 0 0.812668 
932.815 517.713 952.894 650.542 0 0.810442 
112.415 418.894 133.779 475.635 0 0.783838 
123.881 402.284 141.627 476.763 0 0.773807 
345.391 434.739 366.248 476.774 0 0.758532 
916.693 325.232 930.947 369.48 0 0.712849 
901.541 353.508 915.147 373.619 0 0.6836 
373.444 421.326 388.094 467.975 0 0.682198 
221.91 22.3448 813.831 421.782 0 0.66389 
429.126 295.775 445.172 366.156 0 0.621427 
146.64 362.482 162.987 412.92 0 0.617703 
481.245 295.994 500.324 358.443 0 0.609765 
90.2857 370.764 108.259 417.867 0 0.601755 
614.729 341.943 628.862 393.927 0 0.595558 
460.005 349.14 475.893 424.861 0 0.586937 
9.1766 43.5696 564.146 435.412 0 0.584348 
110.097 420.971 126.563 478.625 0 0.5798 
937.398 362.428 946.415 375.846 0 0.572398 
341.769 318.21 355.43 377.82 0 0.564651 
358.736 419.189 372.819 451.838 0 0.56247 
243.689 399.592 256.619 457.925 0 0.536938 
213.03 355.323 228.398 400.066 0 0.527298 
