116.244 634.953 337.568 887.435 0 0.999945 
500.251 413.411 652.282 951.386 0 0.997391 
351.56 523.939 501.085 858.832 0 0.996331 
0 203.683 45.8965 690.492 0 0.979864 
38.3157 2.27937 69.1685 44.4231 0 0.921987 
81.3455 0.640252 111.586 44.2523 0 0.862534 
492.832 560.386 644.885 932.176 0 0.787448 
118.972 0.0973725 144.056 45.1317 0 0.7569 
906.68 26.539 959.996 85.2866 0 0.723246 
972.033 0 1013.5 87.3901 0 0.711063 
193.081 1.75313 228.184 45.449 0 0.708903 
154.209 4.4822 183.931 45.6254 0 0.661681 
229.694 2.67202 268.056 45.7078 0 0.614783 
872.873 6.67121 910.866 77.3975 0 0.572706 
