689.882 359.178 732.568 554.057 0 0.999056 
260.47 639.265 319.397 887.651 0 0.997781 
841.78 261.959 889.059 442.375 0 0.996839 
806.723 370.67 853.684 580.245 0 0.994764 
905.962 369.136 954.576 558.88 0 0.992932 
600.599 375.671 648.021 583.369 0 0.98925 
242.881 86.8998 269.791 230.453 0 0.975785 
142.001 130.093 181.245 241.157 0 0.971637 
445.533 373.472 533.319 583.936 0 0.95903 
431.067 16.1712 461.599 138.464 0 0.958895 
24.3007 235.67 57.5026 317.561 0 0.913788 
551.388 0 568.596 85.7025 0 0.848133 
71.885 159.59 106.353 301.811 0 0.838282 
618.759 31.9217 641.984 84.0236 0 0.789137 
432.344 416.403 477.453 577.466 0 0.747523 
409.654 280.43 487.31 414.891 0 0.7069 
37.403 22.4397 62.3252 135.632 0 0.629187 
634.354 58.2014 660.237 122.372 0 0.602257 
71.9719 161.956 100.882 234.477 0 0.531375 
837.642 0 869.6 50.8886 0 0.526331 
