0 235.197 45.4386 500.915 0 0.996467 
372.19 406.353 484.277 814.45 0 0.996216 
816.994 303.318 876.549 443.532 0 0.979528 
885.074 261.962 939.543 407.199 0 0.967456 
748.673 206.178 773.257 272.241 0 0.881132 
653.452 208.179 679.016 350.15 0 0.874091 
862.864 237.308 899.934 335.798 0 0.865744 
594.404 232.398 637.878 359.95 0 0.847045 
684.753 208.153 710.858 355.631 0 0.776037 
935.412 237.982 974.776 400.514 0 0.753625 
733.958 263.756 782.526 428.073 0 0.730888 
916.117 40.846 949.071 125.136 0 0.602464 
63.2001 239.841 85.5892 282.124 0 0.528307 
805.176 220.525 835.489 273.372 0 0.515674 
