686.714 520.377 705.388 627.813 0 0.998878 
786.262 452.775 829.4 546.364 0 0.997835 
716.406 343.444 735.352 429.295 0 0.996767 
972.609 375.475 994.799 464.262 0 0.996533 
618.378 352.814 638.889 453.005 0 0.996421 
612.721 509.649 634.966 613.784 0 0.995722 
124.87 784.386 152.292 921.502 0 0.989696 
218.033 639.253 248.58 741.029 0 0.987773 
830.186 214.639 847.278 297.337 0 0.984807 
826.785 325.805 844.268 413.433 0 0.983442 
398.533 462.721 420.676 562.463 0 0.983109 
599.175 606.397 634.032 706.056 0 0.98117 
682.008 305.363 701.861 384.489 0 0.980635 
500.271 648.863 523.415 758.701 0 0.97947 
892.921 138.044 921.162 213.826 0 0.965284 
458.312 47.1843 474.659 112.486 0 0.897217 
122.641 334.015 157.702 435.475 0 0.897081 
482.485 70.0385 498.675 131.023 0 0.893621 
85.7589 215.031 105.317 282.725 0 0.879294 
772.413 89.3148 785.602 126.28 0 0.783837 
639.706 74.2269 654.393 119.607 0 0.757179 
500.57 84.4739 515.258 129.944 0 0.753452 
498.59 46.0796 514.099 102.282 0 0.745775 
607.201 29.4577 619.753 60.5206 0 0.7372 
557.513 15.0663 569.291 49.9697 0 0.706163 
325.227 175.562 338.662 195.722 0 0.70358 
621.881 1.88014 634.361 39.8684 0 0.676038 
588.603 14.0879 600.187 41.1572 0 0.566806 
711.096 81.0855 726.952 123.51 0 0.550355 
933.419 96.6435 947.549 148.622 0 0.533963 
225.989 212.925 242.53 238.977 0 0.516896 
948.979 92.4191 962.289 152.574 0 0.515069 
603.943 14.5501 616.322 39.5326 0 0.500862 
