73.8197 310.754 211.506 579.319 0 0.999289 
840.975 306.789 956.916 531.824 0 0.998836 
330.874 398.095 436.811 687.616 0 0.990456 
622.315 0 675.605 165.308 0 0.988274 
418.371 286.92 532.179 531.932 0 0.947076 
518.73 27.4844 551.815 102.16 0 0.841302 
672.225 37.6975 740.097 205.294 0 0.8391 
889.466 458.689 973.785 621.163 0 0.787731 
612.483 138.431 656.916 226.809 0 0.741229 
762.508 328.846 825.255 471.633 0 0.691236 
659.303 146.706 707.085 283.767 0 0.675808 
497.994 8.81991 524.388 71.4891 0 0.58986 
