636.655 630.598 676.417 811.511 0 0.996466 
732.774 622.712 770.301 814.359 0 0.996073 
441.698 298.589 476.719 451.506 0 0.994659 
848.273 907.113 883.184 1020.28 0 0.989886 
504.65 465.82 536.71 617.377 0 0.971709 
482.123 329.432 523.045 421.422 0 0.970777 
522.29 263.349 547.176 385.137 0 0.969046 
86.1946 501.544 127.232 668.391 0 0.967988 
786.724 339.025 830.953 400.911 0 0.821222 
120.247 671.353 163.736 863.163 0 0.808956 
377.912 7.47765 402.554 77.7987 0 0.669902 
986.496 91.8184 1010.1 172.925 0 0.61188 
69.3022 41.8713 84.3711 56.6192 0 0.523085 
926.821 87.3981 948.74 151.211 0 0.516034 
