443.402 406.08 485.874 522.563 0 0.998351 
369.977 738.012 404.199 910.91 0 0.997445 
550.354 470.638 585.887 614.543 0 0.996948 
461.383 719.151 499.124 881.174 0 0.99663 
965.276 704.334 1017.79 881.775 0 0.996379 
701.679 502.401 745.31 631.651 0 0.995081 
20.6146 749.212 59.948 901.401 0 0.99437 
340.247 428.099 374.962 568.049 0 0.989837 
975.378 425.384 1008.27 564.913 0 0.988611 
872.218 279.132 901.954 389.753 0 0.975118 
388.115 392.836 423.765 492.644 0 0.850014 
809.584 0 831.595 78.9884 0 0.815444 
443.984 351.112 464.535 407.109 0 0.736709 
378.528 355.415 408.292 423.403 0 0.703504 
832.726 8.57147 856.813 74.0604 0 0.561719 
