738.287 665.383 766.882 801.844 0 0.999377 
838.178 254.916 868.999 333.103 0 0.998118 
509.706 471.063 545.109 568.811 0 0.997538 
661.725 341.979 678.533 451.134 0 0.997434 
913.872 585.133 941.828 718.036 0 0.996687 
932.168 363.127 955.039 465.992 0 0.995696 
374.038 625.851 420.252 754.173 0 0.995646 
416.502 651.639 462.072 792.951 0 0.994537 
259.38 614.793 314.505 719.707 0 0.992627 
249.303 514.478 280.468 636.672 0 0.992614 
472.644 592.626 520.911 729.381 0 0.981949 
782.297 178.759 797.745 230.464 0 0.975151 
890.528 215.601 914.468 294.779 0 0.964164 
360.887 574.42 391.872 694.768 0 0.963444 
700.407 170.431 719.552 248.111 0 0.962639 
751.158 179.648 767.716 240.828 0 0.962169 
831.144 185.049 847.694 233.002 0 0.93267 
447.241 471.933 496.599 585.238 0 0.928839 
305.89 320.512 325.501 402.604 0 0.918603 
413.894 300.412 436.44 359.81 0 0.915133 
456.081 535.718 502.32 651.625 0 0.914062 
681.818 176.729 698.758 241.195 0 0.896494 
463.931 269.943 482.921 338.778 0 0.892131 
393.205 264.47 412.518 346.971 0 0.870919 
711.739 203.094 728.377 253.056 0 0.865202 
985.087 113.571 1009.67 169.255 0 0.832125 
184.946 357.017 205.446 417.846 0 0.809359 
266.988 367.575 288.279 409.466 0 0.800482 
106.474 161.982 130.828 238.824 0 0.727415 
493.361 12.0765 513.215 82.5475 0 0.724724 
89.6797 1.15375 665.577 404.935 0 0.715586 
191.772 131.245 219.111 177.574 0 0.659392 
971.956 182.522 997.053 241.009 0 0.648415 
178.194 367.188 197.032 418.517 0 0.5921 
316.222 106.058 331.703 144.93 0 0.590844 
394.241 151.184 415.906 188.184 0 0.584596 
200.072 182.145 227.48 245.919 0 0.572953 
34.5642 182.963 49.9315 226.394 0 0.567914 
245.968 367.195 264.242 405.916 0 0.546987 
372.015 349.64 388.919 379.375 0 0.54558 
926.368 218.253 942.392 242.458 0 0.54289 
156.177 382.753 177.612 433.854 0 0.529007 
575.366 200.516 593.864 270.004 0 0.500496 
