15.2725 248.166 52.6909 361.331 0 0.998285 
468.919 435.436 505.42 590.164 0 0.998203 
659.343 504.586 694.047 654.695 0 0.998014 
316.675 504.938 351.74 642.491 0 0.996435 
510.756 693.81 569.965 847.977 0 0.995909 
156.934 320.574 190.928 454.494 0 0.995746 
1.69244 394.535 30.6085 518.811 0 0.993504 
565.988 633.424 604.453 771.559 0 0.993136 
352.36 375.764 382.351 518.772 0 0.989682 
390.458 473.159 432.413 615.989 0 0.988889 
58.2664 547.713 93.1698 704.729 0 0.986605 
716.193 512.284 755.699 654.851 0 0.981739 
414.473 390.602 450.054 538.088 0 0.977075 
529.648 403.25 565.672 546.522 0 0.976393 
262.889 364.45 296.444 499.634 0 0.971239 
348.132 91.4879 367.414 190.847 0 0.959684 
729.711 419.945 768.621 602.3 0 0.876698 
435.572 188.742 455.422 278.841 0 0.819694 
917.657 344.229 953.615 441.821 0 0.793357 
325.1 88.1415 342.446 155.477 0 0.737529 
445.433 215.019 469.939 281.821 0 0.727267 
968.239 352.127 994.929 462.618 0 0.718126 
459.904 7.34715 975.061 331.943 0 0.71615 
388.06 125.572 408.581 233.786 0 0.69926 
329.94 129.809 349.061 209.487 0 0.676353 
740.17 219.457 772.915 290.923 0 0.664456 
325.324 3.61758 875.058 311.613 0 0.649631 
762.503 178.628 784.31 252.118 0 0.646374 
825.352 188.562 849.741 273.234 0 0.612502 
305.03 83.4909 322.513 182.61 0 0.604316 
1008.35 339.963 1023.08 445.139 0 0.550751 
54.8387 99.0633 77.707 176.436 0 0.532416 
695.871 243.347 720.489 314.557 0 0.529726 
397.707 109.561 418.138 227.333 0 0.522834 
652.574 141.029 672.272 194.925 0 0.519211 
