769.752 499.747 801.455 591.097 0 0.997391 
617.184 615.85 640.432 726.977 0 0.997301 
5.49932 622.843 34.9528 748.578 0 0.995839 
184.562 557.9 199.147 656.909 0 0.988617 
398.802 548.515 428.4 631.178 0 0.983873 
264.322 644.207 293.819 760.679 0 0.983684 
643.478 615.157 673.123 728.753 0 0.981486 
233.172 617.021 266.808 718.559 0 0.979953 
382.616 531.745 405.737 620.976 0 0.974445 
361.812 524.592 382.44 627.111 0 0.967004 
459.762 557.315 482.707 652.453 0 0.947967 
334.784 352.503 347.945 391.275 0 0.944668 
669.66 379.479 682.545 444.038 0 0.943897 
608.066 376.061 621.54 438.622 0 0.906889 
198.401 354.738 211.635 398.686 0 0.905842 
440.234 551.939 463.661 645.195 0 0.858253 
404.595 52.6169 960.901 432.254 0 0.848165 
495.606 578.222 519.692 679.332 0 0.817546 
85.8455 398.313 95.7313 412.998 0 0.800823 
141.885 370.991 156.798 405.015 0 0.789208 
645.027 378.397 656.527 445.115 0 0.775131 
774.002 398.508 786.537 449.178 0 0.744812 
653.542 407.169 667.656 451.383 0 0.744427 
847.643 6.49247 859.871 62.5319 0 0.735073 
700.352 386.851 711.713 451.888 0 0.69818 
45.3455 403.052 56.6873 416.375 0 0.693254 
479.072 571.824 504.197 672.538 0 0.682253 
219.121 363.257 232.217 400.498 0 0.655798 
579.793 378.086 591.824 430.712 0 0.642479 
837.689 403.508 850.663 465.347 0 0.613836 
260.588 375.996 271.328 396.72 0 0.607374 
72.326 398.985 82.1856 413.684 0 0.593352 
165.379 7.91608 661.05 411.433 0 0.57268 
180.326 388.176 191.203 404.52 0 0.554168 
60.5111 398.886 71.9155 415.018 0 0.545691 
494.096 351.041 507.719 407.241 0 0.544836 
684.458 439.886 702.014 464.851 0 0.525309 
