330.926 348.131 365.024 489.818 0 0.99845 
523.739 361.717 550.121 502.214 0 0.997861 
350.619 521.593 386.062 658.1 0 0.997621 
484.268 362.469 508.896 504.903 0 0.997493 
129.979 270.864 158.715 398.109 0 0.997387 
17.7242 745.66 60.3173 911.556 0 0.99634 
512.148 482.115 544.23 632.384 0 0.993336 
233.272 389.091 264.009 506.773 0 0.991325 
621.671 443.644 651.392 577.325 0 0.990736 
1.84991 230.24 29.1113 345.96 0 0.987751 
225.152 570.706 266.927 741.081 0 0.985527 
985.71 298.365 1017.74 387.811 0 0.984846 
748.87 360.165 786.977 504.304 0 0.977753 
380.624 332.431 419.078 466.032 0 0.973234 
306.051 317.771 333.318 446.875 0 0.969315 
959.953 290.325 990.118 382.942 0 0.951033 
359.168 341.651 386.762 467.08 0 0.901718 
412.25 43.9036 430.816 136.781 0 0.86435 
600.566 636.903 662.814 784.451 0 0.834362 
642.513 552.567 690.668 663.338 0 0.806585 
448.939 74.5721 471.602 177.781 0 0.77643 
625.529 628.786 705.078 746.716 0 0.684554 
642.677 621.332 706.035 703.288 0 0.630473 
768.983 159.266 794.191 224.865 0 0.608311 
396.238 81.7997 414.044 163.684 0 0.529197 
