461.898 569.312 502.006 756.897 0 0.998959 
730.757 284.958 768.116 446.508 0 0.997365 
755.887 522.961 788.625 725.665 0 0.995261 
842.448 343.573 889.186 550.425 0 0.991799 
802.194 275.902 848.452 460.466 0 0.9917 
341.7 506.909 400.662 680.524 0 0.98134 
428.636 448.166 503.827 551.252 0 0.979939 
69.945 211.561 99.5161 332.956 0 0.960872 
363.613 99.2522 392.426 159.209 0 0.955318 
258.759 131.948 291.348 214.214 0 0.952765 
588.442 503.774 637.943 679.931 0 0.935551 
36.4782 204.114 69.7939 323.541 0 0.932298 
445.133 103.931 472.408 167.609 0 0.899699 
197.06 143.472 227.976 229.573 0 0.891957 
306.469 165.439 324.296 193.943 0 0.769662 
181.238 168.664 205.909 237.919 0 0.661955 
519.328 80.046 543.812 155.712 0 0.576554 
