100.582 596.252 134.848 719.03 0 0.998974 
212.923 637.391 249.29 768.688 0 0.994781 
65.1985 423.026 92.6639 536.707 0 0.994091 
211.273 470.195 256.908 586.209 0 0.991828 
710.097 429.902 750.903 527.224 0 0.970736 
754.377 420.303 777.944 526.527 0 0.926956 
154.368 4.154 775.624 265.818 0 0.858567 
217.788 261.368 234.115 280.415 0 0.791913 
793.145 225.37 810.898 243.77 0 0.769742 
556.994 245.885 567.322 259.473 0 0.68547 
572.476 371.716 593.634 444.13 0 0.636044 
133.524 263.34 149.098 283.118 0 0.624436 
760.103 229.62 771.265 244.898 0 0.590822 
300.918 262.794 316.167 276.623 0 0.567281 
572.265 241.847 584.338 258.371 0 0.564836 
154.36 265.721 171.941 283.277 0 0.561274 
505.687 244.915 526.293 262.363 0 0.559168 
244.452 261.001 262.349 278.987 0 0.529054 
543.205 244.399 553.54 259.72 0 0.526186 
275.402 230.058 290.496 274.341 0 0.518715 
320.002 258.822 333.683 274.859 0 0.510211 
771.862 208.914 789.969 243.839 0 0.508376 
600.228 241.982 613.657 256.439 0 0.500706 
