804.353 286.359 843.455 420.795 0 0.998231 
516.509 710.731 565.182 871.113 0 0.997534 
651.006 384.582 700.775 499.819 0 0.997407 
745.884 635.437 779.083 801.858 0 0.995534 
334.951 532.872 403.678 714.614 0 0.99424 
715.512 677.087 757.865 858.628 0 0.99342 
781.536 556.794 819.163 722.383 0 0.991633 
278.948 422.469 329.287 538.019 0 0.986937 
882.081 940.793 926.418 1020.78 0 0.980404 
254.88 582.851 290.83 728.874 0 0.975457 
713.487 369.103 743.587 499.63 0 0.970086 
1009.14 383.476 1024.61 527.633 0 0.966011 
540.698 448.884 594.401 587.841 0 0.948587 
56.9384 265.878 88.153 395.012 0 0.807459 
206.676 235.224 233.54 300.545 0 0.682399 
830.87 1.3459 855.525 55.5001 0 0.61356 
71.1019 218.906 110.992 365.438 0 0.543015 
