529.21 373.238 556.308 481.235 0 0.998896 
475.713 530.581 507.762 658.685 0 0.998823 
636.948 884.416 675.075 1021.18 0 0.997524 
723.734 358.083 746.81 487.479 0 0.997019 
546.919 437.891 581.993 547.203 0 0.993648 
691.876 367.534 710.951 477.139 0 0.992101 
810.799 234.369 839.286 348.431 0 0.990929 
648.061 542.574 676.291 669.315 0 0.989698 
234.601 605.881 274.211 744.344 0 0.988216 
373.28 499.601 407.45 619.328 0 0.986769 
284.215 583.612 319.042 704.342 0 0.983746 
358.697 232.878 392.076 346.151 0 0.973794 
563.423 674.187 602.213 827.017 0 0.966307 
353.209 506.191 374.997 617.3 0 0.95832 
321.9 97.261 338.445 151.11 0 0.922373 
298.419 116.469 318.984 164.304 0 0.887151 
125.727 171.033 146.543 256.078 0 0.773087 
374.77 104.957 389.077 131.639 0 0.712805 
398.926 79.8494 412.783 127.514 0 0.698929 
171.629 159.805 195.976 230.591 0 0.669668 
257.816 122.059 277.897 173.745 0 0.583542 
421.56 90.788 436.882 138.456 0 0.578884 
