435.352 515.325 472.103 605.941 0 0.997479 
620.915 690.073 654.14 798.494 0 0.994255 
575.501 807.172 610.361 926.027 0 0.992731 
829.161 318.987 852.218 388.775 0 0.992187 
335.6 481.85 365.72 554.135 0 0.990248 
716.41 403.223 741.926 483.69 0 0.988524 
262.372 703.027 301.656 804.528 0 0.985688 
506.672 354.033 532.919 424.809 0 0.984806 
572.023 536.963 600.536 615.311 0 0.976205 
170.442 298.218 193.402 369.815 0 0.971022 
684.573 266.708 702.198 334.521 0 0.959713 
433.176 408.289 461.454 486.102 0 0.930552 
621.473 130.907 636.739 153.789 0 0.810585 
602.004 126.106 618.26 153.198 0 0.736765 
340.083 560.65 362.554 641.999 0 0.733631 
715.083 177.146 731.504 206.152 0 0.69283 
794.731 232.189 809.244 279.697 0 0.655585 
754.153 321.476 775.349 382.525 0 0.647329 
