190.984 383.108 223.02 555.325 0 0.999459 
331.104 565.704 373.677 749.411 0 0.996543 
114.261 470.466 143.86 648.624 0 0.995869 
822.992 426.111 859.37 629.215 0 0.993408 
557.625 339.834 591.946 499.798 0 0.991717 
724.456 504.549 758.159 682.953 0 0.986604 
585.751 795.066 630.1 996.622 0 0.982902 
545.336 475.108 576.579 639.942 0 0.979751 
72.6163 560.15 116.858 775.838 0 0.978387 
312.26 380.042 342.471 542.913 0 0.966777 
933.837 19.3333 964.562 121.233 0 0.962813 
210.197 702.349 255.069 902.634 0 0.955648 
331.658 364.103 356.314 535.881 0 0.943583 
990.352 35.5666 1020.95 136.111 0 0.917833 
800.208 580.723 875.346 670.474 0 0.917437 
228.077 10.4051 245.229 59.5742 0 0.883971 
633.128 165.065 658.876 224.082 0 0.852465 
870.544 29.3951 898.321 96.8676 0 0.849488 
824.364 23.8267 852.677 84.3717 0 0.821308 
797.806 227.364 825.041 304.795 0 0.782393 
841.767 29.6501 868.783 87.391 0 0.749198 
891.901 37.62 916.608 101.402 0 0.738091 
278.392 22.7695 303.129 118.074 0 0.677959 
540.867 155.964 562.037 219.054 0 0.67752 
668.624 195.242 682.995 224.453 0 0.661572 
566.901 166.215 590.589 236.549 0 0.652504 
762.255 15.8999 786.914 63.3832 0 0.598489 
782.451 19.3067 806.932 66.8234 0 0.56864 
746.524 10.1307 774.943 61.0636 0 0.561174 
189.117 39.9392 203.078 58.5481 0 0.555362 
456.944 102.168 481.864 195.8 0 0.552748 
310.586 58.5191 332.993 137.351 0 0.531657 
