700.386 311.991 728.868 417.489 0 0.998154 
659.141 262.102 686.723 347.765 0 0.995083 
454.239 311.68 491.357 422.085 0 0.991955 
649.277 372.239 696.707 588.251 0 0.989603 
415.894 293.08 460.269 380.265 0 0.988995 
349.283 213.147 360.394 253.313 0 0.968363 
594.753 241.291 612.132 300.591 0 0.942006 
460.801 195.079 471.18 227.657 0 0.941206 
970.775 275.996 998.809 376.657 0 0.931892 
911.544 190.995 923.45 229.326 0 0.903719 
969.884 227.19 990.365 288.745 0 0.893296 
55.0591 236.623 69.9268 275.877 0 0.745735 
146.387 227.761 159.886 263.348 0 0.587024 
128.592 231.327 150.987 290.867 0 0.561255 
