356.266 353.82 377.763 463.72 0 0.997299 
502.285 372.124 527.78 492.814 0 0.994182 
594.832 307.399 634.673 390.751 0 0.993915 
331.996 489.296 361.194 606.814 0 0.99128 
183.561 816.281 220.27 988.015 0 0.988752 
412.033 279.929 428.746 363.974 0 0.987928 
197.083 329.229 219.117 426.831 0 0.974925 
547.4 298.827 574.369 387.799 0 0.973656 
165.205 356.364 190.839 442.689 0 0.971685 
378.505 304.081 397.614 378.382 0 0.968813 
4.07225 442.947 33.3579 559.157 0 0.950634 
261.947 483.655 282.238 603.94 0 0.949734 
194.384 244.269 212.882 291.341 0 0.730358 
341.87 249.269 359.177 296.942 0 0.723311 
217.424 207.433 233.464 247.418 0 0.653316 
26.7853 244.403 44.1282 287.974 0 0.58901 
231.919 272.39 245.769 293.515 0 0.576431 
750.476 253.074 766.319 296.698 0 0.560464 
292.615 0 885.429 288.683 0 0.51481 
