574.045 782.292 641.286 917.04 0 0.998651 
182.431 346.881 230.809 452.789 0 0.997714 
21.9475 236.48 46.1003 326.729 0 0.997512 
84.8265 391.317 109.216 498.335 0 0.997457 
287.576 401.943 316.887 511.055 0 0.997426 
535.741 709.659 579.923 842.347 0 0.997109 
308.421 241.576 332.019 352.352 0 0.996539 
362.118 311.676 391.147 423.325 0 0.996181 
635.531 505.852 664.018 630.094 0 0.991303 
50.456 331.455 77.317 453.646 0 0.991194 
521.328 377.334 544.458 486.533 0 0.988701 
818.917 352.641 845.189 447.779 0 0.987393 
673.887 413.969 702.793 536.072 0 0.986678 
195.755 519.575 227.644 640.342 0 0.959815 
222.613 23.131 237.325 56.5443 0 0.888724 
727.437 173.791 752.224 228.85 0 0.83974 
182.42 459.737 212.569 546.087 0 0.837879 
209.05 31.5359 223.253 57.5311 0 0.83327 
285.804 15.6549 301.839 73.9238 0 0.794185 
104.198 33.7559 120.424 57.5564 0 0.700652 
310.105 32.8718 323.335 74.0855 0 0.690007 
708.437 188.54 723.966 218.765 0 0.683979 
182.05 451.636 215.754 621.334 0 0.647176 
777.46 190.266 794.778 230.116 0 0.582205 
321.583 23.9661 336.783 75.5977 0 0.51219 
