231.828 589.231 256.986 662.443 0 0.994942 
789.907 705.799 813.377 800.44 0 0.989139 
51.001 699.643 88.8592 789.229 0 0.973599 
558.913 835.941 590.543 939.943 0 0.95909 
279.926 459.036 305.732 532.776 0 0.915443 
466.449 311.768 488.899 366.994 0 0.899458 
600.799 515.975 618.756 592.519 0 0.886792 
931.645 498.856 962.779 570.317 0 0.872217 
644.348 422.096 662.421 483.174 0 0.845158 
516.893 188.952 533.938 223.338 0 0.729763 
459.227 187.802 476.872 220.398 0 0.676639 
673.908 446.189 703.505 499.851 0 0.671536 
871.283 198.253 891.228 233.578 0 0.664547 
516.687 413.295 531.732 470.287 0 0.656523 
912.243 201.518 929.786 235.039 0 0.575051 
622.042 194.246 638.677 227.686 0 0.546788 
