465.87 781.799 531.004 1018.23 0 0.999338 
231.973 759.367 312.258 971.58 0 0.998693 
474.196 444.117 531.737 643.607 0 0.997929 
600.477 467.463 649.858 691.315 0 0.997862 
947.791 760.848 1003.98 998.058 0 0.997128 
962.979 538.855 1016.84 782.354 0 0.996792 
710.29 649.783 755.304 969.14 0 0.996514 
806.972 542.674 861.661 780.916 0 0.995513 
342.628 517.174 409.189 656.982 0 0.993987 
286.245 28.4819 319.357 135.815 0 0.971874 
339.665 753.517 398.081 1035.65 0 0.96149 
381.807 506.373 432.637 646.007 0 0.926586 
518.301 12.6682 549.703 97.8361 0 0.882386 
439.148 41.4659 469.444 107.823 0 0.861464 
482.744 20.5995 510.999 111.214 0 0.690289 
403.35 42.5222 436.368 104.863 0 0.657004 
435.238 5.46888 464.839 89.0441 0 0.543399 
630.503 10.5381 657.741 58.3606 0 0.506852 
