404.639 364.988 427.608 481.583 0 0.999004 
255.187 289.929 279.809 386.76 0 0.998908 
134.231 486.423 167.938 605.557 0 0.99866 
914.092 632.011 944.362 781.478 0 0.998575 
492.469 513.541 539.812 627.163 0 0.998045 
760.744 434.014 785.438 554.796 0 0.997216 
277.599 650.131 310.444 789.318 0 0.997123 
27.7595 460.176 58.87 589.14 0 0.996915 
379.428 369.598 400.053 493.687 0 0.994508 
563.014 299.479 586.901 406.143 0 0.993898 
968.406 603.554 996.576 739.277 0 0.991397 
939.999 254.806 971.745 365.111 0 0.991148 
685.707 575.55 717.918 707.732 0 0.990836 
458.372 240.781 479.732 335.838 0 0.990721 
341.785 268.398 379.873 358.558 0 0.989723 
415.247 253.254 438.676 327.651 0 0.984735 
596.447 53.2251 610.882 91.8297 0 0.881518 
772.998 36.3491 787.479 102.76 0 0.856237 
539.446 42.4592 552.598 90.6506 0 0.788189 
502.804 77.162 513.097 92.2519 0 0.75336 
478.872 75.2323 489.015 92.25 0 0.711843 
465.984 78.5895 475.675 94.3316 0 0.687365 
667.9 42.2589 681.215 90.5849 0 0.632037 
382.713 56.8459 398.186 99.0011 0 0.623855 
789 60.7578 804.024 148.37 0 0.622487 
756.903 33.9448 769.347 100.124 0 0.518615 
445.881 46.1632 459.405 88.6519 0 0.515635 
690.351 56.3866 704.268 108.466 0 0.514555 
404.677 83.9497 414.956 100.092 0 0.510345 
