475.387 605.078 503.423 713.496 0 0.999137 
467.887 459.375 491.533 554.14 0 0.995268 
549.932 636.98 574.961 763.814 0 0.99462 
874.05 458.687 897.967 534.662 0 0.994618 
638.699 566.525 665.278 655.907 0 0.990379 
728.878 493.661 751.546 596.215 0 0.989451 
568.335 653.479 597.006 778.338 0 0.977932 
258.597 627.659 291.665 742.328 0 0.971004 
358.358 571.598 385.104 672.575 0 0.970575 
348.108 391.331 365.986 471.416 0 0.967682 
378.388 629.097 408.875 747.037 0 0.96522 
634.138 511.032 657.785 592.993 0 0.96172 
384.785 377.915 398.942 429.09 0 0.959678 
225.754 424.85 241.865 505.327 0 0.952275 
170.644 419.532 189.352 488.361 0 0.94171 
632.47 328.465 645.078 401.067 0 0.937424 
105.308 428.187 123.895 502.739 0 0.935698 
463.385 365.738 476.917 417.689 0 0.924675 
324.04 668.919 372.414 714.745 0 0.902438 
71.7061 510.866 88.0701 555.696 0 0.888836 
298.968 396.546 318.332 472.53 0 0.882175 
652.904 669.472 705.12 790.512 0 0.859076 
253.12 421.38 268.424 504.282 0 0.851518 
39.4899 509.974 62.2032 561.833 0 0.839116 
0.469106 445.602 25.2127 531.045 0 0.8225 
0.597645 519.752 19.818 568.75 0 0.791436 
775.578 311.908 788.446 370.609 0 0.772478 
60.2122 446.777 76.8253 517.927 0 0.76664 
130.504 36.6037 716.844 426.393 0 0.765462 
520.773 351.486 533.694 400.944 0 0.761997 
597.636 337.845 610.998 391.829 0 0.745912 
101.346 496.687 122.244 546.384 0 0.655088 
747.846 330.655 762.444 373.556 0 0.645134 
202.514 415.355 216.581 487.234 0 0.630466 
693.522 350.048 705.932 391.189 0 0.619714 
854.814 312.435 868.585 352.433 0 0.580901 
427.158 375.182 441.435 423.494 0 0.574938 
