337.211 701.136 364.649 807.957 0 0.99274 
832.927 334.523 854.213 402.065 0 0.992473 
669.28 598.115 706.321 690.706 0 0.989653 
853.648 475.624 869.841 563.347 0 0.989649 
462.613 548.128 494.388 636.84 0 0.988481 
972.733 379.545 995.667 456.388 0 0.987069 
736.013 839.051 766.3 967.189 0 0.976874 
497.435 460.477 534.089 550.249 0 0.972587 
330.369 597.369 358.053 684.103 0 0.965725 
917.357 390.809 948.82 458.672 0 0.963465 
540.91 424.089 555.692 502.551 0 0.926361 
744.849 741.281 767.307 858.766 0 0.847483 
898.642 220.099 913.697 249.902 0 0.777025 
321.231 339.287 337.524 421.563 0 0.711016 
343.701 559.751 365.1 642.049 0 0.671335 
325.305 225.103 338.114 262.244 0 0.629648 
1.89054 902.758 22.8941 1001.18 0 0.577163 
260.944 253.021 274.192 282.406 0 0.559395 
740.051 156.976 755.904 183.494 0 0.515353 
22.8404 972.668 53.6546 1020.35 0 0.512671 
