205.668 335.148 240.294 451.369 0 0.999 
568.511 398.879 600.209 510.06 0 0.998092 
682.554 419.161 719.487 552.995 0 0.997239 
282.495 37.8411 303.447 135.329 0 0.996701 
445.127 411.591 477.958 536.912 0 0.996346 
692.481 842.698 745.066 1022.96 0 0.995725 
69.7082 375.809 112.873 486.323 0 0.993959 
206.715 458.06 235.427 593.591 0 0.99324 
151.847 608.508 186.859 760.811 0 0.992885 
548.916 559.299 591.077 687.32 0 0.988413 
662.979 485.291 700.465 598.123 0 0.987969 
535.06 469.032 562.5 603.369 0 0.985257 
438.535 334.608 468.826 437.173 0 0.976025 
916.995 291.52 940.957 392.59 0 0.965363 
321.466 15.4178 343.489 111.712 0 0.891816 
527.357 158.157 550.422 244.839 0 0.858603 
367.072 425.012 387.645 490.888 0 0.813467 
366.849 97.572 385.293 181.601 0 0.786036 
12.7022 95.4366 28.6016 121.447 0 0.777459 
338.235 54.5611 355.386 156.323 0 0.762971 
957.701 117.59 983.085 177.777 0 0.758002 
969.053 346.115 994.25 407.501 0 0.738347 
476.843 202.755 495.094 233.346 0 0.734883 
164.889 10.6048 181.722 58.4816 0 0.717958 
395.437 0 984.189 279.076 0 0.710381 
872.247 271.324 891.126 380.809 0 0.702268 
198.375 8.07763 221.3 52.9729 0 0.70092 
235.781 6.70942 258.256 53.6332 0 0.667818 
198.421 5.80722 222.284 107.524 0 0.646789 
808.293 73.2223 829.95 139.539 0 0.608895 
145.273 14.6368 161.932 55.3402 0 0.598017 
175.613 10.8603 194.565 57.4954 0 0.58652 
674.065 281.187 694.519 314.329 0 0.573263 
555.257 182.659 576.072 258.166 0 0.557038 
323.266 141.871 340.998 174.059 0 0.553376 
610.578 161.956 634.736 277.215 0 0.546844 
761.955 88.6443 783.8 148.916 0 0.527556 
