343.705 540.31 361.912 635.719 0 0.996037 
943.599 525.191 962.406 626.717 0 0.992738 
103.221 688.421 139.203 789.291 0 0.990744 
937.75 409.427 956.334 487.411 0 0.988714 
675.221 359.397 694.676 440.469 0 0.982106 
913.902 326.189 930.228 405.639 0 0.972798 
830.869 373.998 853.625 457.103 0 0.970996 
753.433 418.504 769.422 511.921 0 0.969943 
469.721 320.89 485.922 383.921 0 0.965291 
269.839 947.768 296.079 1025.46 0 0.961639 
730.795 399.933 750.7 478.649 0 0.958565 
715.772 477.855 735.095 576.569 0 0.951809 
309.09 398.012 328.35 450.631 0 0.94182 
272.637 412.335 287.857 464.106 0 0.926415 
7.25448 501.604 33.1515 556.315 0 0.894937 
342.449 992.441 368.554 1023.94 0 0.881617 
739.64 241.981 754.147 286.006 0 0.87942 
107.443 24.4807 700.96 398.941 0 0.876248 
138.362 444.509 156.461 506.518 0 0.870656 
41.8384 474.315 61.6587 547.41 0 0.847187 
161.69 440.657 181.599 502.857 0 0.843494 
373.216 361.716 386.961 423.457 0 0.837979 
29.2166 855.511 55.9437 953.299 0 0.829398 
284.353 21.7761 907.076 347.326 0 0.757822 
87.6394 478.609 105.086 532.348 0 0.727083 
104.607 466.205 123.096 522.166 0 0.726959 
259.939 419.538 274.991 468.084 0 0.683142 
388.74 356.118 401.008 386.234 0 0.665155 
53.5121 849.374 79.2342 925.468 0 0.638532 
237.917 409.837 253.805 448.451 0 0.624355 
914.164 180.89 929.466 218.933 0 0.622236 
837.25 208.314 849.201 250.318 0 0.599535 
109.186 877.61 133.752 958.928 0 0.597589 
196.265 427.752 214.554 490.064 0 0.595074 
805.235 228.968 820.721 262.736 0 0.539334 
80.7271 280.144 99.55 308.441 0 0.535017 
660.771 259.138 674.786 292.918 0 0.517973 
115.968 267.254 130.733 301.037 0 0.51147 
