695.186 261.72 727.918 361.325 0 0.998196 
572.715 278.296 624.714 391.452 0 0.997191 
668.723 345.184 713.428 515.32 0 0.992106 
494.78 250.313 537.888 350.149 0 0.979838 
823.166 233.842 857.523 307.955 0 0.951832 
574.991 187.402 591.223 246.482 0 0.945495 
461.137 248.385 484.042 325.009 0 0.943272 
425.224 146.621 437.933 182.948 0 0.939896 
914.34 177.62 930.892 236.609 0 0.909142 
590.807 216.654 606.429 295.782 0 0.877471 
311.994 169.975 324.2 213.602 0 0.872079 
862.968 142.543 878.257 172.348 0 0.567798 
