360.804 541.895 381.785 631.247 0 0.998699 
58.8552 607.552 85.6176 703.916 0 0.996128 
937.087 831.996 964.846 958.336 0 0.995467 
473.678 566.896 493.761 649.004 0 0.995329 
413.837 737.709 435.107 849.92 0 0.994475 
208.918 486.369 228.608 570.795 0 0.991693 
829.432 594.995 851.03 685.496 0 0.988634 
148.189 835.801 173.587 955.369 0 0.987783 
96.6214 398.05 111.963 472.664 0 0.980875 
696.355 455.843 713.188 536.873 0 0.980174 
261.832 170.477 274.76 205.826 0 0.96913 
312.413 257.694 327.961 310.533 0 0.968133 
274.931 355.491 291.261 421.697 0 0.96707 
314.685 170.504 325.673 205.164 0 0.964525 
590.702 328.955 608.748 396.197 0 0.940498 
490.039 362.027 504.741 425.806 0 0.935905 
570.261 334.462 590.492 401.32 0 0.92899 
492.317 414.492 513.989 473.654 0 0.928631 
369.073 166.131 379.108 197.351 0 0.921391 
414.512 165.152 425.844 195.162 0 0.896353 
508.973 158.195 518.838 186.9 0 0.88864 
612.922 144.465 625.656 175.917 0 0.88623 
162.202 177.554 173.493 212.176 0 0.885841 
514.356 574.088 532.112 638.49 0 0.878113 
548.429 395.257 571.685 454.402 0 0.861573 
437.458 411.888 449.441 475.032 0 0.860957 
796.49 984.936 832.292 1024.21 0 0.829647 
130.067 177.357 145.102 213.703 0 0.759454 
638.408 142.636 650.169 172.044 0 0.734629 
549.669 156.896 564.635 182.844 0 0.687619 
89.9647 2.43466 677.645 219.64 0 0.65213 
675.745 143.646 687.312 170.224 0 0.608709 
467.109 162.69 478.516 186.732 0 0.597915 
204.921 0 839.431 224.506 0 0.580262 
294.801 188.63 304.401 204.003 0 0.529507 
788.066 76.6744 799.147 106.093 0 0.516954 
