746.346 505.472 779.999 600.286 0 0.999412 
530.32 524.198 557.288 622.718 0 0.998159 
659.615 800.056 708.243 923.994 0 0.997922 
564.962 627.217 601.747 749.341 0 0.997757 
393.347 557.757 428.637 656.518 0 0.996641 
586.614 868.52 627.511 1017.5 0 0.995367 
562.512 487.777 599.162 583.286 0 0.994335 
872.49 422.606 910.849 518.619 0 0.994243 
377.525 506.885 409.067 613.409 0 0.991875 
692.525 367.925 714.677 458.817 0 0.991295 
686.502 493.712 723.426 583.602 0 0.988979 
676.446 570.495 713.005 681.258 0 0.983677 
762.259 309.9 790.14 395.858 0 0.982849 
798.494 462.045 832.189 567.653 0 0.981893 
192.762 395.609 222.269 484.846 0 0.975262 
828.092 456.95 867.2 549.664 0 0.964247 
138.289 240.473 157.312 318.726 0 0.883008 
849.827 94.3554 868.583 143.501 0 0.868634 
734.015 81.067 749.406 132.417 0 0.852323 
983.063 146.323 1019.76 246.779 0 0.851229 
540.396 87.3388 559.382 156.734 0 0.717777 
0 1.94128 572.055 283.638 0 0.715291 
724.896 12.835 741.269 41.371 0 0.653471 
575.509 32.6671 595.047 90.3777 0 0.597975 
836.464 13.9888 851.56 43.6204 0 0.538241 
916.5 100.987 931.607 143.414 0 0.519522 
806.121 25.7032 822.259 50.6299 0 0.512067 
836.495 116.698 849.6 142.849 0 0.510517 
54.9471 171.698 80.7376 223.719 0 0.504561 
