978.063 380.749 1011.52 475.986 0 0.998625 
719.439 336.264 740.965 435.411 0 0.998545 
798.724 438.09 819.622 553.572 0 0.997635 
686.12 502.6 710.67 617.317 0 0.996936 
393.236 460.173 422.493 568.376 0 0.993751 
618.649 353.325 638.3 449.346 0 0.993482 
683.12 300.661 701.226 377.021 0 0.99276 
826.172 216.475 846.189 297.006 0 0.991845 
618.359 504.102 646.187 611.471 0 0.991463 
841.963 327.962 864.118 413.108 0 0.989509 
118.44 779.033 145.835 919.048 0 0.986852 
523.358 651.452 553.77 755.914 0 0.976819 
235.768 627.758 258.798 716.583 0 0.975429 
615.857 595.675 646.882 714.723 0 0.97063 
67.552 215.078 86.6675 286.176 0 0.961453 
108.483 334.876 135.72 446.007 0 0.952372 
628.568 76.4429 643.867 121.732 0 0.932649 
888.86 137.076 913.698 214.437 0 0.928523 
446.757 45.7276 461.438 115.337 0 0.902763 
485.319 47.9145 499.371 104.958 0 0.830799 
701.976 85.7282 716.185 126.992 0 0.830521 
830.654 91.1148 848.702 141.462 0 0.766845 
940.626 93.6582 957.639 152.67 0 0.744436 
309.671 177.035 325.112 199.688 0 0.736374 
544.732 16.9182 555.734 50.8397 0 0.651526 
31.6721 223.508 51.2744 298.392 0 0.617523 
596.73 30.4238 609.84 64.2883 0 0.589728 
763.26 88.6843 775.296 126.55 0 0.585711 
538.986 73.2932 552.031 111.318 0 0.536695 
93.8243 244.38 112.547 272.747 0 0.52744 
426.832 74.947 444.837 140.311 0 0.508473 
