74.5955 542.083 124.639 697.67 0 0.99859 
562.427 390.307 594.55 509.545 0 0.998294 
433.286 328.357 465.717 446.846 0 0.998167 
835.258 676.357 890.923 823.002 0 0.997298 
491.994 387.471 521.309 508.282 0 0.997221 
506.72 523.013 541.659 663.141 0 0.994662 
506.927 693.153 553.524 832.164 0 0.994079 
385.994 336.755 413.506 470.035 0 0.993773 
204.115 288.073 222.986 414.825 0 0.991444 
626.521 613.428 663.348 748.136 0 0.990784 
764.878 301.093 799.568 416.041 0 0.988733 
651.463 676.603 710.518 847.381 0 0.988636 
649.311 632.742 712.879 778.534 0 0.941088 
589.938 57.7873 610.431 130.203 0 0.618537 
