614.701 688.886 643.673 823.956 0 0.998438 
254.231 683.913 297.602 840.32 0 0.998367 
816.099 921.421 853.407 1020.44 0 0.998155 
368.445 569.48 398.603 700.668 0 0.997719 
654.423 513.612 706.766 636.638 0 0.995755 
410.395 496.601 444.402 620.739 0 0.994913 
898.478 896.407 933.126 1021.73 0 0.993474 
223.067 694.667 258.022 842.072 0 0.985066 
523.927 150.015 545.123 212.167 0 0.941875 
633.614 426.4 674.604 570.19 0 0.939724 
77.7876 298.692 102.576 385.4 0 0.929783 
431.68 173.031 455.085 232.355 0 0.914166 
804.026 70.8829 820.731 110.704 0 0.898358 
518.621 532.579 568.716 651.959 0 0.87958 
605.721 443.893 633.489 569.677 0 0.846544 
740.948 85.9193 756.778 130.728 0 0.793829 
629.091 104.025 647.969 156.889 0 0.785886 
96.6851 278.907 118.163 377.672 0 0.717995 
242.784 249.416 260.882 301.683 0 0.668841 
931.122 70.7223 945.846 111.624 0 0.665996 
344.716 230.554 363.147 271.2 0 0.637554 
305.974 399.67 348.656 494.323 0 0.619449 
327.3 232.995 344.141 269.253 0 0.603917 
305.511 238.512 323.117 266.027 0 0.591296 
746.037 44.6224 766.977 100.041 0 0.590942 
721.424 64.7034 741.246 113.042 0 0.568943 
462.375 40.7079 478.781 74.5869 0 0.51561 
349.297 205.213 365.579 257.953 0 0.509799 
812.461 72.5693 825.598 108.751 0 0.509434 
