389.603 380.896 500.862 752.325 0 0.998581 
80.322 282.188 141.062 516.751 0 0.989417 
813.466 334.906 865.996 468.244 0 0.979074 
856.02 277.668 886.294 364.285 0 0.880753 
878.371 300.824 925.5 431.132 0 0.879809 
135.081 185.577 153.29 220.637 0 0.847688 
997.2 198.284 1023.82 291.62 0 0.697373 
698.037 260.382 719.034 379.214 0 0.651548 
138.09 133.136 159.031 194.034 0 0.64862 
199.647 240.708 223.756 319.846 0 0.647102 
835.209 201.621 856.054 290.223 0 0.630549 
258.262 167.031 281.657 229.362 0 0.603782 
153.157 174.578 178.296 219.548 0 0.595582 
830.571 315.575 881.58 433.116 0 0.555316 
149.077 281.924 164.516 319.324 0 0.512623 
