848.46 660.847 878.598 816.238 0 0.999441 
975.411 720.334 1021.17 864.389 0 0.998206 
901.706 637.382 929.945 776.406 0 0.997866 
185.019 672.582 219.1 816.713 0 0.997727 
688.674 575.237 739.194 702.078 0 0.996125 
387.653 213.517 412.521 311.188 0 0.995935 
292.722 205.115 317.749 290.546 0 0.990265 
468.986 500.695 500.971 619.16 0 0.989474 
725.527 429.072 754.712 552.302 0 0.985752 
164.253 279.947 194.738 381.801 0 0.985318 
282.036 352.198 314.065 479.704 0 0.984563 
314.974 359.726 347.324 471.344 0 0.980102 
500.217 281.347 529.364 390.789 0 0.977428 
462.879 12.1846 477.313 60.3558 0 0.80271 
302.754 26.0872 320.611 58.0917 0 0.76486 
427.634 46.9649 439.004 62.9251 0 0.752048 
891.771 233.97 927.637 336.619 0 0.731123 
618.867 25.4035 635.401 69.9432 0 0.694955 
388.746 51.2145 399.679 65.7855 0 0.665524 
524.961 25.3912 542.182 61.6861 0 0.659096 
174.046 248.185 195.116 298.109 0 0.539171 
