545.429 364.534 571.653 478.866 0 0.998671 
226.604 532.982 271.901 643.418 0 0.996452 
60.4592 328.068 91.0737 434.861 0 0.995889 
829.895 318.066 864.5 430.076 0 0.995603 
20.5929 221.827 44.4294 319.737 0 0.995492 
309.354 393.592 330.025 502.727 0 0.994884 
324.331 223.539 347.902 333.63 0 0.994277 
368.556 292.932 399.946 404.056 0 0.993485 
213.723 315.064 238.73 425.587 0 0.986978 
649.346 406.668 688.269 500.057 0 0.983518 
169.01 453.05 198.636 570.377 0 0.982836 
543.673 737.993 596.805 893.161 0 0.982077 
112.477 380.282 137.615 484.339 0 0.974243 
663.191 495.391 697.939 626.014 0 0.969225 
567.018 682.657 591.596 776.031 0 0.929255 
111.617 15.3369 128.748 56.7894 0 0.797726 
229.078 2.6895 244.045 51.3942 0 0.79187 
290.968 0 305.398 62.3601 0 0.778162 
71.4645 11.204 85.7033 56.849 0 0.732909 
854.562 34.7813 870.322 78.6412 0 0.715107 
326.117 4.15791 341.11 53.5649 0 0.681534 
55.4242 28.6549 72.7014 59.6898 0 0.663746 
729.823 156.668 752.647 207.346 0 0.58312 
214.055 15.8894 230.386 57.4624 0 0.558452 
5.94091 56.5588 18.5451 81.8944 0 0.543199 
