756.591 642.062 818.103 759.121 0 0.99868 
641.753 415.883 661.849 531.164 0 0.998494 
200.48 626.339 238.103 752.579 0 0.997225 
468.469 708.913 506.484 852.02 0 0.995629 
92.2203 468.782 123.478 593.556 0 0.995546 
580.687 423.333 600.388 522.863 0 0.995275 
847.577 735.706 876.93 866.134 0 0.992883 
400.135 415.246 419.288 525.719 0 0.990938 
492.695 319.229 520.902 409.901 0 0.987838 
557.565 547.43 586.591 667.816 0 0.979732 
225.998 259.122 248.718 347.714 0 0.968053 
779.454 265.213 817.914 353.865 0 0.965278 
480.388 318.423 498.457 411.759 0 0.961133 
234.649 32.4674 252.301 56.3738 0 0.802573 
252.461 27.2807 264.478 56.2254 0 0.580253 
388.741 12.832 401.938 55.7346 0 0.5078 
