681.007 277.824 751.773 488.138 0 0.996875 
913.394 737.077 1017.41 981.807 0 0.995775 
5.49396 561.642 55.5181 838.403 0 0.99559 
106.155 744.588 274.967 802.666 0 0.994639 
536.995 322.934 596.555 558.745 0 0.993086 
612.709 524.899 666.936 763.748 0 0.990567 
469.901 413.679 522.238 693.475 0 0.983573 
822.878 0 851.432 65.0168 0 0.980048 
787.779 789.078 892.1 1012.31 0 0.972777 
529.499 320.013 571.606 534.515 0 0.947811 
26.5475 139.98 64.7563 353.363 0 0.842076 
674.835 0 716.073 133.015 0 0.837409 
2.13278 178.688 43.429 362.806 0 0.757504 
485.449 105.353 525.02 167.598 0 0.737105 
205.275 189.493 251.982 288.97 0 0.734844 
432.034 136.033 465.079 196.453 0 0.725341 
764.987 655.134 836.715 889.958 0 0.655593 
764.421 45.5107 789.82 97.2875 0 0.54259 
