255.382 567.915 287.861 676.514 0 0.992145 
399.493 611.052 463.018 731.674 0 0.989033 
363.748 520.745 392.296 668.463 0 0.971994 
970.46 461.183 995.124 543.458 0 0.971961 
349.601 545.756 371.934 677.233 0 0.897829 
795.327 393.605 814.055 432.671 0 0.890123 
431.693 601.396 466.893 663.599 0 0.881173 
255.583 506.614 276.865 585.874 0 0.859234 
540.693 360.248 558.927 425.078 0 0.834533 
507.737 354.782 528.144 403.879 0 0.825233 
956.42 414.345 976.438 510.891 0 0.809729 
276.919 34.0525 854.079 396.748 0 0.805497 
72.0986 318.93 89.3191 337.459 0 0.745639 
420.492 370.72 434.279 395.454 0 0.743584 
749.563 395.898 767.816 428.886 0 0.724496 
380.666 346.247 399.939 382.719 0 0.715454 
699.164 289.322 718.81 361.661 0 0.711613 
840.886 411.35 867.515 463.342 0 0.693904 
991.221 333.602 1009.64 413.945 0 0.689006 
445.821 25.1103 1014.78 396.613 0 0.654922 
30.9389 323.172 41.2645 340.964 0 0.611122 
298.273 287.273 315.636 361.153 0 0.580866 
938.92 346.327 961.644 403.651 0 0.538683 
584.374 364.634 606.079 418.034 0 0.504533 
