698.044 463.235 738.205 591.405 0 0.998753 
756.882 342.774 785.515 459.466 0 0.997088 
808.966 334.65 840.618 458.873 0 0.993864 
957.365 389.749 997.351 511.744 0 0.993291 
678.06 473.324 703.263 600.901 0 0.983192 
831.667 407.853 861.697 544.198 0 0.981497 
551.659 500.102 580.254 624.474 0 0.978717 
250.23 249.053 276.09 309.533 0 0.963621 
78.2672 310.386 102.201 396.393 0 0.956584 
510.63 544.741 543.899 670.988 0 0.939642 
158.868 285.954 177.702 330.631 0 0.844374 
203.277 257.826 231.03 318.19 0 0.735074 
1012.4 369.097 1024.03 541.396 0 0.654052 
104.096 301.988 131.33 380.731 0 0.593271 
376.23 229.614 396.591 272.148 0 0.502397 
