726.722 426.132 749.631 506.656 0 0.992609 
7.27866 535.377 37.4515 650.155 0 0.992478 
352.649 490.372 382.728 595.471 0 0.982518 
130.449 505.757 152.446 614.81 0 0.979145 
621.601 317.544 635.935 372.743 0 0.977488 
178.618 597.192 209.04 719.935 0 0.966822 
116.178 415.699 150.026 507.863 0 0.953368 
994.258 407.059 1017.13 475.114 0 0.942004 
339.128 21.7954 940.129 359.163 0 0.841728 
189.541 283.185 198.672 298.575 0 0.786506 
442.126 474.55 490.584 584.567 0 0.7725 
78.9096 291.539 93.3738 308.239 0 0.765464 
594.852 310.953 613.27 361.969 0 0.76298 
842.495 345.958 860.577 380.774 0 0.740611 
175.066 286.68 184.536 300.804 0 0.736066 
410.282 253.415 426.592 312.937 0 0.728721 
45.3613 291.241 56.1964 310.486 0 0.710402 
222.827 278.911 238.41 297.226 0 0.710046 
97.8904 288.7 107.964 307.044 0 0.691781 
112.399 290.73 121.791 305.767 0 0.680075 
661.321 318.27 678.127 365.574 0 0.655029 
926.687 351.068 944.906 436.088 0 0.62092 
136.094 284.198 147.241 303.598 0 0.613054 
465.912 483.934 500.155 550.537 0 0.582383 
541.141 305.554 555.682 345.483 0 0.581213 
747.513 333.335 762.768 364.108 0 0.529984 
