660.607 451.227 689.739 562.335 0 0.997346 
577.742 697.576 609.241 838.603 0 0.997145 
724.456 729.365 768.253 866.888 0 0.996762 
251.122 619.095 294.661 742.61 0 0.994361 
825.003 678.042 860.772 822.229 0 0.991101 
966.201 462.286 996.739 583.046 0 0.990053 
795.052 377.641 834.856 481.501 0 0.985328 
769.906 621.941 805.603 754.013 0 0.982318 
1.16763 465.504 25.8219 579.004 0 0.975507 
447.666 570.115 514.908 613.268 0 0.966418 
920.189 947.764 969.774 1021.67 0 0.964574 
247.197 379.463 271.302 480.471 0 0.902802 
168.191 403.664 194.296 507.596 0 0.889346 
354.227 589.727 394.631 725.519 0 0.870088 
145.554 316.257 168.322 374.225 0 0.866305 
5.11102 21.1305 612.818 454.438 0 0.755972 
757.175 240.483 773.578 265.739 0 0.718046 
101.275 308.718 117.023 351.756 0 0.660923 
539.683 503.951 595.32 567.263 0 0.626134 
605.028 461.219 637.073 550.263 0 0.593669 
359.522 0 972.298 306.547 0 0.588007 
122.047 299.705 145.389 351.222 0 0.585579 
652.744 279.76 668.385 306.011 0 0.580771 
513.909 568.966 566.4 619.524 0 0.526288 
697.843 211.9 712.489 272.974 0 0.520243 
