445.551 327.223 482.45 419.046 0 0.997608 
742.212 499.005 767.9 633.146 0 0.996442 
789.884 742.589 824.852 884.167 0 0.995973 
526.386 467.459 559.827 590.074 0 0.993195 
578.96 407.743 609.584 523.439 0 0.992023 
41.2424 321.369 78.5764 416.951 0 0.990281 
89.4574 412.551 121.493 516.225 0 0.98505 
694.839 513.239 723.466 639.318 0 0.984361 
261.965 424.92 282.303 516.885 0 0.981262 
350.001 516.951 372.345 625.035 0 0.977769 
848.665 385.382 865.313 511.827 0 0.970352 
334.05 271.212 370.118 366.639 0 0.963984 
314.29 253.252 338.257 343.795 0 0.962016 
697 467.144 720.521 552.183 0 0.90029 
11.5888 133.198 34.4939 187.569 0 0.791518 
347.968 101.612 362.308 151.849 0 0.76864 
87.988 130.053 110.149 178.637 0 0.759909 
266.837 110.478 289.29 160.999 0 0.726552 
501.54 96.7372 522.143 179.388 0 0.715648 
321.343 29.2518 340.424 57.8193 0 0.519969 
