968.026 826.256 992.824 955.034 0 0.998667 
172.621 822.214 201.515 939.025 0 0.998452 
430.238 722.996 454.477 829.431 0 0.997576 
96.5098 591.987 119.078 689.036 0 0.995297 
841.24 590.203 869.096 680.37 0 0.993397 
716.165 452.013 732.356 538.863 0 0.991643 
367.416 529.984 386.895 622.728 0 0.987967 
298.979 343.136 315.754 410.154 0 0.98593 
10.72 461.821 32.0981 545.676 0 0.985148 
231.206 476.615 248.427 563.509 0 0.984864 
503.912 395.189 529.735 460.439 0 0.983974 
123.974 391.256 137.338 462.943 0 0.982968 
511.619 570.424 533.987 646.743 0 0.981507 
323.936 249.224 337.251 298.126 0 0.979563 
541.735 541.395 565.056 614.538 0 0.969909 
420.539 401.671 440.681 466.017 0 0.968429 
599.585 378.346 626.814 441.652 0 0.938785 
286.321 158.092 298.431 194.044 0 0.934112 
339.773 160.128 350.597 190.664 0 0.924429 
597.068 320.322 614.204 383.742 0 0.904002 
392.654 155.34 402.83 185.751 0 0.867867 
517.357 354.419 535.37 412.089 0 0.801208 
439.507 153.537 450.761 182.279 0 0.790755 
825.469 981.362 858.805 1022.85 0 0.739224 
575.495 143.943 588.827 170 0 0.729482 
187.858 166.314 198.083 196.862 0 0.714456 
533.566 145.993 543.835 174.514 0 0.669461 
638.845 133.171 651.813 164.42 0 0.668213 
491.884 150.363 501.972 178.12 0 0.667212 
9.15817 0 604.718 231.249 0 0.633341 
427.924 402.257 438.858 469.676 0 0.603691 
604.593 310.923 621.606 379.128 0 0.587489 
155.237 166.216 168.478 198.465 0 0.579598 
667.117 132.652 678.714 163.314 0 0.576782 
217.242 4.52164 863.99 215.738 0 0.50937 
