442.626 583.437 482.218 715.129 0 0.999007 
651.761 629.432 691.06 776.054 0 0.997925 
958.452 382.934 986.464 504.651 0 0.997823 
681.172 461.709 725.7 595.549 0 0.997379 
474.026 481.338 516.545 603.873 0 0.996046 
789.99 495.03 826.305 625.06 0 0.99517 
795.152 255.027 826.5 359.786 0 0.993897 
775.733 333.81 812.936 442.459 0 0.993845 
221.691 377.08 260.577 476.523 0 0.988227 
639.083 775.348 685.434 919.309 0 0.985173 
676.179 896.068 727.17 1020.92 0 0.975409 
546.168 538.756 609.855 669.321 0 0.955128 
598.022 575.321 635.428 690.043 0 0.945682 
581.62 483.228 637.348 633.028 0 0.898476 
888.88 430.149 916.611 561.38 0 0.894777 
844.162 394.017 879.555 475.895 0 0.867872 
143.903 169.406 169.456 262.386 0 0.867403 
