938.819 927.067 981.577 1020.1 0 0.998944 
788.679 317.046 819.037 446.134 0 0.998445 
163.062 472.721 194.637 626.023 0 0.997107 
476.638 407.766 509.418 550.002 0 0.996867 
674.308 319.023 703.934 439.238 0 0.996769 
886.14 483.485 918.737 620.778 0 0.995554 
697.511 902.406 742.124 1019.02 0 0.995412 
315.832 597.519 344.241 743.251 0 0.99377 
390.588 363.597 417.566 488.809 0 0.99338 
542.848 368.854 562.587 493.983 0 0.992077 
249.432 518.678 273.942 670.282 0 0.989978 
342.084 414.18 377.481 512.804 0 0.988507 
971.427 502.5 1002.79 650.902 0 0.988155 
633.343 529.268 670.207 641.373 0 0.98742 
187.145 436.438 212.985 566.563 0 0.980554 
653.631 628.328 690.193 780.516 0 0.977699 
605.576 629.617 636.144 809.807 0 0.975564 
894.679 94.6804 917.883 179.318 0 0.96567 
324.644 188.705 347.414 268.069 0 0.948552 
781.364 39.8052 798.52 94.626 0 0.94323 
201.761 216.734 225.155 275.11 0 0.885393 
802.175 35.4611 819.409 91.0402 0 0.857401 
593.583 83.5644 618.209 142.084 0 0.791056 
702.826 34.4951 722.552 103.597 0 0.754334 
478.191 131.512 497.619 199.439 0 0.743062 
875.699 39.3823 889.252 93.6285 0 0.694356 
282.391 228.971 304.422 271.519 0 0.693691 
405.115 205.92 423.242 236.062 0 0.646367 
117.993 18.5118 133.5 56.1349 0 0.643511 
178.234 238.72 205.166 290.985 0 0.627876 
146.119 19.729 164.562 54.7039 0 0.627371 
101.263 16.438 118.852 57.6665 0 0.589837 
388.814 213.978 404.384 242.238 0 0.54017 
36.3156 16.8654 65.4791 88.2317 0 0.528902 
729.008 22.159 749.718 92.1786 0 0.50516 
259.643 158.949 279.273 239.883 0 0.50175 
