2.99178 339.048 30.4594 446.204 0 0.997422 
443.953 377.718 465.523 489.193 0 0.99671 
458.405 317.457 479.857 403.172 0 0.99633 
269.529 338.792 289.602 428.141 0 0.992761 
536.995 419.124 565.836 507.778 0 0.992363 
674.65 554.543 702.072 686.303 0 0.99218 
415.056 784.223 448.363 940.44 0 0.991921 
703.624 363.156 727.539 467.404 0 0.990172 
934.624 510 958.767 636.065 0 0.989511 
526.899 278.083 549.496 348.511 0 0.989447 
384.829 201.095 403.083 280.599 0 0.981139 
728.842 361.367 761.179 472.182 0 0.972078 
416.446 432.125 446.68 557.081 0 0.97166 
870.67 573.157 896.472 708.886 0 0.969811 
312.854 383.113 341.712 482.837 0 0.935269 
495.485 149.643 507.076 165.711 0 0.874804 
420.032 124.136 433.472 170.723 0 0.813467 
564.785 114.121 578.969 155.717 0 0.749661 
462.688 149.857 473.055 166.651 0 0.736169 
820.504 84.3117 834.366 144.642 0 0.733947 
510.208 144.119 521.591 165.578 0 0.731046 
554.262 68.8839 569.009 101.85 0 0.700971 
766.882 102.032 781.995 144.204 0 0.674255 
356.921 207.121 365.463 227.937 0 0.652854 
208.029 0 801.624 187.013 0 0.646434 
544.67 146.549 556.363 162.318 0 0.613995 
92.1667 27.8765 107.763 58.6421 0 0.59978 
604.957 118.395 619.023 157.865 0 0.590774 
532.825 147.736 542.766 163.798 0 0.582395 
479.318 151.043 490.024 166.853 0 0.56339 
627.313 108.339 640.984 156.009 0 0.560435 
583.982 136.707 596.693 160.261 0 0.540634 
683.012 60.5102 697.397 94.6694 0 0.529131 
