264.49 299.33 293.525 398.705 0 0.998652 
153.544 485.974 201.517 600.101 0 0.997367 
497.062 510.762 528.978 631.171 0 0.997024 
462.841 249.452 489.489 347.255 0 0.996921 
413.785 364.966 438.773 481.466 0 0.996279 
922.338 627.204 955.452 780.782 0 0.996189 
286.619 655.728 322.053 785.482 0 0.995457 
676 570.308 714.37 708.34 0 0.99526 
759.642 440.59 790.561 556.258 0 0.991782 
58.8799 464.608 90.3026 593.771 0 0.990451 
568.592 302.313 598.876 407.02 0 0.989021 
942.77 265.521 978.034 368.894 0 0.988822 
978.514 602.548 1003.71 745.706 0 0.976575 
387.911 370.001 414.857 494.383 0 0.974273 
431.657 266.113 461.5 338.73 0 0.928394 
387.18 278.02 407.843 362.316 0 0.883547 
783.695 41.9302 797.058 108.638 0 0.826638 
604.405 60.0852 619.597 99.1921 0 0.806898 
549.038 48.5161 562.359 95.9222 0 0.792219 
677.118 47.4499 690.308 101.312 0 0.768061 
698.643 61.1165 713.188 105.997 0 0.756518 
394.595 63.1599 409.461 103.793 0 0.663517 
475.305 85.7584 486.323 101.292 0 0.559196 
513.035 82.088 523.471 98.4011 0 0.530174 
136.606 0 753.554 107.371 0 0.5184 
