319.498 566.849 447.521 773.524 0 0.999624 
975.628 117.901 1022.47 312.142 0 0.998949 
764.969 202.602 817.168 425.325 0 0.997586 
852.871 271.816 902.828 496.047 0 0.996608 
768.898 483.936 869.152 727.324 0 0.996031 
31.0668 455.846 127.471 699.859 0 0.995606 
114.589 227.13 172.012 402.699 0 0.978437 
1000.22 313.59 1024.33 550.222 0 0.975571 
485.828 928.311 526.676 1020.63 0 0.972463 
585.024 241.292 633.233 494.298 0 0.940589 
183.726 219.133 234.717 390.428 0 0.937357 
307.29 27.4151 360.328 161.025 0 0.901016 
801.501 359.034 861.626 534.923 0 0.897745 
419.643 1.50593 455.41 154.771 0 0.888387 
648.344 331.115 738.12 399.532 0 0.850817 
397.461 286.901 428.678 345.954 0 0.845286 
40.7597 188.503 97.0167 282.496 0 0.567015 
