855.427 493.934 901.908 677.349 0 0.99943 
621.779 526.865 683.686 702.436 0 0.997236 
978.737 461.092 1022.41 657.085 0 0.996126 
833.113 444.192 864.942 634.549 0 0.994934 
761.685 406.95 795.017 582.256 0 0.994756 
783.32 386.721 814.031 562.74 0 0.986389 
74.7613 347.195 104.454 479.038 0 0.979623 
319.212 503.498 367.872 692.804 0 0.979489 
576.127 199.063 601.577 280.207 0 0.915604 
620.716 220.163 641.873 267.449 0 0.899853 
643.407 217.569 659.99 255.658 0 0.881863 
658.962 209.863 677.956 254.348 0 0.881746 
700.237 193.783 721.676 237.5 0 0.875214 
510.955 224.901 538.333 275.589 0 0.866238 
514.626 135.508 536.464 247.55 0 0.845699 
678.76 205.987 701.747 246.37 0 0.843398 
595.084 165.444 617.798 266.832 0 0.842087 
425.992 227.268 451.13 295.685 0 0.825084 
440.611 209.93 465.803 286.797 0 0.823817 
541.128 229.221 566.455 282.404 0 0.797974 
157.103 315.913 209.554 433.72 0 0.778521 
449.646 554.736 486.089 758.767 0 0.703839 
396.884 241.514 423.77 312.884 0 0.641635 
216.412 29.5646 233.767 57.0064 0 0.594315 
493.583 238.628 512.036 270.768 0 0.577154 
799.107 98.3068 823.704 176.644 0 0.503356 
