194.718 603.346 237.332 712.099 0 0.998809 
618.212 614.64 638.289 725.985 0 0.997488 
770.774 507.64 799.69 591.795 0 0.996 
6.7975 624.153 36.6938 747.992 0 0.994675 
632.186 619.776 661.662 728.391 0 0.994015 
265.662 638.805 296.98 758.905 0 0.992072 
396.535 542.451 421.07 631.125 0 0.984059 
491.391 571.917 521.164 679.626 0 0.961258 
185.32 558.927 199.934 656.404 0 0.957179 
359.357 528.738 378.658 622.766 0 0.950172 
436.607 544.202 460.599 639.797 0 0.936411 
459.441 558.055 480.529 645.336 0 0.931983 
335.654 352.557 349.497 391.227 0 0.917743 
380.975 531.631 402.169 619.028 0 0.9052 
404.982 55.3816 961.755 436.704 0 0.88779 
671.179 380.067 684.83 442.858 0 0.887163 
701.054 384.407 712.643 455.607 0 0.850655 
610.643 380.181 623.341 435.436 0 0.814334 
646.043 377.917 657.712 446.244 0 0.812286 
46.4187 402.626 59.2017 416.593 0 0.798112 
87.2466 398.473 97.4584 412.705 0 0.793997 
181.46 387.248 192.581 404.187 0 0.789107 
275.577 361.689 290.75 395.499 0 0.746504 
197.517 360.621 211.152 400.775 0 0.715222 
220.529 363.745 233.171 399.335 0 0.706426 
160.453 12.2402 664.144 406.951 0 0.686954 
848.466 5.15667 861.057 62.8381 0 0.680439 
655.114 407.702 670.204 450.165 0 0.675044 
143.893 371.216 159.294 405.25 0 0.669554 
495.537 350.902 509.644 407.47 0 0.666666 
61.6519 399.187 72.996 414.943 0 0.640257 
476.825 580.385 499.058 665.794 0 0.615813 
995.123 432.734 1015.8 522.043 0 0.58505 
73.5379 398.587 84.0822 413.75 0 0.561026 
517.392 364.988 531.098 423.05 0 0.546726 
821.632 5.53876 835.757 35.6702 0 0.52856 
774.891 399.505 788.013 450.214 0 0.518629 
