633.138 663.319 668.93 796.498 0 0.998522 
357.375 599.98 402.703 707.641 0 0.995325 
410.015 478.884 440.384 595.795 0 0.991805 
779.635 198.484 796.868 245.27 0 0.977195 
545.034 428.551 568.717 529.254 0 0.962364 
523.019 567.923 577.136 679.913 0 0.948722 
332.877 583.082 355.856 692.641 0 0.937648 
855.887 246.152 879.537 328.124 0 0.931504 
510.803 437.414 536.491 538.729 0 0.909202 
747.437 203.036 766.527 250.924 0 0.839305 
264.06 511.685 287.564 635.517 0 0.833315 
686.576 199.517 702.211 267.072 0 0.827106 
673.791 196.886 692.682 266.35 0 0.718002 
704.668 188.328 726.101 260.022 0 0.712721 
335.92 106.552 355.939 171.111 0 0.698411 
883.453 207.79 901.545 247.897 0 0.692491 
658.364 189.079 675.603 252.003 0 0.687732 
478.024 544.776 533.055 684.521 0 0.669008 
286.457 516.442 307.523 621.098 0 0.622047 
128.145 416.596 148.839 454.373 0 0.615775 
95.6504 420.777 110.413 465.421 0 0.548268 
318.476 334.181 340.616 415.546 0 0.522579 
291.583 340.231 311.323 412.728 0 0.509447 
