66.5253 354.223 129.38 571.127 0 0.999375 
516.711 346.951 567.862 556.119 0 0.991959 
478.227 617.917 574.425 846.971 0 0.991849 
861.446 352.273 909.681 575.239 0 0.987803 
310.718 462.037 365.603 611.082 0 0.987651 
684.966 755.631 787.402 968.433 0 0.985238 
195.917 113.937 237.383 273.29 0 0.974216 
589.289 238.125 631.226 436.612 0 0.969487 
570.693 0 601.058 82.263 0 0.948879 
987.282 540.349 1024 794.469 0 0.895758 
716.083 1.14787 746.897 48.4901 0 0.867662 
286.859 88.6712 340.2 221.948 0 0.825508 
666.882 0.414352 692.707 44.8874 0 0.745754 
686.859 0 713.41 46.9196 0 0.726795 
167.845 548.69 224.93 628.538 0 0.726643 
523.461 10.2554 562.913 102.175 0 0.606733 
