488.1 649.038 518.843 787.768 0 0.996448 
577.872 363.664 605.619 490.775 0 0.995451 
426.473 278.975 447.521 393.745 0 0.995383 
490.337 356.654 506.849 464.344 0 0.991945 
601.025 572.755 641.166 709.816 0 0.991589 
250.383 650.503 291.307 788.44 0 0.990964 
386.141 424.747 415.318 547.67 0 0.990548 
396.787 294.965 417.874 410.95 0 0.983456 
149.336 233.591 168.831 344.735 0 0.978129 
728.89 723.006 765.384 877.555 0 0.977741 
3.65056 473.896 30.88 613.707 0 0.962847 
705.76 239.893 742.683 337.645 0 0.949878 
775.628 656.73 809.268 774.199 0 0.942488 
978.876 179.88 998.749 260.385 0 0.648327 
