820.622 429.822 843.936 532.623 0 0.997878 
408.114 586.987 444.793 722.74 0 0.995892 
57.6053 527.674 85.8889 663.18 0 0.995658 
556.848 390.72 580.498 489.457 0 0.995411 
682.016 445.068 703.729 543.899 0 0.993721 
785.752 523.957 816.143 660.508 0 0.992701 
204.595 583.172 248.542 714.355 0 0.990938 
165.446 571.304 197.971 633.984 0 0.990086 
345.948 473.857 368.927 582.553 0 0.987728 
614.04 483.346 635.614 602.711 0 0.984597 
85.784 691.985 113.372 843.223 0 0.984509 
158.901 427.833 181.788 511.544 0 0.983262 
364.821 259.992 382.402 335.089 0 0.980437 
275.21 524.983 311.046 626.653 0 0.956454 
492.284 230.521 510.083 300.659 0 0.949633 
471.691 502.952 514.676 621.152 0 0.938485 
868.68 281.495 887.863 354.332 0 0.93742 
465.778 494.359 488.932 619.74 0 0.93412 
171.636 282.337 188.075 349.324 0 0.929321 
324.946 280.729 340.818 343.081 0 0.926473 
515.526 226.139 533.362 295.15 0 0.831481 
475.468 415.124 498.285 514.297 0 0.828577 
266.559 270.795 283.882 351.518 0 0.78332 
469.797 262.057 481.963 305.413 0 0.783182 
817.091 226.953 833.432 261.16 0 0.779736 
347.964 297.276 363.908 346.335 0 0.723182 
0 308.133 15.4199 381.771 0 0.716378 
469.783 386.177 489.565 495.963 0 0.703946 
196.414 232.062 210.394 293.683 0 0.694698 
552.646 224.676 578.608 287.834 0 0.672291 
46.2865 311.279 67.3165 379.086 0 0.654611 
105.691 307.263 126.743 364.623 0 0.630005 
923.994 279.416 935.714 299.285 0 0.584393 
459.583 260.413 473.257 307.208 0 0.581975 
906.768 258.414 922.432 298.487 0 0.530246 
