567.605 388.947 599.572 511.829 0 0.996384 
726.064 558.656 767.929 689.308 0 0.996034 
284.645 404.061 324.212 523.061 0 0.988161 
368.193 287.527 400.595 411.212 0 0.979448 
455.598 644.877 533.46 770.311 0 0.979445 
451.874 487.341 482.232 609.443 0 0.882577 
286.942 42.0524 304.508 66.1521 0 0.876246 
544.418 639.889 577.962 793.438 0 0.875375 
967.241 356.212 1006.69 476.654 0 0.867901 
332.447 2.10636 346.484 55.9483 0 0.845053 
29.5653 32.5608 53.6316 85.998 0 0.843574 
498.031 10.6235 519.527 73.8856 0 0.83068 
171.953 25.2973 190.595 56.0786 0 0.826127 
541.29 8.7536 560.361 79.2519 0 0.778571 
523.879 0 542.78 76.0825 0 0.749966 
359.868 1.65649 380.413 55.6372 0 0.68539 
479.038 3.51598 498.834 66.4606 0 0.653513 
630.766 96.0279 646.198 123.413 0 0.612142 
1.12736 31.4475 22.373 86.7581 0 0.588159 
