496.909 802.155 551.675 994.378 0 0.998397 
669.533 524.123 700.404 672.296 0 0.998141 
382.414 541.086 414.057 702.322 0 0.997481 
870.024 706.841 942.091 893.705 0 0.996736 
572.282 527.222 603.66 659.195 0 0.996517 
957.342 579.869 1021.97 717.141 0 0.99347 
536.676 609.502 569.512 764.023 0 0.99219 
50.4971 509.905 78.1376 647.786 0 0.985087 
464.616 584.481 495.451 746.032 0 0.983204 
345.216 571.184 380.285 693.411 0 0.978077 
170.348 482.259 192.985 560.194 0 0.948514 
316.519 443.515 340.187 515.497 0 0.943276 
800.783 384.767 822.314 447.019 0 0.941486 
750.98 379.387 772.334 447.74 0 0.940291 
237.275 464.024 262.33 518.68 0 0.937579 
819.635 524.311 840.383 687.895 0 0.934282 
894.455 381.504 918.593 427.743 0 0.919218 
302.222 631.018 338.093 776.069 0 0.908119 
474.167 419.74 499.285 474.381 0 0.900589 
77.0521 498.723 108.089 627.425 0 0.871837 
527.777 316.741 546.07 397.17 0 0.864022 
978.055 314.812 998.647 399.848 0 0.85749 
729.856 378.825 752.011 450.468 0 0.827335 
412.86 628.574 454.885 714.463 0 0.793821 
248.42 351.158 271.454 436.128 0 0.787889 
616.002 414.122 641.674 498.812 0 0.778001 
38.9691 401.534 69.2972 478.794 0 0.765926 
578.773 447.844 600.007 510.726 0 0.749002 
21.4074 512.444 49.8918 590.217 0 0.705729 
536.899 458.741 559.959 521.201 0 0.681408 
862.866 291.163 887.27 349.581 0 0.656335 
558.968 454.783 580.148 517.207 0 0.641466 
475.111 321.438 494.002 402.771 0 0.624815 
493.132 562.229 527.139 685.165 0 0.614459 
831.119 290.806 852.075 367.688 0 0.600373 
140.177 11.9382 695.803 493.209 0 0.597035 
843.563 416.62 855.493 443.713 0 0.568104 
144.593 387.701 163.268 458.958 0 0.551516 
390.074 430.788 413.185 494.175 0 0.549285 
542.808 407.526 568.284 468.333 0 0.537637 
6.59506 378.471 32.2265 433.974 0 0.517547 
