695.194 568.093 748.9 790.89 0 0.994865 
54.5222 584.397 105.745 762.409 0 0.994852 
588.257 392.312 654.758 566.381 0 0.992077 
161.934 379.163 190.536 549.2 0 0.98375 
778.047 151.962 806.511 289.887 0 0.975904 
772.072 869.651 823.908 1022.26 0 0.969188 
662.127 16.5111 694.342 94.6259 0 0.963359 
600.584 52.2847 633.508 119.243 0 0.960006 
277.195 349.328 305.401 495.732 0 0.939613 
223.298 547.731 257.601 704.582 0 0.930663 
680.723 405.391 726.849 586.093 0 0.925413 
996.679 779.173 1024.72 1011.2 0 0.919685 
329.952 160.36 355.67 212.76 0 0.886476 
951.989 163.248 977.408 210.76 0 0.867177 
315.884 248.366 352.943 446.55 0 0.861882 
998.548 42.6014 1023.09 189.527 0 0.85463 
887.141 107.318 920.939 213.222 0 0.845603 
711.433 4.33706 740.64 71.3277 0 0.817438 
63.664 216.257 96.107 278.964 0 0.804313 
713.903 232.355 744.838 279.274 0 0.797297 
315.734 124.317 338.587 180.575 0 0.780867 
978.962 164.753 995.25 202.409 0 0.772363 
461.662 86.1752 490.027 161.392 0 0.718493 
119.388 179.521 152.641 286.314 0 0.68651 
302.195 176.415 330.308 245.838 0 0.674361 
573.201 64.2172 604.018 121.552 0 0.629046 
4.84947 217.608 32.4147 315.554 0 0.613787 
381.935 140.761 406.018 196.148 0 0.601252 
760.298 203.605 786.796 286.762 0 0.598858 
18.532 159.155 52.1659 236.32 0 0.591669 
641.951 545.494 675.414 682.826 0 0.590456 
744.571 365.907 784.734 544.508 0 0.590453 
567.033 3.94919 596.558 84.4374 0 0.547971 
253.285 159.012 279.202 237.262 0 0.526551 
170.221 120.216 194.942 188.753 0 0.52566 
762.697 2.28445 788.739 49.8252 0 0.506569 
