35.3146 360.103 62.392 480.745 0 0.998612 
760.579 844.888 797.264 1007.46 0 0.997399 
489.783 449.32 519.2 560.709 0 0.997277 
526.683 438.421 556.767 562.132 0 0.996748 
641.74 513.082 671.277 642.948 0 0.995506 
350.764 423.798 385.109 533.065 0 0.994868 
174.367 591.813 204.915 723.834 0 0.994574 
747.45 401.047 778.133 515.151 0 0.990793 
395.115 54.1831 415.267 146.38 0 0.987298 
177.996 376.827 212.827 483.8 0 0.982827 
923.805 276.09 945.048 364.041 0 0.973594 
294.411 468.494 326.595 581.945 0 0.961143 
302.08 44.4834 320.89 129.391 0 0.957333 
352.034 37.4422 372.813 122.318 0 0.953562 
219.896 490.622 279.276 563.763 0 0.953144 
321.027 40.0633 338.699 117.529 0 0.945906 
356.688 374.48 377.733 454.168 0 0.896428 
192.608 435.961 223.018 555.559 0 0.892201 
232.458 17.8246 250.987 56.8572 0 0.87532 
587.311 164.087 609.972 241.805 0 0.845336 
134.891 118.085 152.223 141.425 0 0.810072 
288.89 44.9321 304.425 128.069 0 0.800246 
550.75 200.262 566.243 228.166 0 0.75569 
662.785 169.24 688.362 264.744 0 0.735777 
102.905 124.661 113.713 144.167 0 0.681529 
115.296 120.428 129.452 143.54 0 0.630528 
724.452 269.583 738.831 300.565 0 0.528541 
45.0577 126.052 58.7291 150.213 0 0.520742 
341.288 0 904.046 350.134 0 0.512518 
187.586 110.798 201.661 136.131 0 0.511697 
622.234 190.922 647.219 250.847 0 0.510421 
328.515 80.9463 347.004 147.409 0 0.509581 
