597.596 463.604 648.01 585.552 0 0.998857 
640.559 737.695 686.026 908.677 0 0.997976 
799.248 526.036 833.676 670.28 0 0.997278 
440.272 690.037 474.247 843.592 0 0.996673 
263.065 462.496 302.955 591.154 0 0.996239 
917.69 458.478 947.12 594.755 0 0.995028 
427.392 406.137 457.923 540.479 0 0.994597 
783.623 360.385 821.111 496.773 0 0.993362 
469.411 447.657 516.077 578.716 0 0.99274 
142.261 746.258 178.523 919.011 0 0.99002 
180.926 638.556 221.413 804.62 0 0.988011 
751.944 372.428 791.081 489.654 0 0.959283 
818.765 0 844.406 89.5348 0 0.934988 
521.109 408.332 550.957 533.342 0 0.927658 
182.978 159.56 209.053 203.671 0 0.811145 
859.237 26.6225 882.769 115.541 0 0.775783 
237.153 246.37 264.542 351.96 0 0.773969 
455.355 237.084 481.061 284.701 0 0.710554 
279.509 285.238 303.682 331.276 0 0.709088 
287.42 109.15 312.926 162.612 0 0.668701 
902.992 40.4435 935.58 104.793 0 0.591991 
923.034 0 948.966 80.9092 0 0.563377 
3.16403 354.571 34.3523 483.048 0 0.515813 
605.418 188.958 623.562 221.016 0 0.506997 
