351.935 654.743 384.696 777.85 0 0.999059 
441.13 750.367 469.553 880.673 0 0.997211 
743.869 281.355 777.752 370.929 0 0.996333 
729.327 753.166 779.315 885.067 0 0.995822 
355.866 441.614 385.19 560.482 0 0.993597 
280.166 658.851 314.32 782.88 0 0.993436 
815.206 380.956 839.227 482.887 0 0.99116 
879.672 468.136 912.102 581.544 0 0.99084 
995.655 345.769 1018.99 437.661 0 0.989962 
392.139 554.374 429.764 652.646 0 0.986932 
917.589 258.411 954.471 349.982 0 0.986888 
51.3171 329.097 85.2554 423.356 0 0.985586 
528.043 344.197 548.763 424.29 0 0.985461 
600.667 546.119 624.634 639.318 0 0.979634 
451.455 353.023 479.721 443.213 0 0.9769 
783.124 69.1675 796.81 115.014 0 0.886774 
608.253 590.956 639.031 714.898 0 0.866091 
825.23 149.105 839.209 193.088 0 0.827935 
986.459 114.299 999.769 134.881 0 0.791847 
849.761 77.2824 872.321 128.509 0 0.726532 
422.089 53.1514 432.83 104.732 0 0.725537 
964.298 91.5766 981.117 131.318 0 0.675131 
640.377 83.4953 648.471 102.095 0 0.667851 
609.137 81.0386 619.045 99.0718 0 0.553443 
14.1102 192.445 33.7355 261.674 0 0.552858 
471.209 1.31941 1028.47 149.333 0 0.504338 
