174.722 452.013 339.551 879.285 0 0.993348 
587.322 2.2809 625.767 83.9642 0 0.987128 
515.456 0.189075 548.986 95.5708 0 0.978096 
424.315 0 453.313 98.3733 0 0.956659 
680.055 6.30731 711.061 82.0242 0 0.928409 
273.243 539.542 474.433 855.175 0 0.905525 
909.108 44.0383 946.105 148.376 0 0.857799 
947.06 22.4821 981.53 121.986 0 0.857123 
796.25 0 827.273 116.423 0 0.848391 
870.747 37.3115 907.727 129.645 0 0.821476 
104.528 618.503 240.65 806.004 0 0.614012 
778.556 0 801.099 70.2526 0 0.611818 
938.202 83.5152 966.817 143.351 0 0.526275 
