655.076 485.134 676.609 600.251 0 0.996353 
95.431 536.183 129.253 661.087 0 0.996349 
120.095 688.681 151.623 833.799 0 0.996323 
357.66 468.585 394.064 579.663 0 0.996303 
486.872 495.378 511.151 618.522 0 0.993641 
572.916 417.732 596.577 503.755 0 0.991862 
291.748 505.205 322.24 620.99 0 0.991823 
690.015 444.671 711.594 550.675 0 0.991435 
451.76 590.337 478.858 720.299 0 0.989748 
931.51 268.82 957.834 356.281 0 0.988588 
832.684 528.124 857.699 659.915 0 0.981567 
951.292 434.452 991.134 522.604 0 0.981372 
220.246 591.258 252.977 717.34 0 0.97729 
810.251 521.446 837.819 659.604 0 0.972042 
527.857 503.537 558.827 612.196 0 0.969802 
557.095 227.135 575.912 296.197 0 0.958772 
244.135 276.63 260.534 341.965 0 0.94265 
229.762 402.973 255.339 491.974 0 0.884774 
233.386 558.346 262.895 616.469 0 0.876314 
73.7523 313.968 96.1061 374.733 0 0.854141 
382.586 261.317 401.724 334.551 0 0.853511 
523.178 252.912 542.946 303.98 0 0.810465 
433.702 259.478 451.674 326.15 0 0.729097 
517.083 424.76 535.486 517.904 0 0.716277 
581.35 225.579 599.96 279.86 0 0.709103 
269.478 227.143 284.057 290.144 0 0.707486 
395.97 278.358 409.763 335.278 0 0.577637 
