827.151 541.305 886.903 657.1 0 0.998657 
776.871 623.767 821.518 785.617 0 0.997369 
982.901 605.241 1023.15 738.264 0 0.996523 
604.94 589.837 641.708 723.763 0 0.996166 
84.43 448.816 106.841 557.906 0 0.995509 
917.477 654.752 973.779 811.319 0 0.994442 
673.645 545.674 703.748 701.55 0 0.992747 
368.467 366.501 388.915 451.352 0 0.98909 
449.446 350.186 469.581 421.385 0 0.970732 
644.864 611.427 674.607 760.764 0 0.962061 
684.936 321.178 703.609 414.617 0 0.933707 
112.907 335.754 130.613 420.206 0 0.863064 
55.4899 422.697 76.3535 534.821 0 0.856452 
304.96 377.836 327.268 465.54 0 0.841616 
36.5298 475.104 61.5761 577.369 0 0.827588 
123.097 419.555 149.977 540.566 0 0.808036 
41.6372 351.277 64.9188 436.002 0 0.800853 
659.107 256.838 679.394 339.6 0 0.788309 
811.459 315.791 833.231 380.761 0 0.760518 
508.74 336.304 527.584 417.217 0 0.758183 
875.653 284.198 894.111 364.187 0 0.672216 
76.2733 351.059 97.9413 431.405 0 0.639613 
2.03989 376.016 23.7714 445.635 0 0.629065 
7.56725 372.832 35.7033 445.492 0 0.59805 
239.826 404.37 259.96 469.332 0 0.565993 
