189.221 644.458 242.053 901.44 0 0.999377 
141.131 748.505 191.121 970.418 0 0.998574 
241.896 600.284 283.468 792.997 0 0.998109 
37.1031 412.057 92.0518 613.771 0 0.98911 
325.718 657.654 382.94 881.287 0 0.986055 
684.895 449.743 736.887 637.894 0 0.981199 
959.12 324.222 993.884 471.466 0 0.97141 
183.658 9.51496 211.545 136.098 0 0.968597 
838.846 144.362 871.708 248.898 0 0.953678 
322.785 553.933 381.929 725.035 0 0.950112 
252.536 86.2857 281.463 214.303 0 0.940296 
265.436 556.593 297.373 738.928 0 0.91124 
439.563 41.8265 463.228 130.983 0 0.9062 
573.466 72.7001 600.536 170.401 0 0.845927 
600.772 90.0393 624.386 178.684 0 0.842919 
198.364 162.548 225.23 210.531 0 0.815562 
619.231 88.9094 641.879 182.032 0 0.806334 
486.285 154.806 522.814 282.654 0 0.7984 
144.124 3.94581 176.42 138.852 0 0.783381 
146.147 2.49055 178.106 53.9255 0 0.759287 
376.955 13.3189 404.549 114.702 0 0.731113 
956.245 185.857 984.791 278.759 0 0.705665 
908.958 170.705 940.184 266.842 0 0.671797 
381.77 116.825 409.418 250.529 0 0.669057 
332.365 8.4667 363.834 85.0256 0 0.667719 
921.601 12.3424 949.479 67.2116 0 0.662164 
733.443 72.4665 763.047 197.232 0 0.653432 
488.137 254.702 518.212 306.251 0 0.642784 
924.39 125.885 955.932 195.285 0 0.633057 
421.618 213.709 451.909 285.297 0 0.629567 
1001.59 178.574 1023.17 289.161 0 0.621308 
220.266 101.441 248.753 202.74 0 0.606033 
637.003 92.8573 655.678 183.428 0 0.601276 
651.788 107.082 678.308 194.854 0 0.597795 
955.141 121.523 983.407 187.084 0 0.587295 
679.536 109.314 708.277 195.353 0 0.567406 
329.652 164.071 357.906 243.291 0 0.556825 
462.25 64.0214 482.985 137.562 0 0.54689 
681.155 75.9529 705.565 129.239 0 0.537704 
900.546 114.294 928.389 189.446 0 0.537135 
984.738 180.086 1012.86 284.278 0 0.536793 
