234.839 428.351 322.61 649.133 0 0.998771 
321.536 338.051 394.982 557.597 0 0.998659 
338.286 651.822 398.671 934.4 0 0.998565 
587.094 341.994 630.42 576.704 0 0.998564 
711.622 332.038 773.277 584.465 0 0.998411 
522.851 298.467 593.115 499.821 0 0.997176 
950.335 347.29 994.89 579.551 0 0.99657 
845.097 544.063 948.549 798.043 0 0.974835 
77.7456 98.0108 117.271 220.992 0 0.968104 
780.14 342.134 851.393 619.777 0 0.936871 
0.261193 127.391 24.2146 221.588 0 0.820185 
656.338 7.4319 686.374 77.802 0 0.796117 
793.939 215.984 846.646 406.782 0 0.792457 
194.919 18.3049 229.916 206.479 0 0.764793 
779.823 3.42015 798.936 37.795 0 0.577894 
626.521 9.29087 644.327 43.9765 0 0.538279 
