907.255 561.553 946.315 721.044 0 0.998803 
794.518 691.709 868.258 829.649 0 0.997851 
439.597 799.646 493.761 970.257 0 0.995863 
487.328 623.289 542.644 771.688 0 0.995476 
688.039 624.21 739.538 791.723 0 0.995397 
361.317 578.67 391.143 744.771 0 0.995083 
204.655 360.442 228.346 438.272 0 0.994138 
279.183 668.034 336.314 807.964 0 0.993769 
670.547 524.475 697.837 658.561 0 0.990362 
620.978 528.197 663.641 630.134 0 0.989851 
822.036 513.743 855.416 634.132 0 0.98745 
420.602 319.131 438.182 395.267 0 0.981968 
667.686 286.795 687.038 381.238 0 0.980279 
724.91 596.998 757.651 739.03 0 0.980245 
340.12 343.379 360.801 420.91 0 0.979956 
826.382 250.171 846.504 339.671 0 0.965586 
480.5 304.275 499.565 384.635 0 0.95877 
811.784 468.051 847.237 575.219 0 0.958088 
782.425 281.632 803.048 347.651 0 0.921564 
537.224 296.313 557.522 391.712 0 0.899405 
26.4699 434.607 55.1336 553.489 0 0.886062 
610.637 313.533 630.962 389.825 0 0.840014 
858.052 244.492 881.567 321.407 0 0.804738 
593.719 292.631 612.987 391.331 0 0.778902 
71.7933 388.831 93.7253 493.089 0 0.732516 
3.91939 397.371 26.9932 509.266 0 0.722816 
905.467 238.755 925.287 321.726 0 0.718708 
342.015 545.968 368.499 640.124 0 0.717067 
815.628 278.987 830.55 344.957 0 0.698613 
253.608 372.464 273.838 433.953 0 0.690508 
149.424 16.5107 679.241 397.93 0 0.621812 
476.215 370.449 496.851 439.116 0 0.61336 
720.022 202.127 739.399 298.651 0 0.60627 
397.611 281.771 412.731 318.551 0 0.588138 
488.962 373.906 510.758 433.777 0 0.571361 
462.713 377.419 484.833 440.609 0 0.56964 
708.032 281.41 727.751 376.111 0 0.522939 
829.682 172.599 841.464 205.456 0 0.516985 
3.26416 322.431 35.6746 401.245 0 0.505828 
