199.61 584.863 232.452 722.579 0 0.997418 
406.158 589.86 444.526 720.595 0 0.997034 
665.396 443.561 689.833 543.392 0 0.99681 
159.269 402.882 189.1 505.777 0 0.995076 
333.494 470.88 364.527 582.953 0 0.993415 
77.2548 694.506 112.009 841.6 0 0.991872 
166.638 569.342 198.048 632.267 0 0.991212 
266.725 515.696 298.687 630.055 0 0.990295 
52.1026 526.53 78.939 665.615 0 0.990235 
779.466 528.748 811.696 657.769 0 0.984831 
550.921 402.249 569.078 499.811 0 0.979817 
604.12 486.656 635.578 600.11 0 0.978151 
821.781 436.337 860.47 525.528 0 0.974778 
869.866 278.179 892.677 357.329 0 0.958591 
367.211 259.784 385.513 331.414 0 0.947387 
452.894 496.214 482.037 621.22 0 0.945837 
173.701 280.463 190.163 346.897 0 0.945834 
493.427 231.123 511.575 299.841 0 0.928779 
466.185 382.522 486.658 485.148 0 0.900765 
107.859 304.316 128.926 363.595 0 0.848011 
473.339 416.474 494.889 512.184 0 0.815622 
0.426318 313.043 16.601 381.684 0 0.79377 
198.716 228.736 213.072 291.849 0 0.782438 
474.658 503.163 510.146 617.215 0 0.724582 
816.471 225.905 831.769 259.994 0 0.718654 
324.912 274.413 340.882 341.271 0 0.717159 
460.979 258.986 478.291 308.047 0 0.679182 
516.266 224.856 534.561 289.889 0 0.667637 
554.503 223.098 580.35 279.568 0 0.535661 
47.921 311.818 70.5438 379.567 0 0.522276 
268.228 268.505 286.279 350.179 0 0.52134 
349.763 297.215 365.139 345.203 0 0.517056 
