72.0427 465.318 203.406 756.848 0 0.992456 
87.1649 105.759 152.768 339.717 0 0.967611 
316.506 100.854 371.661 321.687 0 0.932037 
464.268 105.93 515.531 179.464 0 0.924712 
1.01496 303.944 96.5686 712.497 0 0.902733 
407.855 88.7702 447.855 174.88 0 0.887802 
305.252 98.9365 338.004 301.559 0 0.775434 
600.377 107.36 628.241 180.433 0 0.713153 
999.084 219.198 1023.44 282.209 0 0.710687 
230.649 181.563 268.504 239.309 0 0.664719 
738.713 182.007 777.343 252.048 0 0.585342 
882.716 182.882 920.849 244.669 0 0.569312 
951.438 250.158 1011.05 375.162 0 0.537887 
967.07 88.3061 993.719 152.635 0 0.524376 
