214.351 464.44 243.741 570.333 0 0.997167 
484.135 536.695 509.354 597.852 0 0.99206 
408.98 562.285 447.24 664.023 0 0.988629 
597.187 327.68 611.121 390.092 0 0.962392 
988.17 420.541 1010.35 494.774 0 0.956115 
973.727 376.001 992.251 459.636 0 0.894579 
378.927 498.719 414.094 612.442 0 0.891259 
913.184 365.35 931.233 452.289 0 0.869977 
421.111 481.459 437.391 576.681 0 0.866508 
687.362 460.126 727.966 531.713 0 0.85977 
334.997 29.0733 935.976 362.97 0 0.850966 
177.715 289.538 193.037 307.978 0 0.814362 
141.554 291.571 151.074 308.949 0 0.756966 
374.318 449.698 388.413 526.782 0 0.748495 
962.976 313.8 980.594 366.77 0 0.732702 
22.5466 301.648 39.154 319.372 0 0.68817 
509.531 318.728 520.993 361.615 0 0.676055 
125.5 295.259 135.728 310.508 0 0.667452 
378.783 258.882 392.39 324.762 0 0.64423 
517.998 318.773 527.309 359.613 0 0.625026 
207.508 2.29521 781.931 381.312 0 0.609328 
85.289 168.252 100.36 207.941 0 0.584759 
827.234 360.135 844.18 395.784 0 0.574558 
149.539 175.856 161.439 213.98 0 0.539122 
112.716 287.108 123.007 311.268 0 0.50477 
