554.904 727.832 601.628 837.27 0 0.998668 
200.525 722.959 231.344 849.416 0 0.998165 
683.031 794.492 733.029 916.513 0 0.997632 
472.928 463.627 505.938 562.493 0 0.996985 
221.312 558.782 259.143 659.522 0 0.996297 
927.304 467.001 960.818 574.804 0 0.99589 
385.954 432.078 414.967 516.381 0 0.993666 
692.842 291.847 714.868 366.195 0 0.983694 
627.555 164.093 645.161 232.997 0 0.971982 
916.52 275.276 933.598 349.266 0 0.964991 
296.718 136.956 318.459 199.669 0 0.93752 
305.713 227.935 328.351 295.442 0 0.896406 
639.053 569.825 684.726 676.42 0 0.893009 
645.373 493.381 673.883 564.06 0 0.691671 
