742.24 656.491 778.397 803.423 0 0.999172 
403.953 415.624 436.032 542.701 0 0.995468 
490.723 468.229 529.858 583.676 0 0.995256 
663.525 516.855 699.359 617.898 0 0.992826 
532.834 473.047 568.191 633.318 0 0.990468 
591.312 420.989 632.728 559.992 0 0.988366 
938.826 196.13 969.805 302.112 0 0.987803 
397.806 564.778 433.984 693.561 0 0.98464 
928.607 549.717 969.998 664.881 0 0.978692 
157.964 581.635 187.508 727.191 0 0.976117 
748.424 108.35 763.073 162.809 0 0.971697 
704.163 297.869 732.171 408.318 0 0.966826 
573.56 472.481 606.853 607.44 0 0.946721 
161.054 473.636 198.126 566.315 0 0.945061 
671.403 134.451 691.013 186.484 0 0.914315 
716.773 109.448 734.086 169.058 0 0.911294 
483.145 419.748 508.663 509.608 0 0.907691 
1003.6 384.618 1025.3 480.442 0 0.90458 
246.377 281.939 268.413 345.797 0 0.887806 
644.428 108.044 663.633 179.096 0 0.870874 
219.83 302.706 241.587 346.678 0 0.810863 
353.046 80.4326 373.97 116.736 0 0.810415 
536.488 154.128 558.746 214.67 0 0.76621 
283.768 299.2 301.747 334.72 0 0.747534 
530.988 134.814 551.37 205.001 0 0.736486 
1.36544 5.39995 18.9258 113.201 0 0.717731 
125.889 304.891 147.156 357.918 0 0.65575 
506.565 440.982 530.402 537.358 0 0.655631 
666.873 100.034 684.209 160.581 0 0.641419 
263.727 260.975 282.834 334.495 0 0.614855 
140.641 289.909 164.782 350.746 0 0.591633 
104.182 319.383 127.848 371.573 0 0.587581 
196.871 304.515 214.056 341.759 0 0.580444 
349.747 196.573 370.652 290.242 0 0.537982 
423.879 202.053 443.246 272.535 0 0.532028 
475.067 0 501.004 73.6414 0 0.522338 
391.14 2.35113 414.734 81.5354 0 0.518524 
