841.491 331.014 951.403 565.283 0 0.997339 
73.5124 320.124 211.296 575.447 0 0.997047 
322.924 470.533 420.798 737.537 0 0.990933 
626.455 0 681.196 194.205 0 0.989418 
766.442 356.322 825.297 492.351 0 0.957213 
673.342 54.6656 739.475 209.883 0 0.956022 
425.103 302.584 533.16 560.798 0 0.936592 
442.105 387.654 527.252 647.749 0 0.932441 
657.408 170.407 708.292 308.078 0 0.801529 
878.522 482.658 966.894 640.205 0 0.756809 
614.561 159.811 665.275 256.345 0 0.753737 
523.138 49.7158 554.43 123.353 0 0.577666 
