237.509 310.308 270.692 432.014 0 0.999192 
272.068 424.763 307.131 572.843 0 0.998899 
63.7973 349.378 101.651 464.957 0 0.996888 
757.856 399.801 788.817 542.438 0 0.996031 
476.312 387.455 511.457 521.184 0 0.995168 
683.688 464.895 712.883 595.854 0 0.99322 
631.003 376.826 659.257 511.608 0 0.991845 
319.27 10.7505 344.581 104.453 0 0.991666 
565.464 426.949 590.002 581.135 0 0.991163 
455.265 298.178 487.523 409.02 0 0.99065 
236.601 567.194 285.039 706.22 0 0.982589 
715.267 819.173 756.262 1004.1 0 0.969322 
528.028 541.215 593.058 675.529 0 0.953214 
912.464 241.747 937.929 353.168 0 0.917762 
963.355 260.67 988.69 364.73 0 0.905894 
379.227 22.8398 400.575 126.218 0 0.900151 
195.677 11.7921 212.834 58.6307 0 0.899957 
285.17 8.12208 302.083 102.84 0 0.876865 
15.5469 70.3842 37.4831 97.5656 0 0.74818 
253.964 23.6226 267.501 59.7845 0 0.734422 
407.876 401.014 432.618 457.823 0 0.657671 
365.163 0 383.753 85.8238 0 0.631906 
1000.8 82.2182 1024.4 156.995 0 0.623459 
570.668 125.271 593.57 217.749 0 0.621657 
364.337 113.344 381.338 147.041 0 0.60952 
991.154 308.258 1019.36 376.934 0 0.595158 
37.5258 64.9745 53.5161 95.3633 0 0.585159 
470.169 154.887 484.237 185.088 0 0.548446 
217.566 0 238.815 54.7992 0 0.547781 
797.777 110.85 822.936 162.12 0 0.54074 
211.412 0 775.761 231.11 0 0.530176 
599.244 157.639 622.62 233.27 0 0.523562 
842.273 96.1255 869.518 149.465 0 0.514915 
0.325611 67.1207 8.48062 100.186 0 0.507856 
