167.189 534.711 214.911 765.297 0 0.998271 
365.278 503.785 448.548 712.095 0 0.998096 
0 753.685 46.8791 1014.71 0 0.994794 
28.1985 603.886 95.4057 876.007 0 0.988065 
940.723 105.49 994.15 229.09 0 0.980155 
130.115 350.325 172.885 545.17 0 0.975551 
553.194 388.616 618.788 569.235 0 0.971062 
442.441 578.729 539.696 823.36 0 0.946996 
386.678 83.4421 420.543 218.723 0 0.946586 
507.717 10.5664 534.661 103.257 0 0.84629 
480.808 0 512.553 103.013 0 0.76857 
551.469 11.4281 575.896 115.226 0 0.719665 
527.128 9.55702 553.679 107.183 0 0.715264 
931.8 254.258 964.745 337.538 0 0.697098 
871.538 47.6884 904.873 120.129 0 0.638011 
315.044 147.839 347.617 225.542 0 0.618957 
771.651 60.257 809.671 180.124 0 0.570382 
440.388 0 465.373 86.6431 0 0.530323 
