602.928 380.039 628.986 502.616 0 0.999374 
115.078 672.504 151.869 817.702 0 0.999321 
640.137 363.701 668.473 472.273 0 0.997784 
742.207 747.265 775.744 912.555 0 0.99741 
669.113 378.585 706.044 470.414 0 0.995914 
328.008 622.037 378.428 754.308 0 0.995605 
572 503.608 598.181 596.705 0 0.994839 
695.804 504.438 721.81 621.915 0 0.994828 
309.081 720.836 348.087 848.322 0 0.993748 
258.797 712.917 301.084 859.508 0 0.992967 
513.904 661.255 545.803 787.644 0 0.991709 
931.45 343.749 972.467 442.036 0 0.989745 
444.228 308.974 482.384 403.702 0 0.976535 
848.245 307.899 871.762 399.101 0 0.959232 
0 715.344 15.7121 851.227 0 0.907823 
666.302 93.9119 681.798 153.828 0 0.868356 
271.978 225.364 292.707 306.441 0 0.861219 
920.022 337.387 941.299 433.05 0 0.857813 
760.5 102.16 774.867 144.845 0 0.745049 
921.663 333.696 939.501 391.295 0 0.722987 
97.4573 185.713 118.585 274.682 0 0.717412 
731.96 98.7128 746.035 149.459 0 0.651012 
220.185 253.655 241.974 339.774 0 0.617863 
