915.148 558.92 948.449 721.457 0 0.996856 
665.6 524.9 694.429 657.121 0 0.996693 
204.038 358.877 225.878 439.979 0 0.993986 
702.3 626.458 753.628 795.647 0 0.992278 
500.82 629.715 556.238 778.678 0 0.991806 
417.191 313.491 437.382 392.907 0 0.98758 
457.168 771.157 492.86 972.673 0 0.979556 
812.309 477.785 852.037 589.628 0 0.974719 
834.893 686.962 898.646 818.568 0 0.970495 
664.519 289.736 685.099 378.894 0 0.960039 
477.916 301.104 498.366 387.973 0 0.927494 
2.21036 391.167 23.4183 504.03 0 0.904037 
250.565 370.766 270.182 437.266 0 0.891033 
346.173 554.455 371.202 638.512 0 0.868299 
592.556 292.474 612.647 383.395 0 0.860497 
825.943 248.922 845.493 340.369 0 0.8572 
823.407 516.007 855.187 633.342 0 0.850972 
337.602 343.012 357.753 420.664 0 0.837074 
25.0233 438.142 52.3011 554.131 0 0.834932 
364.21 573.461 395.468 751.819 0 0.806061 
609.435 314.239 630.168 388.382 0 0.801319 
813.57 279.68 828.463 343.013 0 0.797678 
780.384 282.92 800.98 346.29 0 0.759458 
333.237 664.077 383.152 804.122 0 0.742485 
739.703 596.325 760.955 728.781 0 0.734685 
450.787 248.384 467.126 327.453 0 0.725898 
717.022 203.589 737.053 299.231 0 0.723834 
68.0055 389.536 91.7418 493.92 0 0.717747 
536.57 300.162 555.654 388.215 0 0.711832 
903.642 236.867 926.292 322.984 0 0.626515 
475.211 371.73 498.798 437.71 0 0.588697 
269.445 347.911 289.387 421.637 0 0.578182 
857.135 244.237 880.27 322.769 0 0.533115 
320.285 262.885 339.266 344.004 0 0.531308 
144.143 25.577 712.876 389.668 0 0.516645 
139.004 377.546 159.572 473.417 0 0.516483 
