701.915 806.286 765.336 1023.45 0 0.999554 
299.672 501.259 402.929 715.616 0 0.999375 
474.349 448.139 551.445 653.791 0 0.998495 
460.591 747.935 520.227 998.118 0 0.997059 
1.10739 164.289 41.86 328.281 0 0.994475 
157.66 555.296 231.956 788.252 0 0.994138 
626.613 377.303 671.439 581.37 0 0.967744 
828.06 474.128 882.859 713.617 0 0.937303 
838.03 687.801 889.197 971.545 0 0.933204 
394.267 9.35667 424.746 129.209 0 0.877051 
247.195 447.353 315.539 653.302 0 0.842491 
554.895 25.2658 584.306 93.7296 0 0.815651 
79.3444 138.111 139.583 282.87 0 0.810457 
521.205 28.9588 546.922 91.623 0 0.791541 
494.143 35.3356 524.229 87.1722 0 0.788955 
597.456 7.25446 628.602 101.413 0 0.774351 
273.989 105.045 309.467 170.268 0 0.700627 
660.109 27.6171 693.931 76.8958 0 0.563797 
