89.7054 599.808 115.53 716.644 0 0.999027 
1.58662 614.922 22.8618 735.144 0 0.998663 
283.882 642.582 312.037 759.451 0 0.997183 
614.708 616.589 640.576 730.394 0 0.99445 
185.357 554.578 199.528 659.516 0 0.966093 
402.008 528.838 421.894 625.322 0 0.962412 
336.735 351.937 350.364 392.303 0 0.960087 
646.174 373.838 658.384 449.191 0 0.948335 
370.657 522.624 386.944 618.032 0 0.943647 
355.325 524.103 373.631 618.343 0 0.942471 
776.43 497.16 802.708 589.987 0 0.937395 
506.353 567.251 524.465 678.457 0 0.92234 
480.527 564.465 497.779 664.181 0 0.889462 
386.263 521.886 403.485 620.996 0 0.878502 
457.275 554.577 477.209 652.851 0 0.874712 
407.009 64.958 966.975 440.491 0 0.87253 
701.139 384.179 712.917 456.393 0 0.872451 
276.064 363.644 290.399 395.516 0 0.827892 
220.614 366.266 233.446 400.706 0 0.805285 
610.93 380.176 623.673 434.923 0 0.802768 
495.505 350.565 509.935 407.892 0 0.800826 
775.233 399.055 788.994 449.366 0 0.775222 
46.8294 403.27 59.6429 416.934 0 0.768025 
182.729 388.287 193.145 405.969 0 0.759081 
141.896 371.949 156.587 406.236 0 0.72599 
670.689 382.085 685.989 441.621 0 0.720325 
87.8468 398.942 97.7201 413.348 0 0.702092 
425.832 558.461 453.445 656.434 0 0.694563 
159.528 15.3595 665.673 403.336 0 0.652501 
194.803 370.938 208.4 402.871 0 0.617961 
261.361 376.214 273.361 398.198 0 0.594631 
498.143 566.71 513.661 667.132 0 0.589147 
452.703 551.979 469.506 649.173 0 0.567322 
132.197 396.005 142.448 409.747 0 0.554487 
995.676 444.453 1016.61 521.734 0 0.553972 
62.0013 398.944 73.3933 415.194 0 0.54784 
105.231 395.709 115.471 412.572 0 0.544757 
289.592 380.924 299.256 398.392 0 0.539299 
373.539 341.862 387.361 388.254 0 0.529906 
849.18 6.74619 860.848 60.0087 0 0.519886 
997.252 6.78593 1010.37 66.5771 0 0.505138 
