950.537 589.396 973.427 686.884 0 0.997366 
419.465 634.534 443.378 736.619 0 0.99438 
596.982 634.303 619.86 728.153 0 0.993939 
985.042 666.475 1014.86 780.118 0 0.993013 
328.605 703.888 352.754 830.935 0 0.992557 
831.227 683.668 862.558 803.961 0 0.987856 
532.888 646.947 561.04 761.007 0 0.977696 
431.184 427.697 445.683 475.346 0 0.967578 
476.508 582.488 511.97 681.671 0 0.962652 
815.1 565.129 831.445 652.784 0 0.947371 
539.024 555.961 562.682 659.504 0 0.947103 
282.385 536.693 300.736 616.768 0 0.930795 
835.339 628.31 858.275 709.741 0 0.926884 
461.595 431.459 477.047 472.632 0 0.898263 
210.763 463.823 227.124 504.84 0 0.897993 
577.784 529.674 594.317 625.498 0 0.892287 
512.699 573.406 531.842 674.687 0 0.863785 
381.306 436.126 395.833 471.453 0 0.843491 
516.193 431.193 531.398 458.083 0 0.811841 
414.126 428.525 427.874 474.293 0 0.791587 
74.8121 496.616 90.0062 542.417 0 0.767342 
141.028 98.4169 716.433 563.042 0 0.70835 
605.138 508.218 622.394 596.432 0 0.675681 
594.201 514.806 609.323 596.153 0 0.674364 
117.606 482.296 133.908 518.902 0 0.673507 
541.345 436.735 552.394 455.187 0 0.662087 
917.118 431.101 929.432 445.271 0 0.604646 
874.943 434.099 898.202 492.536 0 0.590349 
572.97 396.962 584.868 432.018 0 0.584197 
323.898 466.871 336.93 511.934 0 0.5596 
14.1072 507.778 35.717 586.311 0 0.550014 
662.395 548.714 678.583 641.87 0 0.542683 
265.524 453.825 281.522 487.474 0 0.541617 
838.595 279.268 852.061 323.389 0 0.513127 
318.108 359.903 865.109 822.109 0 0.504904 
