560.33 600.054 594.11 699.761 0 0.997325 
630.594 626.486 661.74 733.481 0 0.996998 
404.232 435.283 429.678 521.669 0 0.996967 
892.865 427.372 916.491 500.011 0 0.996784 
412.469 587.352 443.393 697.04 0 0.99414 
657.671 485.498 676.04 573.321 0 0.986879 
255.075 661.525 277.903 778.843 0 0.983171 
484.692 546.433 507.142 655.098 0 0.982625 
716.05 485.727 734.084 569.043 0 0.981482 
669.729 535.049 688.708 635.773 0 0.955136 
317.798 361.608 329.638 408.681 0 0.952183 
282.425 372.688 299.344 446.609 0 0.915344 
390.52 600.265 425.38 692.389 0 0.914535 
1.13342 486.644 15.8996 532.874 0 0.913932 
509.633 633.424 530.091 746.378 0 0.911644 
117.466 406.334 138.235 468.342 0 0.89246 
440.742 338.906 451.915 385.28 0 0.878834 
26.6054 486.948 42.9488 528.284 0 0.835318 
389.028 353.771 401.453 397.801 0 0.804096 
509.874 324.813 522.25 376.97 0 0.793906 
237.998 380.345 256.486 451.196 0 0.772654 
542.166 319.561 552.987 378.53 0 0.762492 
59.3771 47.8401 659.578 399.744 0 0.73118 
894.07 291.261 908.115 334.605 0 0.715945 
170.567 409.705 190.808 476.967 0 0.71352 
149.513 386.611 161.495 471.552 0 0.675263 
853.358 309.899 866.51 339.754 0 0.666965 
220.827 397.636 236.487 456.777 0 0.651791 
355.776 358.921 369.86 404.052 0 0.651405 
191.17 404.405 209.388 472.355 0 0.650967 
563.376 345.968 576.964 382.945 0 0.621456 
54.3103 471.738 70.269 515.081 0 0.537132 
