764.738 663.316 803.333 807.429 0 0.99742 
184.179 605.617 213.172 738.594 0 0.992484 
744.444 297.757 767.016 407.729 0 0.991074 
518.862 445.717 555.968 579.15 0 0.989521 
180.037 476.645 217.016 570.217 0 0.988991 
424.11 562.768 454.927 687.953 0 0.982778 
563.943 486.896 605.332 633.139 0 0.978359 
664.146 108.358 685.317 182.613 0 0.933959 
432.118 419.311 464.417 558.629 0 0.932825 
940.569 546.304 973.542 666.502 0 0.931942 
621.501 428.072 653.633 499.706 0 0.920586 
487.023 468.045 530.523 585.465 0 0.855064 
629.233 489.456 668.144 618.762 0 0.842424 
689.538 138.995 710.934 189.251 0 0.840551 
394.342 238.703 416.879 295.204 0 0.838428 
702.138 490.73 737.997 617.853 0 0.833313 
493.168 418.273 521.334 493.179 0 0.815342 
767.075 110.387 782.361 162.755 0 0.763923 
441.752 205.355 463.336 280.181 0 0.742407 
128.321 318.961 154.479 373.754 0 0.737215 
243.761 303.981 267.537 347.761 0 0.725458 
735.605 112.977 753.518 174.673 0 0.711279 
272.979 281.858 292.173 344.144 0 0.658337 
205.754 318.617 222.361 339.116 0 0.653936 
685.183 100.857 705.488 172.57 0 0.647369 
370.451 200.821 391.535 284.915 0 0.612554 
973.882 43.9416 1000.15 101.737 0 0.606901 
283.851 259.157 304.475 335.199 0 0.600792 
156.377 297.509 179.478 358.48 0 0.592259 
221.872 304.345 241.051 342.522 0 0.569096 
167.045 289.419 190.695 350.957 0 0.510503 
