804.195 483.968 839.732 588.125 0 0.99432 
131.382 566.519 158.309 693.245 0 0.991924 
399.551 483.784 439.541 588.091 0 0.989134 
304.783 460.421 329.437 563.348 0 0.988271 
723.324 366.956 748.004 456.553 0 0.981821 
618.372 321.63 653.678 414.726 0 0.969102 
10.7451 294.152 38.2118 378.54 0 0.939146 
473.529 464.173 498.018 550.459 0 0.910713 
188.825 0 860.948 223.54 0 0.853025 
492.283 503.504 529.578 598.88 0 0.84452 
29.1074 162.392 52.0737 217.402 0 0.75434 
495.64 170.354 521.726 219.496 0 0.737262 
