244.96 526.805 320.688 663.558 0 0.999287 
168.127 676.302 223.616 833.567 0 0.998586 
199.451 673.849 268.494 867.761 0 0.997523 
119.171 655.917 166.336 823.351 0 0.994689 
699.407 462.829 745.567 582.897 0 0.993949 
277.372 698.236 320.903 899.33 0 0.993151 
368.118 127.659 394.88 252.422 0 0.960405 
248.123 683.498 295.378 880.966 0 0.946742 
310.056 90.1315 335.584 182.945 0 0.933496 
874.681 195.877 901.596 281.099 0 0.909033 
935.485 213.567 963.692 300.836 0 0.889378 
666.058 147.129 686.248 221.855 0 0.875423 
348.004 81.3193 369.097 193.57 0 0.849509 
687.054 152.848 708.054 227.447 0 0.838286 
558.037 169.615 580.838 288.907 0 0.813661 
277.193 88.6317 306.972 184.306 0 0.803507 
825.781 191.288 854.417 268.952 0 0.801 
783.001 131.716 806.452 222.424 0 0.745538 
155.201 27.2721 174.463 56.3769 0 0.701082 
476.342 80.9851 500.648 165.52 0 0.690609 
908.379 211.548 934.031 287.477 0 0.686483 
115.037 16.6857 136.333 58.4751 0 0.673549 
730.323 164.246 751.773 233.342 0 0.660914 
968.066 344.407 1010.58 470.991 0 0.634537 
925.776 171.441 948.457 230.913 0 0.627802 
341.43 88.8581 368.097 242.644 0 0.603984 
365.922 0 912.197 270.408 0 0.560159 
743.331 204.101 769.017 258.539 0 0.557394 
649.277 127.857 669.62 213.495 0 0.539097 
943.255 175.443 971.336 232.309 0 0.528853 
858.075 188.471 880.127 276.627 0 0.506147 
