236.754 477.924 270.916 590.75 0 0.993821 
360.592 525.153 386.279 664.442 0 0.992154 
296.539 535.349 327.871 649.89 0 0.991999 
382.88 511.062 406.217 644.672 0 0.987 
963.21 451.204 989.401 528.804 0 0.971998 
420.846 598.706 477.813 711.914 0 0.954577 
549.24 352.874 572.254 413.305 0 0.902138 
446.771 586.081 484.785 644.259 0 0.881795 
335.297 28.3196 921.862 396.248 0 0.878347 
102.678 311.819 119.419 330.124 0 0.875306 
319.71 282.962 335.019 347.599 0 0.822193 
371.149 488.777 388.896 555.157 0 0.767627 
796.549 387.322 814.547 427.865 0 0.763636 
518.821 348.466 541.674 401.672 0 0.72816 
940.646 336.089 958.403 392.39 0 0.727047 
63.4875 315.727 74.1254 333.789 0 0.711245 
91.4048 230.283 106.946 258.901 0 0.659039 
843.1 401.116 865.624 451.68 0 0.64034 
988.494 324.607 1007.4 402.687 0 0.634228 
215.872 277.787 230.827 337.754 0 0.62744 
156.036 6.80218 710.182 408.489 0 0.622691 
891.726 390.763 911.14 483.79 0 0.615776 
593.897 356.591 616.843 405.681 0 0.61377 
46.5511 318.991 57.4791 334.611 0 0.586339 
434.684 364.84 449.107 384.925 0 0.573551 
