286.769 752.76 317.458 859.725 0 0.999281 
243.086 741.967 280.336 853.26 0 0.997762 
606.427 611.717 631.047 702.746 0 0.997013 
830.393 421.002 864.156 508.525 0 0.996753 
635.126 589.505 660.822 686.425 0 0.996065 
898.112 498.543 920.549 588.883 0 0.994484 
470.941 600.885 489.108 701.151 0 0.994284 
917.376 324.162 931.614 394.405 0 0.993507 
105.578 386.329 130.901 467.452 0 0.992855 
807.452 769.797 831.091 892.676 0 0.991858 
432.772 501.621 461.26 584.231 0 0.988433 
540.372 761.46 574.47 872.726 0 0.986367 
773.856 347.036 793.403 421.048 0 0.976076 
981.219 394.561 1002.66 469.874 0 0.972493 
867.663 184.319 880.359 217.871 0 0.925979 
918.221 189.474 932.836 225.494 0 0.906996 
779.359 175.009 794.601 210.372 0 0.906276 
557.943 409.086 578.245 487.308 0 0.899215 
411.219 0 1015.32 251.02 0 0.88507 
719.712 168.306 732.858 202.294 0 0.880145 
987.72 193.023 1003.91 231.863 0 0.877619 
405.54 167.178 417.679 202.021 0 0.824339 
378.316 159.864 392.888 208.064 0 0.800794 
829.567 202.26 839.589 219.079 0 0.791522 
804.964 238.234 821.452 274.532 0 0.786609 
947.315 213.524 958.763 228.604 0 0.77653 
415.911 161.23 425.792 198.756 0 0.750253 
524.512 147.871 536.448 184.194 0 0.747676 
607.785 160.358 619.141 191.479 0 0.706388 
528.987 408.64 546.696 489.049 0 0.691826 
888.344 206.556 900.706 223.419 0 0.65299 
350.67 171.263 363.418 211.801 0 0.645511 
654.18 164.429 665.909 196.87 0 0.619601 
74.2512 275.054 89.5896 328.279 0 0.557722 
844.015 203.161 854.315 221.002 0 0.545789 
761.423 196.604 771.532 212.722 0 0.521421 
734.805 195.405 746.024 209.931 0 0.521215 
981.165 124.971 994.28 155.867 0 0.507302 
591.078 179.873 599.41 193.931 0 0.50595 
254.621 213.732 268.592 260.992 0 0.50351 
204.248 226.811 218.305 262.735 0 0.502254 
