909.998 563.992 943.219 722.134 0 0.998738 
586.614 538.359 656.206 643.613 0 0.998604 
219.576 676.521 286.411 818.397 0 0.998339 
432.137 788.634 467.908 975.575 0 0.997567 
352.167 582.568 388.186 735.821 0 0.997556 
465.141 611.377 498.353 752.569 0 0.996427 
763.571 698.053 847.792 848.579 0 0.995598 
676.889 629.793 720.842 795.148 0 0.995338 
822.427 479.381 856.425 628.264 0 0.991618 
674.032 521.377 702.142 650.469 0 0.981959 
424.774 310.777 443.705 393.83 0 0.981122 
715.221 589.255 742.049 735.972 0 0.979681 
670.785 285.734 689.884 376.814 0 0.971077 
208.23 352.234 231.422 433.959 0 0.968878 
29.5927 428.746 59.0804 549.717 0 0.968272 
540.28 293.737 561.1 383.333 0 0.947081 
784.372 279.01 805.449 347.72 0 0.941962 
5.81115 390.073 32.1576 506.994 0 0.940022 
480.665 300.864 503.072 385.708 0 0.91403 
344.788 338.493 363.87 415.021 0 0.907787 
860.392 241.936 883.918 317.49 0 0.894629 
75.646 386.998 99.3794 482.827 0 0.893131 
829.611 244.711 851.531 333.117 0 0.891208 
617.12 312.683 636.436 389.937 0 0.878439 
332.17 558.133 360.994 637.909 0 0.865745 
144.823 375.324 164.347 471.217 0 0.859813 
473.168 369.302 498.299 437.354 0 0.820375 
906.597 239.191 927.332 319.952 0 0.754619 
170.121 21.9562 714.713 401.227 0 0.745677 
495.038 365.454 516.102 427.073 0 0.72345 
819.741 278.654 834.271 341.42 0 0.722639 
255.334 365.246 278.281 427.94 0 0.684544 
525.206 368.223 550.474 420.627 0 0.682794 
459.633 245.505 475.169 321.528 0 0.62897 
302.664 173.784 319.194 259.624 0 0.601374 
266.222 298.177 287.214 354.031 0 0.598839 
29.0301 41.6436 542.616 435.178 0 0.562176 
224.329 274.011 245.25 349.733 0 0.560712 
597.429 285.003 614.728 380.907 0 0.552847 
402.822 280.232 417.835 319.757 0 0.520945 
635.315 334.984 657.573 389.317 0 0.505804 
