312.777 725.482 357.432 884.444 0 0.999119 
716.877 645.031 748.729 775.278 0 0.99577 
525.047 698.453 561.681 828.355 0 0.995476 
919.45 541.946 948.154 660.772 0 0.990533 
751.383 661.518 794.727 778.523 0 0.989506 
477.726 700.177 515.323 836.939 0 0.988205 
634.361 652.438 679.541 803.461 0 0.987044 
693.664 397.03 720.557 498.974 0 0.985393 
572.44 562.091 612.047 689.103 0 0.981491 
346.682 366.045 363.447 443.947 0 0.974031 
268.417 588.188 319.938 658.844 0 0.939729 
262.986 392.296 281.519 464.531 0 0.936184 
684.767 320.527 703.812 399.331 0 0.928979 
508.117 344.761 526.868 423.421 0 0.892695 
904.359 312.226 931.132 392.109 0 0.881808 
971.967 541.275 1007.21 678.708 0 0.849686 
209.161 404.85 231.212 477.554 0 0.831237 
942.212 578.093 971.079 692.836 0 0.806358 
76.1193 19.559 658.739 440.649 0 0.792987 
398.196 362.368 419.638 428.414 0 0.752028 
289.584 404.551 306.827 458.058 0 0.74551 
177.746 357.381 196.654 412.977 0 0.739063 
474.962 296.169 492.234 365.577 0 0.729599 
541.323 384.425 560.323 439.165 0 0.708037 
62.5978 355.15 80.017 432.605 0 0.679008 
144.328 414.49 165.274 481.558 0 0.659304 
961.419 527.094 983.646 622.868 0 0.65441 
380.214 312.126 400.687 377.718 0 0.600461 
114.591 370.707 137.145 421.296 0 0.591864 
244.046 12.081 830.212 464.811 0 0.591286 
452.611 296.278 469.777 364.398 0 0.589128 
248.011 347.61 264.09 397.573 0 0.548756 
519.174 404.15 544.683 445.864 0 0.546912 
993.964 320.502 1016.42 373.781 0 0.528966 
