612.562 456.041 642.866 568.542 0 0.997841 
780.337 852.936 821.41 1015.33 0 0.997214 
75.479 357.282 101.683 476.063 0 0.99609 
242.904 358.65 265.295 473.516 0 0.987437 
773.769 417.502 807.398 519.896 0 0.984845 
164.405 609.745 204.426 734.319 0 0.984805 
956.464 275.555 979.424 364.347 0 0.979987 
543.045 469.587 582.337 553.558 0 0.974604 
687.383 497.233 713.822 620.229 0 0.971913 
385.476 39.2583 404.386 121.257 0 0.968299 
432.335 56.6479 452.595 143.592 0 0.967636 
333.916 46.7051 353.756 128.162 0 0.961523 
356.074 42.7509 374.286 116.992 0 0.898594 
671.713 511.507 699.303 640.672 0 0.897197 
366.965 395.823 394.219 484.583 0 0.865163 
68.6534 123.817 82.4004 152.495 0 0.849679 
180.921 455.733 216.144 562.432 0 0.834796 
10.1481 95.9429 34.5639 150.1 0 0.833646 
369.33 364.065 394.126 418.429 0 0.825403 
267.886 19.3889 285.878 55.8494 0 0.766776 
456.261 49.3024 477.649 128.411 0 0.753717 
621.353 162.994 643.603 240.718 0 0.699582 
84.8589 127.089 98.0684 151.334 0 0.685125 
173.9 118.957 188.944 140.955 0 0.678869 
228.452 3.57471 244.567 45.18 0 0.672695 
401.838 0 976.105 284.125 0 0.636648 
140.222 125.196 152.246 144.142 0 0.631176 
583.776 200.364 600.316 228.072 0 0.626586 
315.515 50.8183 332.504 126.094 0 0.583038 
919.264 268.275 940.251 350.128 0 0.546394 
756.654 269.075 771.159 299.068 0 0.535622 
224.286 113.756 237.524 136.684 0 0.533129 
122.355 124.383 136.543 145.516 0 0.515912 
