590.354 500.479 626.517 659.471 0 0.997491 
631.126 510.998 667.025 659.952 0 0.996324 
763.194 578.403 802.653 723.192 0 0.995793 
481.525 506.854 515.466 645.859 0 0.995444 
208.931 304.782 240.2 416.857 0 0.995329 
537.692 475.914 573.574 629.485 0 0.995088 
707.832 567.473 744.823 712.588 0 0.99234 
229.619 410.241 255.177 526.025 0 0.990627 
221.239 510.845 249.364 652.363 0 0.990511 
401.285 367.592 428.246 498.017 0 0.990445 
762.151 492.153 797.202 594.212 0 0.985137 
512.69 507.845 543.907 644.457 0 0.983706 
612.06 680.737 656.252 858.104 0 0.968277 
481.024 164.84 501.346 253.463 0 0.954211 
131.507 171.349 150.226 243.624 0 0.919343 
20.2605 227.199 37.5195 252.23 0 0.887507 
42.4971 220.542 61.9337 250.051 0 0.879883 
557.25 264.718 581.652 341.633 0 0.860481 
521.826 184.976 545.763 291.969 0 0.826523 
541.523 441.46 576.121 508.521 0 0.794005 
463.096 204.81 483.191 288.202 0 0.781855 
63.3736 222.482 81.1944 248.7 0 0.776057 
461.076 162.616 478.394 235.043 0 0.735494 
83.4445 224.599 100.99 246.731 0 0.733588 
215.768 182.138 236.554 246.986 0 0.730167 
37.3993 0 614.133 201.927 0 0.721017 
475.937 13.808 1028.7 382.54 0 0.678039 
593.827 623.095 634.21 781.979 0 0.644182 
235.101 11.6087 784.745 323.666 0 0.62934 
444.199 161.539 462.072 253.343 0 0.612438 
847.928 282.01 875.607 344.881 0 0.556609 
920.408 168.797 943.403 222.039 0 0.533277 
627.094 205.417 644.841 249.168 0 0.520731 
634.751 160.965 660.923 211.376 0 0.511872 
1000.94 346.298 1022.6 409.062 0 0.500069 
