326.833 395.304 371.834 489.299 0 0.999206 
503.729 343.966 534.16 428.487 0 0.994998 
121.727 590.079 169.146 709.262 0 0.99276 
873.947 355.285 900.086 459.587 0 0.992132 
175.977 423.263 226.965 520.95 0 0.99148 
6.72664 583.762 39.2042 703.781 0 0.987494 
117.015 418.193 141.369 532.279 0 0.9857 
663.238 374.108 699.94 461.82 0 0.985228 
586.841 448.44 624.154 545.777 0 0.97544 
506.486 485.719 549.48 602.513 0 0.965682 
791.174 841.775 829.403 999.516 0 0.959296 
243.926 416.051 269.791 500.147 0 0.89547 
236.209 428.724 266.798 509.9 0 0.869852 
897.938 503.877 926.607 625.05 0 0.849387 
1001.83 382.366 1022.98 484.814 0 0.836546 
500.759 270.668 528.5 336.837 0 0.749183 
