123.454 468.782 183.06 635.882 0 0.999269 
31.2569 342.381 66.4098 546.257 0 0.995981 
265.841 550.663 307.98 794.601 0 0.995271 
229.868 371.315 264.516 569.965 0 0.994136 
204.823 331.602 238.725 517.783 0 0.992812 
396.884 517.715 431.473 711.911 0 0.991542 
960.531 250.722 991.287 380.532 0 0.983325 
172 593.747 228.884 846.088 0 0.977345 
515.607 786.898 594.042 1004.15 0 0.967418 
782.129 542.27 826.134 737.039 0 0.95604 
537.092 361.291 595.956 505.341 0 0.88142 
369.928 59.1439 399.77 182.843 0 0.847499 
0.780396 335.542 22.4728 609.201 0 0.836311 
685.858 48.835 714.784 123.903 0 0.778395 
321.268 81.9716 351 169.268 0 0.725098 
733.616 51.6881 758.908 140.857 0 0.710988 
24.783 330.607 58.2115 523.522 0 0.68484 
616.601 37.2178 643.354 112.675 0 0.649698 
925.575 24.2678 950.92 80.3756 0 0.610339 
4.33862 34.5287 19.7093 66.4924 0 0.607599 
214.502 1.05392 239.471 54.4131 0 0.587965 
192.079 1.37931 215.337 53.3258 0 0.553736 
421.335 134.089 448.503 198.532 0 0.541973 
867.072 282.383 897.909 348.787 0 0.525088 
827.138 86.7595 862.447 157.287 0 0.516407 
