752.765 455.028 792.824 597.375 0 0.997 
801.681 605.102 838.757 795.909 0 0.988007 
62.6807 406.485 93.666 544.84 0 0.987251 
823.945 373.709 858.284 523.003 0 0.986168 
743.767 339.006 773.966 471.32 0 0.978472 
578.566 477.759 621.979 614.295 0 0.977642 
61.9709 657.654 120.351 826.075 0 0.967627 
719.033 745.303 758.002 914.133 0 0.947802 
752.401 177.505 771.078 258.877 0 0.946956 
186.864 234.891 213.003 284.384 0 0.919693 
722.328 204.701 744.495 265.122 0 0.894666 
559.799 142.283 596.476 276.798 0 0.870623 
524.67 262.779 548.806 328.526 0 0.822518 
45.3869 301.873 63.3065 333.941 0 0.803901 
64.3269 268.655 88.2673 323.375 0 0.800379 
797.427 207.956 817.494 243.894 0 0.793837 
25.7703 303.282 48.0935 348.605 0 0.790396 
232.676 443.823 264.105 558.999 0 0.779384 
143.845 229.263 173.049 275.001 0 0.768268 
714.326 10.1464 741.74 96.3886 0 0.701043 
107.991 395.977 136.569 530.025 0 0.655934 
235.613 0 781.146 329.139 0 0.655081 
694.959 227.308 712.188 260.622 0 0.633945 
623.254 45.4327 645.716 97.6232 0 0.631826 
492.736 91.4836 517.25 151.597 0 0.628691 
