283.08 623.398 321.476 767.438 0 0.999357 
786.26 487.547 832.941 594.939 0 0.99786 
519.68 627.345 562.982 772.722 0 0.997497 
39.9602 587.621 77.5627 725.044 0 0.996664 
826.428 515.407 858.607 626.829 0 0.99644 
520.73 527.525 564.95 645.85 0 0.996043 
666.278 391.183 693.041 506.275 0 0.994446 
707.596 436.319 740.619 541.083 0 0.994019 
609.803 425.04 642.287 541.831 0 0.992732 
170.315 551.81 211.46 695.17 0 0.991454 
638.852 533.178 673.315 651.802 0 0.986779 
152.791 711.655 205.468 857.947 0 0.985075 
681.779 241.095 698.649 322.847 0 0.984798 
290.328 303.172 309.648 367.305 0 0.966889 
623.654 243.006 639.62 321.609 0 0.959406 
474.63 265.888 492.138 329.915 0 0.949593 
782.093 235.952 798.965 291.945 0 0.947813 
152.339 359.157 171.852 449.625 0 0.930311 
48.6644 348.784 70.2509 440.349 0 0.924596 
389.881 505.999 417.465 626.105 0 0.920438 
391.253 440.441 421.102 530.671 0 0.908044 
822.111 206.639 842.706 283.481 0 0.907099 
638.159 262.628 652.199 325.208 0 0.903475 
174.689 326.235 199.141 420.505 0 0.893499 
122.87 369.406 147.187 462.787 0 0.889679 
36.5151 419.655 57.7721 496.053 0 0.88778 
2.05905 349.716 22.8474 437.398 0 0.879174 
403.138 288.786 422.029 352.48 0 0.831944 
538.203 313.198 557.592 363.428 0 0.826322 
755.908 245.523 771.388 302.441 0 0.818 
122.034 335.567 142.401 390.291 0 0.769815 
500.511 210.621 514.732 277.111 0 0.728297 
346.093 294.321 364.513 367.322 0 0.712084 
45.5207 24.0965 644.647 361.749 0 0.680268 
522.403 252.5 541.44 320.713 0 0.661735 
238.084 21.7846 835.16 350.102 0 0.652081 
0.756716 430.033 18.7673 498.334 0 0.624262 
428.972 518.809 450.734 631.649 0 0.622446 
431.605 583.829 502.329 644.044 0 0.615466 
524.645 314.748 539.454 365.813 0 0.555668 
570.639 251.763 591.75 316.321 0 0.527622 
414.76 7.62704 954.126 341.045 0 0.519695 
332.983 312.542 346.508 366.641 0 0.519105 
848.661 204.03 867.682 271.685 0 0.514187 
