699.388 356.183 735.427 556.181 0 0.998797 
905.136 372.561 955.065 551.944 0 0.99804 
244.849 642.045 305.52 878.164 0 0.997489 
865.178 272.239 896.174 432.606 0 0.996859 
450.611 431.532 516.254 576.704 0 0.995839 
428.584 278.796 496.059 416.401 0 0.995623 
614.094 387.085 653.022 576.688 0 0.994299 
811.531 375.306 859.344 574.061 0 0.992184 
502.966 372.762 554.203 553.71 0 0.985987 
248.187 89.7877 274.699 229.839 0 0.978456 
154.492 132.648 192.185 240.878 0 0.965107 
628.079 328.352 664.103 459.613 0 0.884853 
36.0282 236.348 67.7832 317.166 0 0.861269 
551.204 0.738326 569.188 86.4676 0 0.805397 
75.7603 162.1 116.625 297.771 0 0.694855 
434.949 19.4307 462.608 134.999 0 0.679715 
892.115 0.536919 921.188 40.6823 0 0.647797 
26.9307 144.88 54.5851 231.724 0 0.57104 
689.26 43.3571 713.866 107.845 0 0.552857 
620.547 35.6869 639.428 85.8419 0 0.533413 
45.1784 24.28 72.3732 116.126 0 0.532593 
296.902 1.08115 322.315 52.5489 0 0.502132 
