56.6446 450.09 73.4582 577.326 0 0.998565 
327.644 418.353 355.406 505.866 0 0.998356 
603.202 570.98 630.801 703.245 0 0.995273 
564.626 510.898 596.955 623.403 0 0.992825 
362.563 173.26 381.423 245.848 0 0.990938 
723.587 838.51 764.991 988.849 0 0.990033 
241.508 479.141 267.801 619.135 0 0.987055 
643.769 485.758 668.337 569.638 0 0.984249 
672.193 511.005 697.87 637.933 0 0.978566 
563.801 445.172 585.488 519.424 0 0.965944 
865.555 373.229 884.19 458.097 0 0.963484 
233.096 623.258 263.057 751.525 0 0.947524 
467.332 462.85 494.398 577.961 0 0.9218 
273.536 154.573 290.619 230.979 0 0.896284 
326.332 149.063 344.093 239.351 0 0.850393 
52.3335 196.042 71.361 245.436 0 0.811168 
221.384 180.669 234.393 234.769 0 0.786961 
416.243 479.111 439.327 531.602 0 0.770682 
119.824 225.869 135.633 248.938 0 0.763557 
396.51 21.1393 979.872 426.581 0 0.726088 
282.469 11.2874 828.468 343.961 0 0.722094 
212.135 130.854 228.17 172.948 0 0.721473 
392.939 159.228 411.926 239.317 0 0.686591 
722.249 225.293 739.004 270.267 0 0.669783 
298.44 150.671 315.997 233.658 0 0.636495 
434.29 489.891 467.002 532.326 0 0.599985 
205.651 182.604 218.384 233.415 0 0.573709 
424.808 480.766 456.943 533.174 0 0.572812 
89.0736 231.202 100.836 252.013 0 0.571058 
69.7628 232.854 84.5335 254.001 0 0.564106 
100.426 226.21 113.613 249.924 0 0.540209 
238.719 17.7923 252.702 53.9321 0 0.537953 
825.513 360.698 842.631 431.991 0 0.534148 
563.84 258.535 582.768 330.726 0 0.524368 
543.865 268.486 566.578 333.936 0 0.524052 
18.9997 229.838 32.588 259.762 0 0.503821 
