877.332 479.354 943.958 640.25 0 0.998795 
71.6716 337.902 106.338 544.802 0 0.997009 
280.345 473.657 334.005 664.683 0 0.995651 
718.43 523.667 766.858 757.816 0 0.994541 
418.112 458.592 473.351 644.758 0 0.98885 
594.099 829.023 640.931 1014.98 0 0.985212 
219.415 337.411 259.631 540.871 0 0.98218 
352.546 579.916 398.434 808.037 0 0.978263 
131.046 703.976 205.013 960.057 0 0.975644 
473.917 320.766 514.297 505.22 0 0.965011 
822.394 555.948 903.611 673.56 0 0.952216 
352.59 0 384.065 83.0668 0 0.765306 
809.183 141.471 840.941 252.317 0 0.703641 
415.12 0.515617 441.099 71.3333 0 0.669413 
