439.259 653.427 471.431 832.902 0 0.99722 
509.136 435.917 575.167 561.754 0 0.997151 
377.482 635.885 419.587 797.871 0 0.997117 
192.397 396.89 224.767 532.556 0 0.992061 
48.868 576.024 92.48 767.91 0 0.98853 
499.939 696.479 543.984 872.938 0 0.982049 
337.911 375.777 371.761 494.724 0 0.98142 
99.8159 341.029 144.636 483.551 0 0.978181 
722.98 389.546 772.981 508.006 0 0.97812 
483.926 594.201 519.154 766.384 0 0.976015 
300.635 436.243 340.163 585.627 0 0.970116 
741.155 595.911 781.03 780.197 0 0.907237 
783.934 185.322 806.2 254.553 0 0.813877 
973.255 57.7789 1003.53 116.992 0 0.68814 
845.764 18.0187 872.345 70.2098 0 0.650356 
713.003 163.048 740.029 209.248 0 0.55128 
