149.404 738.577 198.221 981.561 0 0.99959 
191.062 649.992 248.737 895.288 0 0.999585 
303.344 660.969 363.879 882.587 0 0.998366 
21.7922 432.535 59.5656 613.789 0 0.993658 
228.233 585.692 280.52 805.526 0 0.988237 
669.706 485.46 742.139 641.829 0 0.982936 
310.178 546.417 357.993 683.646 0 0.956222 
952.265 328.62 990.727 471.092 0 0.945209 
601.095 96.53 624.042 187.219 0 0.902337 
379.902 24.5556 408.416 123.171 0 0.891337 
905.814 184.465 936.033 275.612 0 0.885542 
341.047 19.7563 369.561 95.4232 0 0.876473 
574.005 79.754 598.994 177.038 0 0.864673 
837.449 155.367 866.075 255.692 0 0.853785 
921.983 131.726 953.341 201.942 0 0.831213 
189.835 18.7915 215.802 142.72 0 0.825113 
998.227 193.226 1023.86 297.963 0 0.824676 
934.227 183.485 959.762 279.885 0 0.823626 
194.692 19.1458 213.087 60.087 0 0.804344 
257.213 92.4271 287.416 219.744 0 0.777657 
951.736 189.291 979.093 282.018 0 0.759946 
732.81 82.0773 759.459 192.614 0 0.75962 
762.052 66.454 791.118 154.537 0 0.75444 
442.317 48.6414 465.855 140.643 0 0.732556 
153.12 11.4428 182.921 56.5303 0 0.724411 
487.083 165.581 525.173 292.493 0 0.716625 
315.147 16.8363 334.774 56.9661 0 0.688918 
231.42 24.5325 255.714 57.7209 0 0.685971 
202.513 172.314 231.806 218.331 0 0.645781 
389.03 129.135 411.106 265.075 0 0.630251 
461.522 72.6774 484.504 142.818 0 0.619634 
621.19 98.0993 643.009 188.81 0 0.574278 
548.316 167.847 580.308 296.175 0 0.560277 
225.658 100.961 251.795 206.062 0 0.551082 
299.495 14.8422 316.246 56.4627 0 0.536063 
482.767 69.7211 500.556 99.7885 0 0.522841 
748.028 53.6669 770.344 120.822 0 0.520165 
563.907 0 1006.74 238.598 0 0.518978 
651.261 114.053 675.904 192.758 0 0.518622 
841.065 41.0538 869.14 98.2433 0 0.511387 
726.521 289.421 756.858 355.316 0 0.502477 
