869.804 658.907 903.05 799.286 0 0.999691 
696.802 571.835 748.064 698.039 0 0.998664 
343.321 357.184 371.909 470.628 0 0.998411 
213.972 673.862 248.086 807.397 0 0.998182 
486.896 492.993 511.054 618.445 0 0.997633 
219.527 246.799 242.004 340.779 0 0.995679 
194.845 270.657 220.396 375.681 0 0.995265 
307.88 358.591 343.275 476.602 0 0.994626 
738.571 424.589 765.433 549.755 0 0.994317 
925.735 625.588 949.955 779.057 0 0.990832 
413.633 221.781 434.52 312.302 0 0.99075 
331.719 212.01 350.719 296.101 0 0.989013 
516.708 282.654 550.854 389.476 0 0.964553 
0 495.938 16.8114 622.785 0 0.962394 
486.819 14.7068 500.729 60.4855 0 0.828576 
327.781 30.7693 344.026 58.7581 0 0.828468 
911.45 234.93 950.489 341.362 0 0.801294 
548.486 25.7933 565.119 65.8556 0 0.779671 
145.862 36.645 161.345 56.3412 0 0.719582 
412.765 53.8488 423.422 68.0552 0 0.637788 
237.635 32.2516 252.608 56.0334 0 0.637172 
451.133 50.218 462.668 65.018 0 0.559044 
642.373 27.8989 657.729 73.8604 0 0.506709 
